# Angstrom [air],  flux [abs.cor.cont.sub+1]
       6545.2194       1.0145756
       6545.2368       1.0127449
       6545.2542       1.0109239
       6545.2716       1.0091028
       6545.2890       1.0072613
       6545.3064       1.0054333
       6545.3238       1.0037499
       6545.3413       1.0024360
       6545.3587       1.0017535
       6545.3761       1.0019154
       6545.3935       1.0030086
       6545.4109       1.0049466
       6545.4283       1.0074940
       6545.4457       1.0103409
       6545.4631       1.0131867
       6545.4805       1.0158143
       6545.4980       1.0181279
       6545.5154       1.0201484
       6545.5328       1.0219753
       6545.5502       1.0237311
       6545.5676       1.0255058
       6545.5850       1.0273182
       6545.6024       1.0291009
       6545.6198       1.0307136
       6545.6372       1.0319806
       6545.6547       1.0327432
       6545.6721       1.0329183
       6545.6895       1.0325444
       6545.7069       1.0318036
       6545.7243       1.0310087
       6545.7417       1.0305562
       6545.7591       1.0308621
       6545.7765       1.0322971
       6545.7939       1.0351405
       6545.8114       1.0395558
       6545.8288       1.0455815
       6545.8462       1.0531260
       6545.8636       1.0619638
       6545.8810       1.0717400
       6545.8984       1.0819941
       6545.9158       1.0922108
       6545.9332       1.1018897
       6545.9506       1.1106154
       6545.9681       1.1181048
       6545.9855       1.1242166
       6546.0029       1.1289186
       6546.0203       1.1322294
       6546.0377       1.1341545
       6546.0551       1.1346429
       6546.0725       1.1335838
       6546.0899       1.1308334
       6546.1073       1.1262684
       6546.1248       1.1198364
       6546.1422       1.1115845
       6546.1596       1.1016608
       6546.1770       1.0902957
       6546.1944       1.0777813
       6546.2118       1.0644597
       6546.2292       1.0507205
       6546.2466       1.0369957
       6546.2640       1.0237370
       6546.2815       1.0113741
       6546.2989       1.0002661
       6546.3163      0.99066690
       6546.3337      0.98272260
       6546.3511      0.97649821
       6546.3685      0.97201515
       6546.3859      0.96927152
       6546.4033      0.96822764
       6546.4207      0.96876288
       6546.4382      0.97063306
       6546.4556      0.97346389
       6546.4730      0.97680002
       6546.4904      0.98019743
       6546.5078      0.98332128
       6546.5252      0.98600654
       6546.5426      0.98825930
       6546.5600      0.99020699
       6546.5774      0.99202769
       6546.5949      0.99388988
       6546.6123      0.99591854
       6546.6297      0.99818479
       6546.6471       1.0007062
       6546.6645       1.0034477
       6546.6819       1.0063224
       6546.6993       1.0091984
       6546.7167       1.0119223
       6546.7341       1.0143555
       6546.7516       1.0164089
       6546.7690       1.0180636
       6546.7864       1.0193649
       6546.8038       1.0203943
       6546.8212       1.0212320
       6546.8386       1.0219270
       6546.8560       1.0224880
       6546.8734       1.0228942
       6546.8908       1.0231185
       6546.9083       1.0231531
       6546.9257       1.0230274
       6546.9431       1.0228117
       6546.9605       1.0226031
       6546.9779       1.0224961
       6546.9953       1.0225459
       6547.0127       1.0227402
       6547.0301       1.0229932
       6547.0475       1.0231641
       6547.0649       1.0230937
       6547.0824       1.0226405
       6547.0998       1.0217003
       6547.1172       1.0202048
       6547.1346       1.0181060
       6547.1520       1.0153635
       6547.1694       1.0119527
       6547.1868       1.0078983
       6547.2042       1.0033255
       6547.2216      0.99850200
       6547.2391      0.99384167
       6547.2565      0.98985392
       6547.2739      0.98704423
       6547.2913      0.98579928
       6547.3087      0.98629924
       6547.3261      0.98848853
       6547.3435      0.99211076
       6547.3609      0.99677877
       6547.3783       1.0020503
       6547.3958       1.0075076
       6547.4132       1.0127880
       6547.4306       1.0176024
       6547.4480       1.0217441
       6547.4654       1.0250926
       6547.4828       1.0276145
       6547.5002       1.0293600
       6547.5176       1.0304543
       6547.5350       1.0310801
       6547.5525       1.0314507
       6547.5699       1.0317738
       6547.5873       1.0322141
       6547.6047       1.0328617
       6547.6221       1.0337188
       6547.6395       1.0347056
       6547.6569       1.0356861
       6547.6743       1.0365045
       6547.6917       1.0370243
       6547.7092       1.0371593
       6547.7266       1.0368868
       6547.7440       1.0362416
       6547.7614       1.0352941
       6547.7788       1.0341261
       6547.7962       1.0328165
       6547.8136       1.0314439
       6547.8310       1.0300991
       6547.8484       1.0288909
       6547.8659       1.0279320
       6547.8833       1.0273019
       6547.9007       1.0270058
       6547.9181       1.0269509
       6547.9355       1.0269618
       6547.9529       1.0268297
       6547.9703       1.0263737
       6547.9877       1.0254828
       6548.0051       1.0241128
       6548.0226       1.0222522
       6548.0400       1.0198577
       6548.0574       1.0168207
       6548.0748       1.0129856
       6548.0922       1.0082255
       6548.1096       1.0025488
       6548.1270      0.99619015
       6548.1444      0.98963634
       6548.1618      0.98356598
       6548.1793      0.97871513
       6548.1967      0.97571606
       6548.2141      0.97496410
       6548.2315      0.97655252
       6548.2489      0.98028398
       6548.2663      0.98573878
       6548.2837      0.99236630
       6548.3011      0.99957096
       6548.3185       1.0067784
       6548.3360       1.0134824
       6548.3534       1.0192792
       6548.3708       1.0238946
       6548.3882       1.0272047
       6548.4056       1.0292422
       6548.4230       1.0301832
       6548.4404       1.0303105
       6548.4578       1.0299576
       6548.4752       1.0294472
       6548.4927       1.0290414
       6548.5101       1.0289167
       6548.5275       1.0291652
       6548.5449       1.0298123
       6548.5623       1.0308348
       6548.5797       1.0321676
       6548.5971       1.0337000
       6548.6145       1.0352724
       6548.6319       1.0366845
       6548.6494       1.0377180
       6548.6668       1.0381724
       6548.6842       1.0379076
       6548.7016       1.0368610
       6548.7190       1.0350610
       6548.7364       1.0326249
       6548.7538       1.0297507
       6548.7712       1.0267033
       6548.7886       1.0237966
       6548.8061       1.0213665
       6548.8235       1.0197334
       6548.8409       1.0191568
       6548.8583       1.0197902
       6548.8757       1.0216487
       6548.8931       1.0245994
       6548.9105       1.0283790
       6548.9279       1.0326365
       6548.9453       1.0369914
       6548.9627       1.0410976
       6548.9802       1.0446961
       6548.9976       1.0476462
       6549.0150       1.0499249
       6549.0324       1.0515943
       6549.0498       1.0527485
       6549.0672       1.0534598
       6549.0846       1.0537469
       6549.1020       1.0535791
       6549.1194       1.0529121
       6549.1369       1.0517365
       6549.1543       1.0501146
       6549.1717       1.0481841
       6549.1891       1.0461309
       6549.2065       1.0441425
       6549.2239       1.0423694
       6549.2413       1.0409058
       6549.2587       1.0397959
       6549.2761       1.0390499
       6549.2936       1.0386576
       6549.3110       1.0385932
       6549.3284       1.0388044
       6549.3458       1.0392177
       6549.3632       1.0397402
       6549.3806       1.0402661
       6549.3980       1.0406806
       6549.4154       1.0408628
       6549.4328       1.0406918
       6549.4503       1.0400655
       6549.4677       1.0389293
       6549.4851       1.0373052
       6549.5025       1.0353024
       6549.5199       1.0331005
       6549.5373       1.0309056
       6549.5547       1.0288960
       6549.5721       1.0271779
       6549.5895       1.0257702
       6549.6070       1.0246245
       6549.6244       1.0236717
       6549.6418       1.0228766
       6549.6592       1.0222766
       6549.6766       1.0219872
       6549.6940       1.0221695
       6549.7114       1.0229717
       6549.7288       1.0244671
       6549.7462       1.0266149
       6549.7637       1.0292575
       6549.7811       1.0321556
       6549.7985       1.0350456
       6549.8159       1.0376952
       6549.8333       1.0399416
       6549.8507       1.0417039
       6549.8681       1.0429750
       6549.8855       1.0438024
       6549.9029       1.0442664
       6549.9204       1.0444572
       6549.9378       1.0444517
       6549.9552       1.0442912
       6549.9726       1.0439676
       6549.9900       1.0434244
       6550.0074       1.0425752
       6550.0248       1.0413377
       6550.0422       1.0396707
       6550.0596       1.0376031
       6550.0771       1.0352457
       6550.0945       1.0327790
       6550.1119       1.0304217
       6550.1293       1.0283850
       6550.1467       1.0268268
       6550.1641       1.0258192
       6550.1815       1.0253379
       6550.1989       1.0252769
       6550.2163       1.0254812
       6550.2338       1.0257861
       6550.2512       1.0260553
       6550.2686       1.0262084
       6550.2860       1.0262354
       6550.3034       1.0261943
       6550.3208       1.0261898
       6550.3382       1.0263357
       6550.3556       1.0267101
       6550.3730       1.0273171
       6550.3905       1.0280737
       6550.4079       1.0288295
       6550.4253       1.0294166
       6550.4427       1.0297101
       6550.4601       1.0296762
       6550.4775       1.0293857
       6550.4949       1.0289911
       6550.5123       1.0286769
       6550.5297       1.0286049
       6550.5472       1.0288747
       6550.5646       1.0295096
       6550.5820       1.0304690
       6550.5994       1.0316789
       6550.6168       1.0330663
       6550.6342       1.0345816
       6550.6516       1.0362075
       6550.6690       1.0379406
       6550.6864       1.0397625
       6550.7038       1.0416115
       6550.7213       1.0433724
       6550.7387       1.0448876
       6550.7561       1.0459888
       6550.7735       1.0465339
       6550.7909       1.0464388
       6550.8083       1.0456941
       6550.8257       1.0443679
       6550.8431       1.0425978
       6550.8605       1.0405796
       6550.8780       1.0385510
       6550.8954       1.0367692
       6550.9128       1.0354769
       6550.9302       1.0348585
       6550.9476       1.0349963
       6550.9650       1.0358448
       6550.9824       1.0372374
       6550.9998       1.0389305
       6551.0172       1.0406703
       6551.0347       1.0422591
       6551.0521       1.0435939
       6551.0695       1.0446663
       6551.0869       1.0455243
       6551.1043       1.0462190
       6551.1217       1.0467574
       6551.1391       1.0470851
       6551.1565       1.0471039
       6551.1739       1.0467202
       6551.1914       1.0459019
       6551.2088       1.0447194
       6551.2262       1.0433519
       6551.2436       1.0420510
       6551.2610       1.0410765
       6551.2784       1.0406206
       6551.2958       1.0407567
       6551.3132       1.0414344
       6551.3306       1.0425090
       6551.3481       1.0437976
       6551.3655       1.0451344
       6551.3829       1.0464063
       6551.4003       1.0475589
       6551.4177       1.0485779
       6551.4351       1.0494616
       6551.4525       1.0502038
       6551.4699       1.0507932
       6551.4873       1.0512279
       6551.5048       1.0515291
       6551.5222       1.0517405
       6551.5396       1.0519124
       6551.5570       1.0520751
       6551.5744       1.0522172
       6551.5918       1.0522783
       6551.6092       1.0521591
       6551.6266       1.0517457
       6551.6440       1.0509412
       6551.6615       1.0496978
       6551.6789       1.0480422
       6551.6963       1.0460869
       6551.7137       1.0440213
       6551.7311       1.0420804
       6551.7485       1.0404973
       6551.7659       1.0394518
       6551.7833       1.0390277
       6551.8007       1.0391906
       6551.8182       1.0397930
       6551.8356       1.0406064
       6551.8530       1.0413768
       6551.8704       1.0418906
       6551.8878       1.0420336
       6551.9052       1.0418210
       6551.9226       1.0413864
       6551.9400       1.0409288
       6551.9574       1.0406265
       6551.9749       1.0405630
       6551.9923       1.0406793
       6552.0097       1.0407715
       6552.0271       1.0405300
       6552.0445       1.0396066
       6552.0619       1.0376913
       6552.0793       1.0345816
       6552.0967       1.0302329
       6552.1141       1.0247829
       6552.1316       1.0185439
       6552.1490       1.0119637
       6552.1664       1.0055610
       6552.1838      0.99985181
       6552.2012      0.99528440
       6552.2186      0.99219768
       6552.2360      0.99080285
       6552.2534      0.99117977
       6552.2708      0.99327803
       6552.2883      0.99692078
       6552.3057       1.0018190
       6552.3231       1.0076050
       6552.3405       1.0138852
       6552.3579       1.0203007
       6552.3753       1.0265731
       6552.3927       1.0325227
       6552.4101       1.0380516
       6552.4275       1.0431047
       6552.4449       1.0476277
       6552.4624       1.0515419
       6552.4798       1.0547471
       6552.4972       1.0571513
       6552.5146       1.0587107
       6552.5320       1.0594592
       6552.5494       1.0595077
       6552.5668       1.0590085
       6552.5842       1.0581079
       6552.6016       1.0568966
       6552.6191       1.0554029
       6552.6365       1.0536291
       6552.6539       1.0516109
       6552.6713       1.0494690
       6552.6887       1.0474228
       6552.7061       1.0457560
       6552.7235       1.0447457
       6552.7409       1.0445852
       6552.7583       1.0453286
       6552.7758       1.0468789
       6552.7932       1.0490197
       6552.8106       1.0514807
       6552.8280       1.0540127
       6552.8454       1.0564469
       6552.8628       1.0587202
       6552.8802       1.0608617
       6552.8976       1.0629509
       6552.9150       1.0650697
       6552.9325       1.0672673
       6552.9499       1.0695480
       6552.9673       1.0718796
       6552.9847       1.0742064
       6553.0021       1.0764586
       6553.0195       1.0785527
       6553.0369       1.0803915
       6553.0543       1.0818708
       6553.0717       1.0828990
       6553.0892       1.0834226
       6553.1066       1.0834467
       6553.1240       1.0830385
       6553.1414       1.0823105
       6553.1588       1.0813879
       6553.1762       1.0803715
       6553.1936       1.0793096
       6553.2110       1.0781870
       6553.2284       1.0769355
       6553.2459       1.0754671
       6553.2633       1.0737158
       6553.2807       1.0716748
       6553.2981       1.0694164
       6553.3155       1.0670862
       6553.3329       1.0648764
       6553.3503       1.0629852
       6553.3677       1.0615788
       6553.3851       1.0607620
       6553.4026       1.0605651
       6553.4200       1.0609444
       6553.4374       1.0617966
       6553.4548       1.0629829
       6553.4722       1.0643570
       6553.4896       1.0657920
       6553.5070       1.0671975
       6553.5244       1.0685224
       6553.5418       1.0697448
       6553.5593       1.0708535
       6553.5767       1.0718323
       6553.5941       1.0726537
       6553.6115       1.0732865
       6553.6289       1.0737125
       6553.6463       1.0739439
       6553.6637       1.0740311
       6553.6811       1.0740576
       6553.6985       1.0741211
       6553.7160       1.0743110
       6553.7334       1.0746904
       6553.7508       1.0752879
       6553.7682       1.0760999
       6553.7856       1.0770981
       6553.8030       1.0782371
       6553.8204       1.0794608
       6553.8378       1.0807078
       6553.8552       1.0819179
       6553.8727       1.0830372
       6553.8901       1.0840240
       6553.9075       1.0848451
       6553.9249       1.0854696
       6553.9423       1.0858646
       6553.9597       1.0859961
       6553.9771       1.0858409
       6553.9945       1.0854030
       6554.0119       1.0847285
       6554.0294       1.0839092
       6554.0468       1.0830734
       6554.0642       1.0823658
       6554.0816       1.0819222
       6554.0990       1.0818474
       6554.1164       1.0821951
       6554.1338       1.0829539
       6554.1512       1.0840388
       6554.1686       1.0852956
       6554.1860       1.0865211
       6554.2035       1.0874987
       6554.2209       1.0880441
       6554.2383       1.0880427
       6554.2557       1.0874686
       6554.2731       1.0863771
       6554.2905       1.0848769
       6554.3079       1.0830977
       6554.3253       1.0811674
       6554.3427       1.0792057
       6554.3602       1.0773271
       6554.3776       1.0756449
       6554.3950       1.0742621
       6554.4124       1.0732526
       6554.4298       1.0726362
       6554.4472       1.0723629
       6554.4646       1.0723151
       6554.4820       1.0723339
       6554.4994       1.0722637
       6554.5169       1.0720038
       6554.5343       1.0715505
       6554.5517       1.0710104
       6554.5691       1.0705711
       6554.5865       1.0704489
       6554.6039       1.0708253
       6554.6213       1.0717972
       6554.6387       1.0733550
       6554.6561       1.0753905
       6554.6736       1.0777258
       6554.6910       1.0801502
       6554.7084       1.0824555
       6554.7258       1.0844669
       6554.7432       1.0860652
       6554.7606       1.0872008
       6554.7780       1.0878927
       6554.7954       1.0882154
       6554.8128       1.0882747
       6554.8303       1.0881841
       6554.8477       1.0880466
       6554.8651       1.0879483
       6554.8825       1.0879593
       6554.8999       1.0881355
       6554.9173       1.0885164
       6554.9347       1.0891160
       6554.9521       1.0899134
       6554.9695       1.0908520
       6554.9870       1.0918537
       6555.0044       1.0928506
       6555.0218       1.0938225
       6555.0392       1.0948259
       6555.0566       1.0959984
       6555.0740       1.0975321
       6555.0914       1.0996194
       6555.1088       1.1023874
       6555.1262       1.1058433
       6555.1437       1.1098487
       6555.1611       1.1141330
       6555.1785       1.1183389
       6555.1959       1.1220906
       6555.2133       1.1250633
       6555.2307       1.1270328
       6555.2481       1.1279068
       6555.2655       1.1277340
       6555.2829       1.1266870
       6555.3004       1.1250219
       6555.3178       1.1230201
       6555.3352       1.1209268
       6555.3526       1.1189050
       6555.3700       1.1170136
       6555.3874       1.1152104
       6555.4048       1.1133716
       6555.4222       1.1113198
       6555.4396       1.1088609
       6555.4571       1.1058331
       6555.4745       1.1021656
       6555.4919       1.0979322
       6555.5093       1.0933750
       6555.5267       1.0888772
       6555.5441       1.0848830
       6555.5615       1.0817868
       6555.5789       1.0798309
       6555.5963       1.0790491
       6555.6138       1.0792738
       6555.6312       1.0802033
       6555.6486       1.0814984
       6555.6660       1.0828741
       6555.6834       1.0841547
       6555.7008       1.0852804
       6555.7182       1.0862744
       6555.7356       1.0871922
       6555.7530       1.0880782
       6555.7705       1.0889465
       6555.7879       1.0897864
       6555.8053       1.0905852
       6555.8227       1.0913508
       6555.8401       1.0921252
       6555.8575       1.0929755
       6555.8749       1.0939704
       6555.8923       1.0951497
       6555.9097       1.0964978
       6555.9271       1.0979324
       6555.9446       1.0993129
       6555.9620       1.1004671
       6555.9794       1.1012315
       6555.9968       1.1014937
       6556.0142       1.1012256
       6556.0316       1.1004991
       6556.0490       1.0994777
       6556.0664       1.0983839
       6556.0838       1.0974495
       6556.1013       1.0968567
       6556.1187       1.0966849
       6556.1361       1.0968783
       6556.1535       1.0972507
       6556.1709       1.0975309
       6556.1883       1.0974430
       6556.2057       1.0967944
       6556.2231       1.0955394
       6556.2405       1.0937885
       6556.2580       1.0917593
       6556.2754       1.0896882
       6556.2928       1.0877462
       6556.3102       1.0859961
       6556.3276       1.0844114
       6556.3450       1.0829409
       6556.3624       1.0815811
       6556.3798       1.0804160
       6556.3972       1.0796050
       6556.4147       1.0793265
       6556.4321       1.0797112
       6556.4495       1.0807963
       6556.4669       1.0825176
       6556.4843       1.0847375
       6556.5017       1.0872769
       6556.5191       1.0899593
       6556.5365       1.0926205
       6556.5539       1.0951075
       6556.5714       1.0972667
       6556.5888       1.0989355
       6556.6062       1.0999413
       6556.6236       1.1001141
       6556.6410       1.0993117
       6556.6584       1.0974542
       6556.6758       1.0945640
       6556.6932       1.0907981
       6556.7106       1.0864620
       6556.7281       1.0819918
       6556.7455       1.0778968
       6556.7629       1.0746696
       6556.7803       1.0726829
       6556.7977       1.0721043
       6556.8151       1.0728575
       6556.8325       1.0746465
       6556.8499       1.0770385
       6556.8673       1.0795780
       6556.8848       1.0818939
       6556.9022       1.0837661
       6556.9196       1.0851363
       6556.9370       1.0860677
       6556.9544       1.0866835
       6556.9718       1.0871095
       6556.9892       1.0874452
       6557.0066       1.0877622
       6557.0240       1.0881201
       6557.0415       1.0885799
       6557.0589       1.0892056
       6557.0763       1.0900520
       6557.0937       1.0911493
       6557.1111       1.0924948
       6557.1285       1.0940580
       6557.1459       1.0957915
       6557.1633       1.0976453
       6557.1807       1.0995730
       6557.1982       1.1015272
       6557.2156       1.1034525
       6557.2330       1.1052808
       6557.2504       1.1069331
       6557.2678       1.1083266
       6557.2852       1.1093837
       6557.3026       1.1100373
       6557.3200       1.1102373
       6557.3374       1.1099589
       6557.3549       1.1092169
       6557.3723       1.1080777
       6557.3897       1.1066601
       6557.4071       1.1051181
       6557.4245       1.1036091
       6557.4419       1.1022630
       6557.4593       1.1011687
       6557.4767       1.1003816
       6557.4941       1.0999428
       6557.5116       1.0998907
       6557.5290       1.1002510
       6557.5464       1.1010084
       6557.5638       1.1020762
       6557.5812       1.1032831
       6557.5986       1.1043931
       6557.6160       1.1051539
       6557.6334       1.1053651
       6557.6508       1.1049438
       6557.6682       1.1039695
       6557.6857       1.1026905
       6557.7031       1.1014820
       6557.7205       1.1007596
       6557.7379       1.1008725
       6557.7553       1.1020091
       6557.7727       1.1041519
       6557.7901       1.1070938
       6557.8075       1.1105009
       6557.8249       1.1140215
       6557.8424       1.1173560
       6557.8598       1.1202967
       6557.8772       1.1227271
       6557.8946       1.1245952
       6557.9120       1.1258805
       6557.9294       1.1265681
       6557.9468       1.1266425
       6557.9642       1.1261002
       6557.9816       1.1249730
       6557.9991       1.1233486
       6558.0165       1.1213719
       6558.0339       1.1192226
       6558.0513       1.1170755
       6558.0687       1.1150616
       6558.0861       1.1132481
       6558.1035       1.1116465
       6558.1209       1.1102416
       6558.1383       1.1090288
       6558.1558       1.1080403
       6558.1732       1.1073502
       6558.1906       1.1070575
       6558.2080       1.1072554
       6558.2254       1.1079979
       6558.2428       1.1092786
       6558.2602       1.1110245
       6558.2776       1.1131059
       6558.2950       1.1153579
       6558.3125       1.1176052
       6558.3299       1.1196884
       6558.3473       1.1214899
       6558.3647       1.1229575
       6558.3821       1.1241231
       6558.3995       1.1251060
       6558.4169       1.1260931
       6558.4343       1.1272931
       6558.4517       1.1288665
       6558.4692       1.1308596
       6558.4866       1.1331682
       6558.5040       1.1355401
       6558.5214       1.1376216
       6558.5388       1.1390345
       6558.5562       1.1394637
       6558.5736       1.1387351
       6558.5910       1.1368668
       6558.6084       1.1340813
       6558.6259       1.1307698
       6558.6433       1.1274164
       6558.6607       1.1244975
       6558.6781       1.1223863
       6558.6955       1.1212911
       6558.7129       1.1212386
       6558.7303       1.1220990
       6558.7477       1.1236323
       6558.7651       1.1255377
       6558.7826       1.1274988
       6558.8000       1.1292266
       6558.8174       1.1305021
       6558.8348       1.1312132
       6558.8522       1.1313726
       6558.8696       1.1311066
       6558.8870       1.1306147
       6558.9044       1.1301158
       6558.9218       1.1297973
       6558.9393       1.1297840
       6558.9567       1.1301297
       6558.9741       1.1308286
       6558.9915       1.1318402
       6559.0089       1.1331215
       6559.0263       1.1346584
       6559.0437       1.1364864
       6559.0611       1.1386877
       6559.0785       1.1413591
       6559.0960       1.1445572
       6559.1134       1.1482410
       6559.1308       1.1522546
       6559.1482       1.1563467
       6559.1656       1.1602293
       6559.1830       1.1636470
       6559.2004       1.1664288
       6559.2178       1.1685060
       6559.2352       1.1698983
       6559.2527       1.1706839
       6559.2701       1.1709687
       6559.2875       1.1708642
       6559.3049       1.1704730
       6559.3223       1.1698769
       6559.3397       1.1691267
       6559.3571       1.1682362
       6559.3745       1.1671849
       6559.3919       1.1659346
       6559.4093       1.1644577
       6559.4268       1.1627667
       6559.4442       1.1609296
       6559.4616       1.1590594
       6559.4790       1.1572754
       6559.4964       1.1556509
       6559.5138       1.1541753
       6559.5312       1.1527526
       6559.5486       1.1512466
       6559.5660       1.1495552
       6559.5835       1.1476825
       6559.6009       1.1457729
       6559.6183       1.1440895
       6559.6357       1.1429426
       6559.6531       1.1425933
       6559.6705       1.1431698
       6559.6879       1.1446296
       6559.7053       1.1467792
       6559.7227       1.1493454
       6559.7402       1.1520645
       6559.7576       1.1547567
       6559.7750       1.1573505
       6559.7924       1.1598482
       6559.8098       1.1622633
       6559.8272       1.1645648
       6559.8446       1.1666601
       6559.8620       1.1684258
       6559.8794       1.1697658
       6559.8969       1.1706648
       6559.9143       1.1712043
       6559.9317       1.1715362
       6559.9491       1.1718309
       6559.9665       1.1722279
       6559.9839       1.1728127
       6560.0013       1.1736230
       6560.0187       1.1746732
       6560.0361       1.1759772
       6560.0536       1.1775610
       6560.0710       1.1794616
       6560.0884       1.1817191
       6560.1058       1.1843648
       6560.1232       1.1874072
       6560.1406       1.1908165
       6560.1580       1.1945126
       6560.1754       1.1983649
       6560.1928       1.2022085
       6560.2103       1.2058734
       6560.2277       1.2092189
       6560.2451       1.2121565
       6560.2625       1.2146563
       6560.2799       1.2167365
       6560.2973       1.2184437
       6560.3147       1.2198375
       6560.3321       1.2209845
       6560.3495       1.2219668
       6560.3670       1.2228974
       6560.3844       1.2239313
       6560.4018       1.2252550
       6560.4192       1.2270433
       6560.4366       1.2294058
       6560.4540       1.2323346
       6560.4714       1.2356896
       6560.4888       1.2392346
       6560.5062       1.2427121
       6560.5237       1.2459211
       6560.5411       1.2487594
       6560.5585       1.2512118
       6560.5759       1.2533022
       6560.5933       1.2550435
       6560.6107       1.2564219
       6560.6281       1.2574243
       6560.6455       1.2580902
       6560.6629       1.2585488
       6560.6804       1.2590150
       6560.6978       1.2597357
       6560.7152       1.2609114
       6560.7326       1.2626316
       6560.7500       1.2648572
       6560.7674       1.2674636
       6560.7848       1.2703214
       6560.8022       1.2733775
       6560.8196       1.2766930
       6560.8371       1.2804192
       6560.8545       1.2847218
       6560.8719       1.2896880
       6560.8893       1.2952586
       6560.9067       1.3012120
       6560.9241       1.3072054
       6560.9415       1.3128554
       6560.9589       1.3178337
       6560.9763       1.3219525
       6560.9938       1.3252213
       6561.0112       1.3278628
       6561.0286       1.3302775
       6561.0460       1.3329616
       6561.0634       1.3363708
       6561.0808       1.3407882
       6561.0982       1.3462333
       6561.1156       1.3524483
       6561.1330       1.3589761
       6561.1504       1.3653085
       6561.1679       1.3710496
       6561.1853       1.3760316
       6561.2027       1.3803410
       6561.2201       1.3842518
       6561.2375       1.3881018
       6561.2549       1.3921717
       6561.2723       1.3966179
       6561.2897       1.4014797
       6561.3071       1.4067455
       6561.3246       1.4124327
       6561.3420       1.4186379
       6561.3594       1.4255286
       6561.3768       1.4332834
       6561.3942       1.4420096
       6561.4116       1.4516789
       6561.4290       1.4621093
       6561.4464       1.4729998
       6561.4638       1.4840044
       6561.4813       1.4948188
       6561.4987       1.5052554
       6561.5161       1.5152884
       6561.5335       1.5250614
       6561.5509       1.5348544
       6561.5683       1.5450191
       6561.5857       1.5558954
       6561.6031       1.5677356
       6561.6205       1.5806611
       6561.6380       1.5946644
       6561.6554       1.6096525
       6561.6728       1.6255067
       6561.6902       1.6421308
       6561.7076       1.6594608
       6561.7250       1.6774440
       6561.7424       1.6959949
       6561.7598       1.7149520
       6561.7772       1.7340599
       6561.7947       1.7529910
       6561.8121       1.7714089
       6561.8295       1.7890537
       6561.8469       1.8058177
       6561.8643       1.8217751
       6561.8817       1.8371450
       6561.8991       1.8521999
       6561.9165       1.8671589
       6561.9339       1.8821172
       6561.9514       1.8970445
       6561.9688       1.9118452
       6561.9862       1.9264417
       6562.0036       1.9408303
       6562.0210       1.9550806
       6562.0384       1.9692851
       6562.0558       1.9834938
       6562.0732       1.9976782
       6562.0906       2.0117453
       6562.1081       2.0255948
       6562.1255       2.0391850
       6562.1429       2.0525718
       6562.1603       2.0659030
       6562.1777       2.0793750
       6562.1951       2.0931779
       6562.2125       2.1074521
       6562.2299       2.1222674
       6562.2473       2.1376177
       6562.2648       2.1534237
       6562.2822       2.1695439
       6562.2996       2.1858071
       6562.3170       2.2020721
       6562.3344       2.2183039
       6562.3518       2.2346322
       6562.3692       2.2513355
       6562.3866       2.2687639
       6562.4040       2.2872050
       6562.4215       2.3067623
       6562.4389       2.3272981
       6562.4563       2.3484652
       6562.4737       2.3698086
       6562.4911       2.3908890
       6562.5085       2.4113815
       6562.5259       2.4311190
       6562.5433       2.4500802
       6562.5607       2.4683401
       6562.5782       2.4860113
       6562.5956       2.5031960
       6562.6130       2.5199626
       6562.6304       2.5363433
       6562.6478       2.5523408
       6562.6652       2.5679276
       6562.6826       2.5830334
       6562.7000       2.5975249
       6562.7174       2.6111954
       6562.7349       2.6237796
       6562.7523       2.6349959
       6562.7697       2.6446053
       6562.7871       2.6524620
       6562.8045       2.6585329
       6562.8219       2.6628757
       6562.8393       2.6655802
       6562.8567       2.6666979
       6562.8741       2.6661844
       6562.8915       2.6638733
       6562.9090       2.6594863
       6562.9264       2.6526711
       6562.9438       2.6430616
       6562.9612       2.6303565
       6562.9786       2.6144127
       6562.9960       2.5953301
       6563.0134       2.5735531
       6563.0308       2.5498476
       6563.0482       2.5252087
       6563.0657       2.5007067
       6563.0831       2.4772927
       6563.1005       2.4556280
       6563.1179       2.4359846
       6563.1353       2.4182432
       6563.1527       2.4019828
       6563.1701       2.3866337
       6563.1875       2.3716484
       6563.2049       2.3566457
       6563.2224       2.3414877
       6563.2398       2.3262726
       6563.2572       2.3112496
       6563.2746       2.2966873
       6563.2920       2.2827439
       6563.3094       2.2693856
       6563.3268       2.2563807
       6563.3442       2.2433685
       6563.3616       2.2299710
       6563.3791       2.2159048
       6563.3965       2.2010514
       6563.4139       2.1854702
       6563.4313       2.1693580
       6563.4487       2.1529773
       6563.4661       2.1365769
       6563.4835       2.1203218
       6563.5009       2.1042441
       6563.5183       2.0882256
       6563.5358       2.0720193
       6563.5532       2.0553109
       6563.5706       2.0378087
       6563.5880       2.0193309
       6563.6054       1.9998608
       6563.6228       1.9795475
       6563.6402       1.9586557
       6563.6576       1.9374951
       6563.6750       1.9163614
       6563.6925       1.8955043
       6563.7099       1.8751517
       6563.7273       1.8555494
       6563.7447       1.8369888
       6563.7621       1.8197941
       6563.7795       1.8042633
       6563.7969       1.7905825
       6563.8143       1.7787533
       6563.8317       1.7685670
       6563.8492       1.7596421
       6563.8666       1.7515067
       6563.8840       1.7436914
       6563.9014       1.7357940
       6563.9188       1.7275002
       6563.9362       1.7185665
       6563.9536       1.7087919
       6563.9710       1.6980043
       6563.9884       1.6860747
       6564.0059       1.6729529
       6564.0233       1.6587066
       6564.0407       1.6435403
       6564.0581       1.6277799
       6564.0755       1.6118202
       6564.0929       1.5960488
       6564.1103       1.5807652
       6564.1277       1.5661204
       6564.1451       1.5520930
       6564.1626       1.5385102
       6564.1800       1.5251103
       6564.1974       1.5116309
       6564.2148       1.4978992
       6564.2322       1.4838993
       6564.2496       1.4697911
       6564.2670       1.4558758
       6564.2844       1.4425150
       6564.3018       1.4300386
       6564.3193       1.4186495
       6564.3367       1.4083953
       6564.3541       1.3991918
       6564.3715       1.3908835
       6564.3889       1.3833168
       6564.4063       1.3763909
       6564.4237       1.3700661
       6564.4411       1.3643296
       6564.4585       1.3591421
       6564.4760       1.3543979
       6564.4934       1.3499195
       6564.5108       1.3454948
       6564.5282       1.3409348
       6564.5456       1.3361263
       6564.5630       1.3310558
       6564.5804       1.3257978
       6564.5978       1.3204785
       6564.6152       1.3152364
       6564.6326       1.3101932
       6564.6501       1.3054410
       6564.6675       1.3010396
       6564.6849       1.2970141
       6564.7023       1.2933507
       6564.7197       1.2899904
       6564.7371       1.2868283
       6564.7545       1.2837195
       6564.7719       1.2804967
       6564.7893       1.2769957
       6564.8068       1.2730884
       6564.8242       1.2687169
       6564.8416       1.2639206
       6564.8590       1.2588433
       6564.8764       1.2537133
       6564.8938       1.2487941
       6564.9112       1.2443211
       6564.9286       1.2404413
       6564.9460       1.2371810
       6564.9635       1.2344449
       6564.9809       1.2320523
       6564.9983       1.2298021
       6565.0157       1.2275295
       6565.0331       1.2251493
       6565.0505       1.2226688
       6565.0679       1.2201686
       6565.0853       1.2177569
       6565.1027       1.2155164
       6565.1202       1.2134647
       6565.1376       1.2115463
       6565.1550       1.2096579
       6565.1724       1.2076926
       6565.1898       1.2055808
       6565.2072       1.2033124
       6565.2246       1.2009342
       6565.2420       1.1985290
       6565.2594       1.1961874
       6565.2769       1.1939808
       6565.2943       1.1919438
       6565.3117       1.1900715
       6565.3291       1.1883344
       6565.3465       1.1867076
       6565.3639       1.1851998
       6565.3813       1.1838654
       6565.3987       1.1827892
       6565.4161       1.1820485
       6565.4336       1.1816706
       6565.4510       1.1816064
       6565.4684       1.1817324
       6565.4858       1.1818770
       6565.5032       1.1818603
       6565.5206       1.1815316
       6565.5380       1.1807973
       6565.5554       1.1796340
       6565.5728       1.1780875
       6565.5903       1.1762591
       6565.6077       1.1742847
       6565.6251       1.1723136
       6565.6425       1.1704835
       6565.6599       1.1689077
       6565.6773       1.1676647
       6565.6947       1.1667915
       6565.7121       1.1662799
       6565.7295       1.1660757
       6565.7470       1.1660832
       6565.7644       1.1661730
       6565.7818       1.1661958
       6565.7992       1.1659979
       6565.8166       1.1654419
       6565.8340       1.1644263
       6565.8514       1.1629061
       6565.8688       1.1609046
       6565.8862       1.1585126
       6565.9037       1.1558694
       6565.9211       1.1531266
       6565.9385       1.1504049
       6565.9559       1.1477608
       6565.9733       1.1451751
       6565.9907       1.1425715
       6566.0081       1.1398588
       6566.0255       1.1369802
       6566.0429       1.1339519
       6566.0604       1.1308796
       6566.0778       1.1279486
       6566.0952       1.1253957
       6566.1126       1.1234661
       6566.1300       1.1223656
       6566.1474       1.1222141
       6566.1648       1.1230114
       6566.1822       1.1246285
       6566.1996       1.1268295
       6566.2171       1.1293207
       6566.2345       1.1318066
       6566.2519       1.1340331
       6566.2693       1.1358099
       6566.2867       1.1370179
       6566.3041       1.1376035
       6566.3215       1.1375846
       6566.3389       1.1370591
       6566.3563       1.1362026
       6566.3738       1.1352417
       6566.3912       1.1344032
       6566.4086       1.1338537
       6566.4260       1.1336536
       6566.4434       1.1337470
       6566.4608       1.1339913
       6566.4782       1.1342124
       6566.4956       1.1342629
       6566.5130       1.1340594
       6566.5304       1.1335908
       6566.5479       1.1328999
       6566.5653       1.1320534
       6566.5827       1.1311151
       6566.6001       1.1301349
       6566.6175       1.1291548
       6566.6349       1.1282275
       6566.6523       1.1274333
       6566.6697       1.1268821
       6566.6871       1.1266917
       6566.7046       1.1269439
       6566.7220       1.1276331
       6566.7394       1.1286283
       6566.7568       1.1296697
       6566.7742       1.1304079
       6566.7916       1.1304811
       6566.8090       1.1296098
       6566.8264       1.1276815
       6566.8438       1.1247978
       6566.8613       1.1212689
       6566.8787       1.1175495
       6566.8961       1.1141329
       6566.9135       1.1114366
       6566.9309       1.1096830
       6566.9483       1.1088692
       6566.9657       1.1087883
       6566.9831       1.1091139
       6567.0005       1.1095141
       6567.0180       1.1097574
       6567.0354       1.1097748
       6567.0528       1.1096556
       6567.0702       1.1095823
       6567.0876       1.1097321
       6567.1050       1.1101894
       6567.1224       1.1109054
       6567.1398       1.1117194
       6567.1572       1.1124266
       6567.1747       1.1128563
       6567.1921       1.1129264
       6567.2095       1.1126555
       6567.2269       1.1121380
       6567.2443       1.1114999
       6567.2617       1.1108529
       6567.2791       1.1102610
       6567.2965       1.1097241
       6567.3139       1.1091815
       6567.3314       1.1085324
       6567.3488       1.1076693
       6567.3662       1.1065121
       6567.3836       1.1050341
       6567.4010       1.1032715
       6567.4184       1.1013164
       6567.4358       1.0992998
       6567.4532       1.0973717
       6567.4706       1.0956810
       6567.4881       1.0943551
       6567.5055       1.0934754
       6567.5229       1.0930514
       6567.5403       1.0929996
       6567.5577       1.0931424
       6567.5751       1.0932323
       6567.5925       1.0930143
       6567.6099       1.0922954
       6567.6273       1.0910045
       6567.6448       1.0892206
       6567.6622       1.0871600
       6567.6796       1.0851254
       6567.6970       1.0834358
       6567.7144       1.0823551
       6567.7318       1.0820361
       6567.7492       1.0824917
       6567.7666       1.0835969
       6567.7840       1.0851212
       6567.8015       1.0867830
       6567.8189       1.0883131
       6567.8363       1.0895123
       6567.8537       1.0902858
       6567.8711       1.0906472
       6567.8885       1.0906916
       6567.9059       1.0905471
       6567.9233       1.0903231
       6567.9407       1.0900757
       6567.9582       1.0898019
       6567.9756       1.0894635
       6567.9930       1.0890285
       6568.0104       1.0885082
       6568.0278       1.0879722
       6568.0452       1.0875304
       6568.0626       1.0872908
       6568.0800       1.0873087
       6568.0974       1.0875526
       6568.1149       1.0879010
       6568.1323       1.0881738
       6568.1497       1.0881822
       6568.1671       1.0877808
       6568.1845       1.0869013
       6568.2019       1.0855651
       6568.2193       1.0838788
       6568.2367       1.0820210
       6568.2541       1.0802070
       6568.2715       1.0786519
       6568.2890       1.0775224
       6568.3064       1.0768919
       6568.3238       1.0767175
       6568.3412       1.0768517
       6568.3586       1.0770895
       6568.3760       1.0772347
       6568.3934       1.0771588
       6568.4108       1.0768326
       6568.4282       1.0763220
       6568.4457       1.0757580
       6568.4631       1.0752987
       6568.4805       1.0750962
       6568.4979       1.0752752
       6568.5153       1.0759202
       6568.5327       1.0770664
       6568.5501       1.0786955
       6568.5675       1.0807388
       6568.5849       1.0830926
       6568.6024       1.0856422
       6568.6198       1.0882833
       6568.6372       1.0909340
       6568.6546       1.0935319
       6568.6720       1.0960226
       6568.6894       1.0983504
       6568.7068       1.1004616
       6568.7242       1.1023185
       6568.7416       1.1039207
       6568.7591       1.1053220
       6568.7765       1.1066358
       6568.7939       1.1080250
       6568.8113       1.1096771
       6568.8287       1.1117682
       6568.8461       1.1144202
       6568.8635       1.1176632
       6568.8809       1.1214046
       6568.8983       1.1254339
       6568.9158       1.1294584
       6568.9332       1.1331643
       6568.9506       1.1362830
       6568.9680       1.1386355
       6568.9854       1.1401364
       6569.0028       1.1407609
       6569.0202       1.1404978
       6569.0376       1.1393210
       6569.0550       1.1371981
       6569.0725       1.1341291
       6569.0899       1.1301914
       6569.1073       1.1255558
       6569.1247       1.1204606
       6569.1421       1.1151494
       6569.1595       1.1098008
       6569.1769       1.1044820
       6569.1943       1.0991466
       6569.2117       1.0936765
       6569.2292       1.0879507
       6569.2466       1.0819138
       6569.2640       1.0756226
       6569.2814       1.0692578
       6569.2988       1.0631012
       6569.3162       1.0574880
       6569.3336       1.0527449
       6569.3510       1.0491257
       6569.3684       1.0467600
       6569.3859       1.0456268
       6569.4033       1.0455667
       6569.4207       1.0463331
       6569.4381       1.0476690
       6569.4555       1.0493793
       6569.4729       1.0513699
       6569.4903       1.0536337
       6569.5077       1.0561939
       6569.5251       1.0590332
       6569.5426       1.0620504
       6569.5600       1.0650680
       6569.5774       1.0678850
       6569.5948       1.0703443
       6569.6122       1.0723781
       6569.6296       1.0740114
       6569.6470       1.0753283
       6569.6644       1.0764247
       6569.6818       1.0773720
       6569.6993       1.0782072
       6569.7167       1.0789404
       6569.7341       1.0795668
       6569.7515       1.0800693
       6569.7689       1.0804117
       6569.7863       1.0805363
       6569.8037       1.0803761
       6569.8211       1.0798856
       6569.8385       1.0790745
       6569.8560       1.0780272
       6569.8734       1.0768911
       6569.8908       1.0758353
       6569.9082       1.0749963
       6569.9256       1.0744313
       6569.9430       1.0741003
       6569.9604       1.0738826
       6569.9778       1.0736188
       6569.9952       1.0731622
       6570.0126       1.0724205
       6570.0301       1.0713759
       6570.0475       1.0700821
       6570.0649       1.0686430
       6570.0823       1.0671808
       6570.0997       1.0658012
       6570.1171       1.0645633
       6570.1345       1.0634630
       6570.1519       1.0624395
       6570.1693       1.0614090
       6570.1868       1.0603199
       6570.2042       1.0592037
       6570.2216       1.0581937
       6570.2390       1.0574961
       6570.2564       1.0573174
       6570.2738       1.0577760
       6570.2912       1.0588366
       6570.3086       1.0602959
       6570.3260       1.0618301
       6570.3435       1.0630850
       6570.3609       1.0637794
       6570.3783       1.0637858
       6570.3957       1.0631624
       6570.4131       1.0621284
       6570.4305       1.0609919
       6570.4479       1.0600602
       6570.4653       1.0595647
       6570.4827       1.0596239
       6570.5002       1.0602496
       6570.5176       1.0613778
       6570.5350       1.0628995
       6570.5524       1.0646725
       6570.5698       1.0665158
       6570.5872       1.0682018
       6570.6046       1.0694664
       6570.6220       1.0700466
       6570.6394       1.0697393
       6570.6569       1.0684606
       6570.6743       1.0662815
       6570.6917       1.0634254
       6570.7091       1.0602238
       6570.7265       1.0570443
       6570.7439       1.0542121
       6570.7613       1.0519474
       6570.7787       1.0503362
       6570.7961       1.0493383
       6570.8136       1.0488257
       6570.8310       1.0486308
       6570.8484       1.0485956
       6570.8658       1.0486043
       6570.8832       1.0485907
       6570.9006       1.0485313
       6570.9180       1.0484331
       6570.9354       1.0483262
       6570.9528       1.0482602
       6570.9703       1.0483026
       6570.9877       1.0485288
       6571.0051       1.0490027
       6571.0225       1.0497550
       6571.0399       1.0507691
       6571.0573       1.0519849
       6571.0747       1.0533156
       6571.0921       1.0546710
       6571.1095       1.0559747
       6571.1270       1.0571717
       6571.1444       1.0582277
       6571.1618       1.0591276
       6571.1792       1.0598727
       6571.1966       1.0604798
       6571.2140       1.0609740
       6571.2314       1.0613776
       6571.2488       1.0616960
       6571.2662       1.0619092
       6571.2837       1.0619766
       6571.3011       1.0618565
       6571.3185       1.0615320
       6571.3359       1.0610326
       6571.3533       1.0604357
       6571.3707       1.0598450
       6571.3881       1.0593509
       6571.4055       1.0589888
       6571.4229       1.0587129
       6571.4404       1.0583960
       6571.4578       1.0578530
       6571.4752       1.0568761
       6571.4926       1.0552809
       6571.5100       1.0529268
       6571.5274       1.0497307
       6571.5448       1.0456757
       6571.5622       1.0408249
       6571.5796       1.0353444
       6571.5971       1.0295260
       6571.6145       1.0237922
       6571.6319       1.0186630
       6571.6493       1.0146750
       6571.6667       1.0122661
       6571.6841       1.0116599
       6571.7015       1.0127937
       6571.7189       1.0153242
       6571.7363       1.0187162
       6571.7537       1.0223842
       6571.7712       1.0258399
       6571.7886       1.0287940
       6571.8060       1.0311855
       6571.8234       1.0331389
       6571.8408       1.0348738
       6571.8582       1.0366039
       6571.8756       1.0384584
       6571.8930       1.0404451
       6571.9104       1.0424606
       6571.9279       1.0443370
       6571.9453       1.0459040
       6571.9627       1.0470432
       6571.9801       1.0477180
       6571.9975       1.0479734
       6572.0149       1.0479135
       6572.0323       1.0476729
       6572.0497       1.0473917
       6572.0671       1.0471987
       6572.0846       1.0471932
       6572.1020       1.0474227
       6572.1194       1.0478590
       6572.1368       1.0483861
       6572.1542       1.0488245
       6572.1716       1.0489878
       6572.1890       1.0487551
       6572.2064       1.0481296
       6572.2238       1.0472559
       6572.2413       1.0463887
       6572.2587       1.0458219
       6572.2761       1.0458073
       6572.2935       1.0464885
       6572.3109       1.0478693
       6572.3283       1.0498197
       6572.3457       1.0521141
       6572.3631       1.0544865
       6572.3805       1.0566883
       6572.3980       1.0585354
       6572.4154       1.0599369
       6572.4328       1.0609002
       6572.4502       1.0615141
       6572.4676       1.0619137
       6572.4850       1.0622352
       6572.5024       1.0625737
       6572.5198       1.0629533
       6572.5372       1.0633216
       6572.5547       1.0635707
       6572.5721       1.0635760
       6572.5895       1.0632417
       6572.6069       1.0625372
       6572.6243       1.0615122
       6572.6417       1.0602884
       6572.6591       1.0590284
       6572.6765       1.0578901
       6572.6939       1.0569779
       6572.7114       1.0563069
       6572.7288       1.0557924
       6572.7462       1.0552746
       6572.7636       1.0545722
       6572.7810       1.0535452
       6572.7984       1.0521509
       6572.8158       1.0504558
       6572.8332       1.0486102
       6572.8506       1.0467954
       6572.8681       1.0451631
       6572.8855       1.0437906
       6572.9029       1.0426628
       6572.9203       1.0416860
       6572.9377       1.0407256
       6572.9551       1.0396543
       6572.9725       1.0383996
       6572.9899       1.0369742
       6573.0073       1.0354837
       6573.0248       1.0341060
       6573.0422       1.0330489
       6573.0596       1.0325001
       6573.0770       1.0325842
       6573.0944       1.0333400
       6573.1118       1.0347212
       6573.1292       1.0366100
       6573.1466       1.0388349
       6573.1640       1.0411857
       6573.1815       1.0434292
       6573.1989       1.0453340
       6573.2163       1.0467056
       6573.2337       1.0474255
       6573.2511       1.0474797
       6573.2685       1.0469602
       6573.2859       1.0460367
       6573.3033       1.0449075
       6573.3207       1.0437478
       6573.3382       1.0426769
       6573.3556       1.0417539
       6573.3730       1.0409971
       6573.3904       1.0404126
       6573.4078       1.0400097
       6573.4252       1.0397949
       6573.4426       1.0397436
       6573.4600       1.0397784
       6573.4774       1.0397703
       6573.4948       1.0395717
       6573.5123       1.0390721
       6573.5297       1.0382502
       6573.5471       1.0371960
       6573.5645       1.0360920
       6573.5819       1.0351591
       6573.5993       1.0345904
       6573.6167       1.0345008
       6573.6341       1.0349079
       6573.6515       1.0357475
       6573.6690       1.0369076
       6573.6864       1.0382639
       6573.7038       1.0396987
       6573.7212       1.0411027
       6573.7386       1.0423678
       6573.7560       1.0433892
       6573.7734       1.0440820
       6573.7908       1.0444091
       6573.8082       1.0444004
       6573.8257       1.0441465
       6573.8431       1.0437648
       6573.8605       1.0433515
       6573.8779       1.0429469
       6573.8953       1.0425289
       6573.9127       1.0420359
       6573.9301       1.0413998
       6573.9475       1.0405678
       6573.9649       1.0395078
       6573.9824       1.0382010
       6573.9998       1.0366415
       6574.0172       1.0348472
       6574.0346       1.0328804
       6574.0520       1.0308601
       6574.0694       1.0289541
       6574.0868       1.0273493
       6574.1042       1.0261987
       6574.1216       1.0255864
       6574.1391       1.0255054
       6574.1565       1.0258559
       6574.1739       1.0264596
       6574.1913       1.0270783
       6574.2087       1.0274342
       6574.2261       1.0272316
       6574.2435       1.0261841
       6574.2609       1.0240496
       6574.2783       1.0206670
       6574.2958       1.0159884
       6574.3132       1.0100977
       6574.3306       1.0032137
       6574.3480      0.99567971
       6574.3654      0.98794360
       6574.3828      0.98053026
       6574.4002      0.97400442
       6574.4176      0.96892228
       6574.4350      0.96577370
       6574.4525      0.96492151
       6574.4699      0.96654893
       6574.4873      0.97062561
       6574.5047      0.97690073
       6574.5221      0.98492718
       6574.5395      0.99411530
       6574.5569       1.0038090
       6574.5743       1.0133708
       6574.5917       1.0222584
       6574.6092       1.0300789
       6574.6266       1.0366111
       6574.6440       1.0417949
       6574.6614       1.0456971
       6574.6788       1.0484626
       6574.6962       1.0502653
       6574.7136       1.0512704
       6574.7310       1.0516148
       6574.7484       1.0514170
       6574.7659       1.0507870
       6574.7833       1.0498469
       6574.8007       1.0487420
       6574.8181       1.0476326
       6574.8355       1.0466681
       6574.8529       1.0459458
       6574.8703       1.0454676
       6574.8877       1.0451141
       6574.9051       1.0446531
       6574.9226       1.0437935
       6574.9400       1.0422726
       6574.9574       1.0399461
       6574.9748       1.0368454
       6574.9922       1.0331776
       6575.0096       1.0292701
       6575.0270       1.0254864
       6575.0444       1.0221472
       6575.0618       1.0194832
       6575.0793       1.0176239
       6575.0967       1.0166110
       6575.1141       1.0164202
       6575.1315       1.0169790
       6575.1489       1.0181786
       6575.1663       1.0198851
       6575.1837       1.0219503
       6575.2011       1.0242200
       6575.2185       1.0265391
       6575.2359       1.0287524
       6575.2534       1.0307114
       6575.2708       1.0322932
       6575.2882       1.0334273
       6575.3056       1.0341197
       6575.3230       1.0344556
       6575.3404       1.0345747
       6575.3578       1.0346295
       6575.3752       1.0347445
       6575.3926       1.0349937
       6575.4101       1.0353956
       6575.4275       1.0359257
       6575.4449       1.0365274
       6575.4623       1.0371202
       6575.4797       1.0376102
       6575.4971       1.0379090
       6575.5145       1.0379580
       6575.5319       1.0377490
       6575.5493       1.0373313
       6575.5668       1.0367992
       6575.5842       1.0362631
       6575.6016       1.0358124
       6575.6190       1.0354804
       6575.6364       1.0352198
       6575.6538       1.0349000
       6575.6712       1.0343326
       6575.6886       1.0333258
       6575.7060       1.0317565
       6575.7235       1.0296353
       6575.7409       1.0271348
       6575.7583       1.0245627
       6575.7757       1.0222799
       6575.7931       1.0205925
       6575.8105       1.0196548
       6575.8279       1.0194231
       6575.8453       1.0196774
       6575.8627       1.0201040
       6575.8802       1.0204055
       6575.8976       1.0203958
       6575.9150       1.0200434
       6575.9324       1.0194511
       6575.9498       1.0187865
       6575.9672       1.0182001
       6575.9846       1.0177698
       6576.0020       1.0174890
       6576.0194       1.0172963
       6576.0369       1.0171192
       6576.0543       1.0169079
       6576.0717       1.0166444
       6576.0891       1.0163316
       6576.1065       1.0159810
       6576.1239       1.0156080
       6576.1413       1.0152398
       6576.1587       1.0149251
       6576.1761       1.0147350
       6576.1936       1.0147525
       6576.2110       1.0150513
       6576.2284       1.0156760
       6576.2458       1.0166290
       6576.2632       1.0178676
       6576.2806       1.0193070
       6576.2980       1.0208230
       6576.3154       1.0222554
       6576.3328       1.0234170
       6576.3503       1.0241176
       6576.3677       1.0242054
       6576.3851       1.0236158
       6576.4025       1.0224081
       6576.4199       1.0207691
       6576.4373       1.0189735
       6576.4547       1.0173125
       6576.4721       1.0160148
       6576.4895       1.0151903
       6576.5070       1.0148142
       6576.5244       1.0147526
       6576.5418       1.0148158
       6576.5592       1.0148173
       6576.5766       1.0146244
       6576.5940       1.0141872
       6576.6114       1.0135454
       6576.6288       1.0128103
       6576.6462       1.0121244
       6576.6637       1.0116072
       6576.6811       1.0113038
       6576.6985       1.0111516
       6576.7159       1.0109879
       6576.7333       1.0106023
       6576.7507       1.0098143
       6576.7681       1.0085507
       6576.7855       1.0068941
       6576.8029       1.0050773
       6576.8204       1.0034238
       6576.8378       1.0022530
       6576.8552       1.0017881
       6576.8726       1.0020974
       6576.8900       1.0030873
       6576.9074       1.0045401
       6576.9248       1.0061760
       6576.9422       1.0077140
       6576.9596       1.0089181
       6576.9770       1.0096262
       6576.9945       1.0097659
       6577.0119       1.0093614
       6577.0293       1.0085286
       6577.0467       1.0074533
       6577.0641       1.0063524
       6577.0815       1.0054272
       6577.0989       1.0048254
       6577.1163       1.0046287
       6577.1337       1.0048679
       6577.1512       1.0055533
       6577.1686       1.0066984
       6577.1860       1.0083210
       6577.2034       1.0104188
       6577.2208       1.0129342
       6577.2382       1.0157262
       6577.2556       1.0185676
       6577.2730       1.0211723
       6577.2904       1.0232471
       6577.3079       1.0245556
       6577.3253       1.0249719
       6577.3427       1.0245047
       6577.3601       1.0233049
       6577.3775       1.0216039
       6577.3949       1.0196563
       6577.4123       1.0176824
       6577.4297       1.0158297
       6577.4471       1.0141617
       6577.4646       1.0126698
       6577.4820       1.0113034
       6577.4994       1.0100082
       6577.5168       1.0087639
       6577.5342       1.0076077
       6577.5516       1.0066334
       6577.5690       1.0059618
       6577.5864       1.0056931
       6577.6038       1.0058618
       6577.6213       1.0064141
       6577.6387       1.0072186
       6577.6561       1.0081047
       6577.6735       1.0089081
       6577.6909       1.0095061
       6577.7083       1.0098315
       6577.7257       1.0098686
       6577.7431       1.0096409
       6577.7605       1.0092017
       6577.7780       1.0086289
       6577.7954       1.0080211
       6577.8128       1.0074887
       6577.8302       1.0071346
       6577.8476       1.0070303
       6577.8650       1.0071972
       6577.8824       1.0076028
       6577.8998       1.0081784
       6577.9172       1.0088484
       6577.9347       1.0095573
       6577.9521       1.0102799
       6577.9695       1.0110106
       6577.9869       1.0117412
       6578.0043       1.0124445
       6578.0217       1.0130767
       6578.0391       1.0135960
       6578.0565       1.0139841
       6578.0739       1.0142540
       6578.0914       1.0144374
       6578.1088       1.0145608
       6578.1262       1.0146271
       6578.1436       1.0146203
       6578.1610       1.0145322
       6578.1784       1.0143965
       6578.1958       1.0143056
       6578.2132       1.0143934
       6578.2306       1.0147873
       6578.2481       1.0155485
       6578.2655       1.0166283
       6578.2829       1.0178633
       6578.3003       1.0190125
       6578.3177       1.0198241
       6578.3351       1.0201066
       6578.3525       1.0197797
       6578.3699       1.0188872
       6578.3873       1.0175712
       6578.4048       1.0160215
       6578.4222       1.0144216
       6578.4396       1.0129137
       6578.4570       1.0115922
       6578.4744       1.0105197
       6578.4918       1.0097497
       6578.5092       1.0093369
       6578.5266       1.0093268
       6578.5440       1.0097301
       6578.5615       1.0104952
       6578.5789       1.0114959
       6578.5963       1.0125428
       6578.6137       1.0134183
       6578.6311       1.0139277
       6578.6485       1.0139496
       6578.6659       1.0134824
       6578.6833       1.0126375
       6578.7007       1.0116075
       6578.7181       1.0106021
       6578.7356       1.0097800
       6578.7530       1.0092026
       6578.7704       1.0088267
       6578.7878       1.0085367
       6578.8052       1.0081983
       6578.8226       1.0077103
       6578.8400       1.0070368
       6578.8574       1.0062132
       6578.8748       1.0053291
       6578.8923       1.0044986
       6578.9097       1.0038264
       6578.9271       1.0033800
       6578.9445       1.0031727
       6578.9619       1.0031626
       6578.9793       1.0032691
       6578.9967       1.0034003
       6579.0141       1.0034853
       6579.0315       1.0034990
       6579.0490       1.0034705
       6579.0664       1.0034699
       6579.0838       1.0035785
       6579.1012       1.0038513
       6579.1186       1.0042851
       6579.1360       1.0048053
       6579.1534       1.0052753
       6579.1708       1.0055280
       6579.1882       1.0054098
       6579.2057       1.0048258
       6579.2231       1.0037734
       6579.2405       1.0023580
       6579.2579       1.0007866
       6579.2753      0.99933869
       6579.2927      0.99831938
       6579.3101      0.99798992
       6579.3275      0.99850096
       6579.3449      0.99985255
       6579.3624       1.0018851
       6579.3798       1.0043144
       6579.3972       1.0067987
       6579.4146       1.0090184
       6579.4320       1.0107409
       6579.4494       1.0118567
       6579.4668       1.0123789
       6579.4842       1.0124157
       6579.5016       1.0121274
       6579.5191       1.0116847
       6579.5365       1.0112362
       6579.5539       1.0108929
       6579.5713       1.0107229
       6579.5887       1.0107524
       6579.6061       1.0109669
       6579.6235       1.0113119
       6579.6409       1.0116995
       6579.6583       1.0120270
       6579.6758       1.0122067
       6579.6932       1.0121980
       6579.7106       1.0120265
       6579.7280       1.0117795
       6579.7454       1.0115764
       6579.7628       1.0115283
       6579.7802       1.0117042
       6579.7976       1.0121204
       6579.8150       1.0127517
       6579.8325       1.0135537
       6579.8499       1.0144796
       6579.8673       1.0154784
       6579.8847       1.0164758
       6579.9021       1.0173516
       6579.9195       1.0179280
       6579.9369       1.0179855
       6579.9543       1.0173071
       6579.9717       1.0157573
       6579.9892       1.0133344
       6580.0066       1.0102058
       6580.0240       1.0066920
       6580.0414       1.0032030
       6580.0588       1.0001441
       6580.0762      0.99782464
       6580.0936      0.99639809
       6580.1110      0.99585231
       6580.1284      0.99604550
       6580.1459      0.99676824
       6580.1633      0.99780299
       6580.1807      0.99895890
       6580.1981       1.0000750
       6580.2155       1.0010029
       6580.2329       1.0015915
       6580.2503       1.0016946
       6580.2677       1.0012093
       6580.2851       1.0001305
       6580.3026      0.99859510
       6580.3200      0.99688520
       6580.3374      0.99537674
       6580.3548      0.99444673
       6580.3722      0.99437134
       6580.3896      0.99525275
       6580.4070      0.99699848
       6580.4244      0.99935368
       6580.4418       1.0019671
       6580.4592       1.0044651
       6580.4767       1.0065123
       6580.4941       1.0078514
       6580.5115       1.0083237
       6580.5289       1.0078780
       6580.5463       1.0065727
       6580.5637       1.0045738
       6580.5811       1.0021396
       6580.5985      0.99958738
       6580.6159      0.99723685
       6580.6334      0.99533457
       6580.6508      0.99399827
       6580.6682      0.99319480
       6580.6856      0.99276758
       6580.7030      0.99250656
       6580.7204      0.99223351
       6580.7378      0.99186856
       6580.7552      0.99145395
       6580.7726      0.99113205
       6580.7901      0.99109451
       6580.8075      0.99152679
       6580.8249      0.99256549
       6580.8423      0.99427263
       6580.8597      0.99662175
       6580.8771      0.99949104
       6580.8945       1.0026655
       6580.9119       1.0058557
       6580.9293       1.0087378
       6580.9468       1.0110133
       6580.9642       1.0124728
       6580.9816       1.0130463
       6580.9990       1.0128222
       6581.0164       1.0120244
       6581.0338       1.0109536
       6581.0512       1.0099046
       6581.0686       1.0090873
       6581.0860       1.0085754
       6581.1035       1.0082998
       6581.1209       1.0080876
       6581.1383       1.0077284
       6581.1557       1.0070418
       6581.1731       1.0059213
       6581.1905       1.0043473
       6581.2079       1.0023755
       6581.2253       1.0001176
       6581.2427      0.99772709
       6581.2602      0.99539174
       6581.2776      0.99331706
       6581.2950      0.99169947
       6581.3124      0.99068386
       6581.3298      0.99031902
       6581.3472      0.99053313
       6581.3646      0.99114730
       6581.3820      0.99193014
       6581.3994      0.99267650
       6581.4169      0.99328001
       6581.4343      0.99377002
       6581.4517      0.99429797
       6581.4691      0.99507861
       6581.4865      0.99630752
       6581.5039      0.99808239
       6581.5213       1.0003515
       6581.5387       1.0029023
       6581.5561       1.0053922
       6581.5736       1.0074121
       6581.5910       1.0085666
       6581.6084       1.0085533
       6581.6258       1.0072272
       6581.6432       1.0046394
       6581.6606       1.0010472
       6581.6780      0.99689216
       6581.6954      0.99274320
       6581.7128      0.98920420
       6581.7303      0.98679730
       6581.7477      0.98584555
       6581.7651      0.98639027
       6581.7825      0.98817509
       6581.7999      0.99071000
       6581.8173      0.99339982
       6581.8347      0.99569722
       6581.8521      0.99723170
       6581.8695      0.99787763
       6581.8870      0.99774939
       6581.9044      0.99713583
       6581.9218      0.99640966
       6581.9392      0.99591558
       6581.9566      0.99589668
       6581.9740      0.99645312
       6581.9914      0.99754140
       6582.0088      0.99901074
       6582.0262       1.0006626
       6582.0437       1.0023125
       6582.0611       1.0038342
       6582.0785       1.0051741
       6582.0959       1.0063412
       6582.1133       1.0073813
       6582.1307       1.0083515
       6582.1481       1.0092987
       6582.1655       1.0102430
       6582.1829       1.0111600
       6582.2003       1.0119662
       6582.2178       1.0125146
       6582.2352       1.0126151
       6582.2526       1.0120819
       6582.2700       1.0107979
       6582.2874       1.0087701
       6582.3048       1.0061476
       6582.3222       1.0031898
       6582.3396       1.0001970
       6582.3570      0.99743358
       6582.3745      0.99507556
       6582.3919      0.99319861
       6582.4093      0.99179801
       6582.4267      0.99081978
       6582.4441      0.99018345
       6582.4615      0.98979066
       6582.4789      0.98952759
       6582.4963      0.98927380
       6582.5137      0.98892347
       6582.5312      0.98841388
       6582.5486      0.98774642
       6582.5660      0.98698861
       6582.5834      0.98624794
       6582.6008      0.98562976
       6582.6182      0.98520280
       6582.6356      0.98498769
       6582.6530      0.98497454
       6582.6704      0.98515702
       6582.6879      0.98555946
       6582.7053      0.98623688
       6582.7227      0.98724426
       6582.7401      0.98859100
       6582.7575      0.99020694
       6582.7749      0.99194116
       6582.7923      0.99359706
       6582.8097      0.99498727
       6582.8271      0.99598271
       6582.8446      0.99653428
       6582.8620      0.99666255
       6582.8794      0.99642607
       6582.8968      0.99588736
       6582.9142      0.99509115
       6582.9316      0.99406020
       6582.9490      0.99280553
       6582.9664      0.99134408
       6582.9838      0.98971722
       6583.0013      0.98800349
       6583.0187      0.98631952
       6583.0361      0.98480581
       6583.0535      0.98360092
       6583.0709      0.98281516
       6583.0883      0.98251721
       6583.1057      0.98274043
       6583.1231      0.98350291
       6583.1405      0.98482534
       6583.1580      0.98673090
       6583.1754      0.98922245
       6583.1928      0.99224737
       6583.2102      0.99567050
       6583.2276      0.99926711
       6583.2450       1.0027637
       6583.2624       1.0058908
       6583.2798       1.0084423
       6583.2972       1.0103176
       6583.3147       1.0115335
       6583.3321       1.0122075
       6583.3495       1.0125199
       6583.3669       1.0126699
       6583.3843       1.0128330
       6583.4017       1.0131264
       6583.4191       1.0135845
       6583.4365       1.0141508
       6583.4539       1.0146914
       6583.4714       1.0150310
       6583.4888       1.0150035
       6583.5062       1.0144988
       6583.5236       1.0134893
       6583.5410       1.0120257
       6583.5584       1.0102137
       6583.5758       1.0081860
       6583.5932       1.0060879
       6583.6106       1.0040772
       6583.6281       1.0023257
       6583.6455       1.0010086
       6583.6629       1.0002745
       6583.6803       1.0002077
       6583.6977       1.0007998
       6583.7151       1.0019453
       6583.7325       1.0034640
       6583.7499       1.0051387
       6583.7673       1.0067535
       6583.7848       1.0081206
       6583.8022       1.0090911
       6583.8196       1.0095549
       6583.8370       1.0094374
       6583.8544       1.0086992
       6583.8718       1.0073509
       6583.8892       1.0054666
       6583.9066       1.0031890
       6583.9240       1.0007283
       6583.9415      0.99834235
       6583.9589      0.99629911
       6583.9763      0.99482976
       6583.9937      0.99408456
       6584.0111      0.99410470
       6584.0285      0.99482033
       6584.0459      0.99607633
       6584.0633      0.99767526
       6584.0807      0.99941940
       6584.0981       1.0011348
       6584.1156       1.0026730
       6584.1330       1.0038999
       6584.1504       1.0046938
       6584.1678       1.0049619
       6584.1852       1.0046753
       6584.2026       1.0039005
       6584.2200       1.0028036
       6584.2374       1.0016176
       6584.2548       1.0005804
       6584.2723      0.99986750
       6584.2897      0.99954832
       6584.3071      0.99957912
       6584.3245      0.99983399
       6584.3419       1.0001579
       6584.3593       1.0004212
       6584.3767       1.0005568
       6584.3941       1.0005686
       6584.4115       1.0005128
       6584.4290       1.0004622
       6584.4464       1.0004729
       6584.4638       1.0005671
       6584.4812       1.0007378
       6584.4986       1.0009686
       6584.5160       1.0012543
       6584.5334       1.0016078
       6584.5508       1.0020528
       6584.5682       1.0026038
       6584.5857       1.0032455
       6584.6031       1.0039203
       6584.6205       1.0045301
       6584.6379       1.0049536
       6584.6553       1.0050764
       6584.6727       1.0048278
       6584.6901       1.0042116
       6584.7075       1.0033189
       6584.7249       1.0023133
       6584.7424       1.0013897
       6584.7598       1.0007176
       6584.7772       1.0003902
       6584.7946       1.0003976
       6584.8120       1.0006333
       6584.8294       1.0009292
       6584.8468       1.0011027
       6584.8642       1.0009984
       6584.8816       1.0005112
       6584.8991      0.99959208
       6584.9165      0.99824496
       6584.9339      0.99652672
       6584.9513      0.99455487
       6584.9687      0.99251494
       6584.9861      0.99065227
       6585.0035      0.98923520
       6585.0209      0.98849139
       6585.0383      0.98853732
       6585.0558      0.98933213
       6585.0732      0.99068065
       6585.0906      0.99228917
       6585.1080      0.99385190
       6585.1254      0.99513178
       6585.1428      0.99600469
       6585.1602      0.99645599
       6585.1776      0.99655090
       6585.1950      0.99638799
       6585.2125      0.99606689
       6585.2299      0.99567231
