# Angstrom [air],  flux [abs.cor.cont.sub+1]
       6544.9914       1.0183063
       6545.0088       1.0166685
       6545.0262       1.0151023
       6545.0436       1.0137455
       6545.0611       1.0127166
       6545.0785       1.0120999
       6545.0959       1.0119375
       6545.1133       1.0122255
       6545.1307       1.0129250
       6545.1481       1.0139767
       6545.1655       1.0153079
       6545.1829       1.0168345
       6545.2003       1.0184607
       6545.2177       1.0200845
       6545.2352       1.0216125
       6545.2526       1.0229790
       6545.2700       1.0241629
       6545.2874       1.0251941
       6545.3048       1.0261501
       6545.3222       1.0271465
       6545.3396       1.0283232
       6545.3570       1.0298286
       6545.3744       1.0318001
       6545.3918       1.0343440
       6545.4093       1.0375243
       6545.4267       1.0413623
       6545.4441       1.0458508
       6545.4615       1.0509723
       6545.4789       1.0567125
       6545.4963       1.0630642
       6545.5137       1.0700261
       6545.5311       1.0775996
       6545.5485       1.0857900
       6545.5660       1.0946044
       6545.5834       1.1040422
       6545.6008       1.1140726
       6545.6182       1.1246051
       6545.6356       1.1354653
       6545.6530       1.1463911
       6545.6704       1.1570554
       6545.6878       1.1671104
       6545.7052       1.1762388
       6545.7226       1.1841937
       6545.7401       1.1908155
       6545.7575       1.1960230
       6545.7749       1.1997905
       6545.7923       1.2021108
       6545.8097       1.2029719
       6545.8271       1.2023469
       6545.8445       1.2001983
       6545.8619       1.1964933
       6545.8793       1.1912207
       6545.8967       1.1843999
       6545.9142       1.1760780
       6545.9316       1.1663175
       6545.9490       1.1551849
       6545.9664       1.1427494
       6545.9838       1.1290995
       6546.0012       1.1143702
       6546.0186       1.0987682
       6546.0360       1.0825802
       6546.0534       1.0661535
       6546.0708       1.0498545
       6546.0883       1.0340179
       6546.1057       1.0189027
       6546.1231       1.0046696
       6546.1405      0.99138005
       6546.1579      0.97901578
       6546.1753      0.96750786
       6546.1927      0.95677000
       6546.2101      0.94673117
       6546.2275      0.93736451
       6546.2449      0.92870899
       6546.2624      0.92087916
       6546.2798      0.91405900
       6546.2972      0.90847973
       6546.3146      0.90438621
       6546.3320      0.90199974
       6546.3494      0.90148531
       6546.3668      0.90292836
       6546.3842      0.90632196
       6546.4016      0.91157042
       6546.4191      0.91847023
       6546.4365      0.92673513
       6546.4539      0.93601338
       6546.4713      0.94590512
       6546.4887      0.95598840
       6546.5061      0.96584724
       6546.5235      0.97509885
       6546.5409      0.98341874
       6546.5583      0.99056455
       6546.5757      0.99639804
       6546.5932       1.0009014
       6546.6106       1.0041798
       6546.6280       1.0064442
       6546.6454       1.0079738
       6546.6628       1.0090689
       6546.6802       1.0100081
       6546.6976       1.0110224
       6546.7150       1.0122852
       6546.7324       1.0139109
       6546.7498       1.0159518
       6546.7673       1.0183890
       6546.7847       1.0211262
       6546.8021       1.0239959
       6546.8195       1.0267885
       6546.8369       1.0292978
       6546.8543       1.0313698
       6546.8717       1.0329372
       6546.8891       1.0340261
       6546.9065       1.0347352
       6546.9239       1.0351957
       6546.9414       1.0355282
       6546.9588       1.0358093
       6546.9762       1.0360590
       6546.9936       1.0362478
       6547.0110       1.0363181
       6547.0284       1.0362081
       6547.0458       1.0358667
       6547.0632       1.0352532
       6547.0806       1.0343296
       6547.0980       1.0330459
       6547.1155       1.0313463
       6547.1329       1.0291962
       6547.1503       1.0266254
       6547.1677       1.0237655
       6547.1851       1.0208611
       6547.2025       1.0182370
       6547.2199       1.0162288
       6547.2373       1.0150996
       6547.2547       1.0149747
       6547.2722       1.0158191
       6547.2896       1.0174639
       6547.3070       1.0196671
       6547.3244       1.0221821
       6547.3418       1.0248055
       6547.3592       1.0273928
       6547.3766       1.0298454
       6547.3940       1.0320849
       6547.4114       1.0340345
       6547.4288       1.0356162
       6547.4463       1.0367633
       6547.4637       1.0374384
       6547.4811       1.0376448
       6547.4985       1.0374290
       6547.5159       1.0368750
       6547.5333       1.0360978
       6547.5507       1.0352413
       6547.5681       1.0344743
       6547.5855       1.0339800
       6547.6029       1.0339296
       6547.6204       1.0344434
       6547.6378       1.0355520
       6547.6552       1.0371755
       6547.6726       1.0391323
       6547.6900       1.0411767
       6547.7074       1.0430493
       6547.7248       1.0445326
       6547.7422       1.0454846
       6547.7596       1.0458505
       6547.7770       1.0456567
       6547.7945       1.0449912
       6547.8119       1.0439758
       6547.8293       1.0427374
       6547.8467       1.0413846
       6547.8641       1.0399970
       6547.8815       1.0386272
       6547.8989       1.0373125
       6547.9163       1.0360843
       6547.9337       1.0349670
       6547.9511       1.0339603
       6547.9686       1.0330139
       6547.9860       1.0320085
       6548.0034       1.0307641
       6548.0208       1.0290822
       6548.0382       1.0268179
       6548.0556       1.0239562
       6548.0730       1.0206619
       6548.0904       1.0172765
       6548.1078       1.0142553
       6548.1253       1.0120616
       6548.1427       1.0110534
       6548.1601       1.0113980
       6548.1775       1.0130386
       6548.1949       1.0157147
       6548.2123       1.0190240
       6548.2297       1.0225042
       6548.2471       1.0257169
       6548.2645       1.0283229
       6548.2819       1.0301355
       6548.2994       1.0311442
       6548.3168       1.0314968
       6548.3342       1.0314416
       6548.3516       1.0312424
       6548.3690       1.0310976
       6548.3864       1.0310874
       6548.4038       1.0311797
       6548.4212       1.0312836
       6548.4386       1.0313233
       6548.4560       1.0312997
       6548.4735       1.0313090
       6548.4909       1.0315126
       6548.5083       1.0320723
       6548.5257       1.0330839
       6548.5431       1.0345405
       6548.5605       1.0363412
       6548.5779       1.0383390
       6548.5953       1.0403995
       6548.6127       1.0424417
       6548.6301       1.0444401
       6548.6476       1.0463963
       6548.6650       1.0482992
       6548.6824       1.0501007
       6548.6998       1.0517206
       6548.7172       1.0530737
       6548.7346       1.0541027
       6548.7520       1.0547933
       6548.7694       1.0551656
       6548.7868       1.0552464
       6548.8042       1.0550410
       6548.8217       1.0545244
       6548.8391       1.0536588
       6548.8565       1.0524311
       6548.8739       1.0508906
       6548.8913       1.0491646
       6548.9087       1.0474385
       6548.9261       1.0459075
       6548.9435       1.0447183
       6548.9609       1.0439289
       6548.9784       1.0435034
       6548.9958       1.0433428
       6549.0132       1.0433362
       6549.0306       1.0434018
       6549.0480       1.0435114
       6549.0654       1.0436761
       6549.0828       1.0439176
       6549.1002       1.0442383
       6549.1176       1.0446097
       6549.1350       1.0449780
       6549.1525       1.0452843
       6549.1699       1.0454833
       6549.1873       1.0455554
       6549.2047       1.0455078
       6549.2221       1.0453702
       6549.2395       1.0451866
       6549.2569       1.0450059
       6549.2743       1.0448678
       6549.2917       1.0447882
       6549.3091       1.0447460
       6549.3266       1.0446812
       6549.3440       1.0445088
       6549.3614       1.0441463
       6549.3788       1.0435484
       6549.3962       1.0427329
       6549.4136       1.0417866
       6549.4310       1.0408454
       6549.4484       1.0400532
       6549.4658       1.0395163
       6549.4832       1.0392732
       6549.5007       1.0392925
       6549.5181       1.0394996
       6549.5355       1.0398159
       6549.5529       1.0401898
       6549.5703       1.0406038
       6549.5877       1.0410581
       6549.6051       1.0415463
       6549.6225       1.0420431
       6549.6399       1.0425136
       6549.6573       1.0429394
       6549.6748       1.0433430
       6549.6922       1.0437899
       6549.7096       1.0443614
       6549.7270       1.0451132
       6549.7444       1.0460401
       6549.7618       1.0470680
       6549.7792       1.0480770
       6549.7966       1.0489424
       6549.8140       1.0495703
       6549.8315       1.0499120
       6549.8489       1.0499555
       6549.8663       1.0497072
       6549.8837       1.0491832
       6549.9011       1.0484169
       6549.9185       1.0474770
       6549.9359       1.0464795
       6549.9533       1.0455770
       6549.9707       1.0449238
       6549.9881       1.0446286
       6550.0056       1.0447188
       6550.0230       1.0451328
       6550.0404       1.0457468
       6550.0578       1.0464224
       6550.0752       1.0470529
       6550.0926       1.0475862
       6550.1100       1.0480168
       6550.1274       1.0483531
       6550.1448       1.0485830
       6550.1622       1.0486575
       6550.1797       1.0485026
       6550.1971       1.0480568
       6550.2145       1.0473145
       6550.2319       1.0463531
       6550.2493       1.0453290
       6550.2667       1.0444417
       6550.2841       1.0438801
       6550.3015       1.0437744
       6550.3189       1.0441733
       6550.3363       1.0450379
       6550.3538       1.0462767
       6550.3712       1.0477697
       6550.3886       1.0493861
       6550.4060       1.0509870
       6550.4234       1.0524208
       6550.4408       1.0535228
       6550.4582       1.0541278
       6550.4756       1.0540993
       6550.4930       1.0533711
       6550.5104       1.0519878
       6550.5279       1.0501261
       6550.5453       1.0480821
       6550.5627       1.0462194
       6550.5801       1.0448869
       6550.5975       1.0443321
       6550.6149       1.0446384
       6550.6323       1.0457095
       6550.6497       1.0473045
       6550.6671       1.0491093
       6550.6846       1.0508164
       6550.7020       1.0521869
       6550.7194       1.0530795
       6550.7368       1.0534473
       6550.7542       1.0533156
       6550.7716       1.0527569
       6550.7890       1.0518743
       6550.8064       1.0507954
       6550.8238       1.0496695
       6550.8412       1.0486572
       6550.8587       1.0479087
       6550.8761       1.0475320
       6550.8935       1.0475673
       6550.9109       1.0479791
       6550.9283       1.0486743
       6550.9457       1.0495379
       6550.9631       1.0504690
       6550.9805       1.0514002
       6550.9979       1.0522955
       6551.0153       1.0531324
       6551.0328       1.0538885
       6551.0502       1.0545429
       6551.0676       1.0550916
       6551.0850       1.0555621
       6551.1024       1.0560149
       6551.1198       1.0565239
       6551.1372       1.0571476
       6551.1546       1.0579071
       6551.1720       1.0587830
       6551.1894       1.0597308
       6551.2069       1.0607008
       6551.2243       1.0616497
       6551.2417       1.0625373
       6551.2591       1.0633166
       6551.2765       1.0639272
       6551.2939       1.0643007
       6551.3113       1.0643751
       6551.3287       1.0641104
       6551.3461       1.0634968
       6551.3635       1.0625531
       6551.3810       1.0613197
       6551.3984       1.0598502
       6551.4158       1.0582068
       6551.4332       1.0564561
       6551.4506       1.0546670
       6551.4680       1.0529076
       6551.4854       1.0512449
       6551.5028       1.0497495
       6551.5202       1.0485035
       6551.5377       1.0476056
       6551.5551       1.0471677
       6551.5725       1.0472959
       6551.5899       1.0480608
       6551.6073       1.0494639
       6551.6247       1.0514161
       6551.6421       1.0537330
       6551.6595       1.0561771
       6551.6769       1.0585085
       6551.6943       1.0605439
       6551.7118       1.0621985
       6551.7292       1.0634947
       6551.7466       1.0645331
       6551.7640       1.0654400
       6551.7814       1.0663123
       6551.7988       1.0671830
       6551.8162       1.0680191
       6551.8336       1.0687496
       6551.8510       1.0693071
       6551.8684       1.0696651
       6551.8859       1.0698540
       6551.9033       1.0699485
       6551.9207       1.0700313
       6551.9381       1.0701452
       6551.9555       1.0702531
       6551.9729       1.0702232
       6551.9903       1.0698496
       6552.0077       1.0689038
       6552.0251       1.0672031
       6552.0425       1.0646732
       6552.0600       1.0613854
       6552.0774       1.0575597
       6552.0948       1.0535333
       6552.1122       1.0497026
       6552.1296       1.0464498
       6552.1470       1.0440722
       6552.1644       1.0427315
       6552.1818       1.0424417
       6552.1992       1.0430994
       6552.2167       1.0445426
       6552.2341       1.0466094
       6552.2515       1.0491696
       6552.2689       1.0521184
       6552.2863       1.0553402
       6552.3037       1.0586848
       6552.3211       1.0619662
       6552.3385       1.0649901
       6552.3559       1.0675956
       6552.3733       1.0696865
       6552.3908       1.0712382
       6552.4082       1.0722829
       6552.4256       1.0728855
       6552.4430       1.0731250
       6552.4604       1.0730838
       6552.4778       1.0728430
       6552.4952       1.0724783
       6552.5126       1.0720566
       6552.5300       1.0716366
       6552.5474       1.0712788
       6552.5649       1.0710603
       6552.5823       1.0710850
       6552.5997       1.0714782
       6552.6171       1.0723613
       6552.6345       1.0738119
       6552.6519       1.0758235
       6552.6693       1.0782845
       6552.6867       1.0809856
       6552.7041       1.0836596
       6552.7215       1.0860415
       6552.7390       1.0879315
       6552.7564       1.0892406
       6552.7738       1.0900060
       6552.7912       1.0903713
       6552.8086       1.0905386
       6552.8260       1.0907065
       6552.8434       1.0910118
       6552.8608       1.0914915
       6552.8782       1.0920724
       6552.8956       1.0925944
       6552.9131       1.0928584
       6552.9305       1.0926883
       6552.9479       1.0919937
       6552.9653       1.0907954
       6552.9827       1.0892169
       6553.0001       1.0874397
       6553.0175       1.0856401
       6553.0349       1.0839357
       6553.0523       1.0823626
       6553.0698       1.0808911
       6553.0872       1.0794681
       6553.1046       1.0780616
       6553.1220       1.0766845
       6553.1394       1.0753874
       6553.1568       1.0742278
       6553.1742       1.0732358
       6553.1916       1.0723978
       6553.2090       1.0716672
       6553.2264       1.0709957
       6553.2439       1.0703700
       6553.2613       1.0698329
       6553.2787       1.0694813
       6553.2961       1.0694391
       6553.3135       1.0698176
       6553.3309       1.0706739
       6553.3483       1.0719788
       6553.3657       1.0736035
       6553.3831       1.0753300
       6553.4005       1.0768898
       6553.4180       1.0780256
       6553.4354       1.0785632
       6553.4528       1.0784684
       6553.4702       1.0778667
       6553.4876       1.0770111
       6553.5050       1.0762097
       6553.5224       1.0757390
       6553.5398       1.0757763
       6553.5572       1.0763726
       6553.5746       1.0774691
       6553.5921       1.0789308
       6553.6095       1.0806044
       6553.6269       1.0823570
       6553.6443       1.0841020
       6553.6617       1.0858070
       6553.6791       1.0874834
       6553.6965       1.0891614
       6553.7139       1.0908584
       6553.7313       1.0925533
       6553.7487       1.0941800
       6553.7662       1.0956422
       6553.7836       1.0968439
       6553.8010       1.0977224
       6553.8184       1.0982690
       6553.8358       1.0985324
       6553.8532       1.0986032
       6553.8706       1.0985879
       6553.8880       1.0985795
       6553.9054       1.0986346
       6553.9229       1.0987608
       6553.9403       1.0989203
       6553.9577       1.0990466
       6553.9751       1.0990709
       6553.9925       1.0989468
       6554.0099       1.0986634
       6554.0273       1.0982411
       6554.0447       1.0977107
       6554.0621       1.0970863
       6554.0795       1.0963460
       6554.0970       1.0954332
       6554.1144       1.0942791
       6554.1318       1.0928396
       6554.1492       1.0911265
       6554.1666       1.0892189
       6554.1840       1.0872467
       6554.2014       1.0853569
       6554.2188       1.0836795
       6554.2362       1.0823094
       6554.2536       1.0813080
       6554.2711       1.0807239
       6554.2885       1.0806044
       6554.3059       1.0809886
       6554.3233       1.0818805
       6554.3407       1.0832154
       6554.3581       1.0848435
       6554.3755       1.0865467
       6554.3929       1.0880899
       6554.4103       1.0892901
       6554.4277       1.0900730
       6554.4452       1.0904914
       6554.4626       1.0906971
       6554.4800       1.0908792
       6554.4974       1.0911977
       6554.5148       1.0917392
       6554.5322       1.0925076
       6554.5496       1.0934459
       6554.5670       1.0944712
       6554.5844       1.0955058
       6554.6018       1.0964999
       6554.6193       1.0974437
       6554.6367       1.0983741
       6554.6541       1.0993747
       6554.6715       1.1005643
       6554.6889       1.1020689
       6554.7063       1.1039836
       6554.7237       1.1063356
       6554.7411       1.1090700
       6554.7585       1.1120649
       6554.7760       1.1151752
       6554.7934       1.1182834
       6554.8108       1.1213355
       6554.8282       1.1243463
       6554.8456       1.1273738
       6554.8630       1.1304765
       6554.8804       1.1336732
       6554.8978       1.1369144
       6554.9152       1.1400858
       6554.9326       1.1430310
       6554.9501       1.1455898
       6554.9675       1.1476394
       6554.9849       1.1491262
       6555.0023       1.1500764
       6555.0197       1.1505783
       6555.0371       1.1507423
       6555.0545       1.1506504
       6555.0719       1.1503165
       6555.0893       1.1496706
       6555.1067       1.1485716
       6555.1242       1.1468421
       6555.1416       1.1443105
       6555.1590       1.1408483
       6555.1764       1.1363972
       6555.1938       1.1309880
       6555.2112       1.1247506
       6555.2286       1.1179158
       6555.2460       1.1108023
       6555.2634       1.1037841
       6555.2808       1.0972407
       6555.2983       1.0914971
       6555.3157       1.0867687
       6555.3331       1.0831248
       6555.3505       1.0804821
       6555.3679       1.0786307
       6555.3853       1.0772889
       6555.4027       1.0761688
       6555.4201       1.0750360
       6555.4375       1.0737454
       6555.4549       1.0722470
       6555.4724       1.0705687
       6555.4898       1.0687900
       6555.5072       1.0670223
       6555.5246       1.0654007
       6555.5420       1.0640822
       6555.5594       1.0632352
       6555.5768       1.0630212
       6555.5942       1.0635627
       6555.6116       1.0649111
       6555.6291       1.0670288
       6555.6465       1.0697934
       6555.6639       1.0730243
       6555.6813       1.0765211
       6555.6987       1.0800985
       6555.7161       1.0836085
       6555.7335       1.0869441
       6555.7509       1.0900305
       6555.7683       1.0928106
       6555.7857       1.0952352
       6555.8032       1.0972596
       6555.8206       1.0988464
       6555.8380       1.0999715
       6555.8554       1.1006274
       6555.8728       1.1008246
       6555.8902       1.1005927
       6555.9076       1.0999816
       6555.9250       1.0990633
       6555.9424       1.0979313
       6555.9598       1.0966928
       6555.9773       1.0954561
       6555.9947       1.0943138
       6556.0121       1.0933310
       6556.0295       1.0925413
       6556.0469       1.0919520
       6556.0643       1.0915525
       6556.0817       1.0913233
       6556.0991       1.0912410
       6556.1165       1.0912839
       6556.1339       1.0914361
       6556.1514       1.0916941
       6556.1688       1.0920707
       6556.1862       1.0925959
       6556.2036       1.0933097
       6556.2210       1.0942553
       6556.2384       1.0954673
       6556.2558       1.0969606
       6556.2732       1.0987186
       6556.2906       1.1006845
       6556.3080       1.1027596
       6556.3255       1.1048119
       6556.3429       1.1066985
       6556.3603       1.1082954
       6556.3777       1.1095266
       6556.3951       1.1103803
       6556.4125       1.1109064
       6556.4299       1.1111923
       6556.4473       1.1113283
       6556.4647       1.1113741
       6556.4822       1.1113423
       6556.4996       1.1112021
       6556.5170       1.1109008
       6556.5344       1.1103883
       6556.5518       1.1096307
       6556.5692       1.1086087
       6556.5866       1.1073069
       6556.6040       1.1057093
       6556.6214       1.1038135
       6556.6388       1.1016608
       6556.6563       1.0993667
       6556.6737       1.0971281
       6556.6911       1.0951941
       6556.7085       1.0938045
       6556.7259       1.0931179
       6556.7433       1.0931598
       6556.7607       1.0938120
       6556.7781       1.0948496
       6556.7955       1.0960104
       6556.8129       1.0970707
       6556.8304       1.0979007
       6556.8478       1.0984858
       6556.8652       1.0989042
       6556.8826       1.0992765
       6556.9000       1.0997126
       6556.9174       1.1002718
       6556.9348       1.1009498
       6556.9522       1.1016953
       6556.9696       1.1024460
       6556.9870       1.1031653
       6557.0045       1.1038625
       6557.0219       1.1045868
       6557.0393       1.1053991
       6557.0567       1.1063366
       6557.0741       1.1073899
       6557.0915       1.1085014
       6557.1089       1.1095850
       6557.1263       1.1105571
       6557.1437       1.1113656
       6557.1611       1.1120079
       6557.1786       1.1125358
       6557.1960       1.1130463
       6557.2134       1.1136620
       6557.2308       1.1145011
       6557.2482       1.1156431
       6557.2656       1.1170974
       6557.2830       1.1187842
       6557.3004       1.1205386
       6557.3178       1.1221393
       6557.3353       1.1233617
       6557.3527       1.1240388
       6557.3701       1.1241137
       6557.3875       1.1236633
       6557.4049       1.1228808
       6557.4223       1.1220192
       6557.4397       1.1213128
       6557.4571       1.1209044
       6557.4745       1.1208044
       6557.4919       1.1208950
       6557.5094       1.1209789
       6557.5268       1.1208604
       6557.5442       1.1204164
       6557.5616       1.1196382
       6557.5790       1.1186295
       6557.5964       1.1175630
       6557.6138       1.1166152
       6557.6312       1.1159085
       6557.6486       1.1154845
       6557.6660       1.1153156
       6557.6835       1.1153438
       6557.7009       1.1155218
       6557.7183       1.1158369
       6557.7357       1.1163050
       6557.7531       1.1169440
       6557.7705       1.1177429
       6557.7879       1.1186464
       6557.8053       1.1195642
       6557.8227       1.1204030
       6557.8401       1.1211064
       6557.8576       1.1216813
       6557.8750       1.1221997
       6557.8924       1.1227687
       6557.9098       1.1234817
       6557.9272       1.1243706
       6557.9446       1.1253821
       6557.9620       1.1263908
       6557.9794       1.1272455
       6557.9968       1.1278306
       6558.0142       1.1281147
       6558.0317       1.1281646
       6558.0491       1.1281198
       6558.0665       1.1281361
       6558.0839       1.1283226
       6558.1013       1.1286962
       6558.1187       1.1291718
       6558.1361       1.1295941
       6558.1535       1.1298040
       6558.1709       1.1297147
       6558.1884       1.1293624
       6558.2058       1.1289110
       6558.2232       1.1286034
       6558.2406       1.1286768
       6558.2580       1.1292746
       6558.2754       1.1303927
       6558.2928       1.1318816
       6558.3102       1.1335030
       6558.3276       1.1350163
       6558.3450       1.1362610
       6558.3625       1.1372024
       6558.3799       1.1379261
       6558.3973       1.1385855
       6558.4147       1.1393267
       6558.4321       1.1402206
       6558.4495       1.1412291
       6558.4669       1.1422152
       6558.4843       1.1429920
       6558.5017       1.1433905
       6558.5191       1.1433211
       6558.5366       1.1428113
       6558.5540       1.1420079
       6558.5714       1.1411467
       6558.5888       1.1404969
       6558.6062       1.1402947
       6558.6236       1.1406817
       6558.6410       1.1416638
       6558.6584       1.1431035
       6558.6758       1.1447522
       6558.6932       1.1463174
       6558.7107       1.1475460
       6558.7281       1.1482969
       6558.7455       1.1485788
       6558.7629       1.1485420
       6558.7803       1.1484310
       6558.7977       1.1485216
       6558.8151       1.1490552
       6558.8325       1.1501967
       6558.8499       1.1520146
       6558.8674       1.1544761
       6558.8848       1.1574551
       6558.9022       1.1607529
       6558.9196       1.1641325
       6558.9370       1.1673647
       6558.9544       1.1702766
       6558.9718       1.1727901
       6558.9892       1.1749369
       6559.0066       1.1768451
       6559.0240       1.1786996
       6559.0415       1.1806899
       6559.0589       1.1829625
       6559.0763       1.1855904
       6559.0937       1.1885628
       6559.1111       1.1917909
       6559.1285       1.1951187
       6559.1459       1.1983335
       6559.1633       1.2011790
       6559.1807       1.2033779
       6559.1981       1.2046702
       6559.2156       1.2048624
       6559.2330       1.2038750
       6559.2504       1.2017672
       6559.2678       1.1987280
       6559.2852       1.1950336
       6559.3026       1.1909840
       6559.3200       1.1868416
       6559.3374       1.1827880
       6559.3548       1.1789070
       6559.3722       1.1751924
       6559.3897       1.1715742
       6559.4071       1.1679539
       6559.4245       1.1642421
       6559.4419       1.1603897
       6559.4593       1.1564156
       6559.4767       1.1524041
       6559.4941       1.1484892
       6559.5115       1.1448258
       6559.5289       1.1415592
       6559.5463       1.1388033
       6559.5638       1.1366327
       6559.5812       1.1350873
       6559.5986       1.1341830
       6559.6160       1.1339194
       6559.6334       1.1342831
       6559.6508       1.1352441
       6559.6682       1.1367534
       6559.6856       1.1387453
       6559.7030       1.1411486
       6559.7205       1.1439047
       6559.7379       1.1469870
       6559.7553       1.1504094
       6559.7727       1.1542184
       6559.7901       1.1584670
       6559.8075       1.1631766
       6559.8249       1.1683009
       6559.8423       1.1737038
       6559.8597       1.1791615
       6559.8771       1.1843911
       6559.8946       1.1891030
       6559.9120       1.1930659
       6559.9294       1.1961687
       6559.9468       1.1984603
       6559.9642       1.2001521
       6559.9816       1.2015762
       6559.9990       1.2031078
       6560.0164       1.2050741
       6560.0338       1.2076744
       6560.0512       1.2109355
       6560.0687       1.2147148
       6560.0861       1.2187453
       6560.1035       1.2227062
       6560.1209       1.2263065
       6560.1383       1.2293441
       6560.1557       1.2317347
       6560.1731       1.2335101
       6560.1905       1.2347937
       6560.2079       1.2357627
       6560.2253       1.2366060
       6560.2428       1.2374838
       6560.2602       1.2384956
       6560.2776       1.2396629
       6560.2950       1.2409327
       6560.3124       1.2422010
       6560.3298       1.2433503
       6560.3472       1.2442883
       6560.3646       1.2449759
       6560.3820       1.2454332
       6560.3994       1.2457253
       6560.4169       1.2459334
       6560.4343       1.2461249
       6560.4517       1.2463340
       6560.4691       1.2465630
       6560.4865       1.2468005
       6560.5039       1.2470492
       6560.5213       1.2473468
       6560.5387       1.2477678
       6560.5561       1.2484028
       6560.5736       1.2493218
       6560.5910       1.2505392
       6560.6084       1.2519976
       6560.6258       1.2535838
       6560.6432       1.2551749
       6560.6606       1.2566969
       6560.6780       1.2581739
       6560.6954       1.2597436
       6560.7128       1.2616316
       6560.7302       1.2640891
       6560.7477       1.2673233
       6560.7651       1.2714143
       6560.7825       1.2762984
       6560.7999       1.2817736
       6560.8173       1.2875448
       6560.8347       1.2932891
       6560.8521       1.2987241
       6560.8695       1.3036628
       6560.8869       1.3080446
       6560.9043       1.3119397
       6560.9218       1.3155269
       6560.9392       1.3190561
       6560.9566       1.3228010
       6560.9740       1.3270123
       6560.9914       1.3318746
       6561.0088       1.3374695
       6561.0262       1.3437483
       6561.0436       1.3505244
       6561.0610       1.3574949
       6561.0784       1.3643006
       6561.0959       1.3706163
       6561.1133       1.3762500
       6561.1307       1.3812162
       6561.1481       1.3857557
       6561.1655       1.3902885
       6561.1829       1.3953136
       6561.2003       1.4012872
       6561.2177       1.4085183
       6561.2351       1.4171116
       6561.2525       1.4269713
       6561.2700       1.4378572
       6561.2874       1.4494706
       6561.3048       1.4615383
       6561.3222       1.4738712
       6561.3396       1.4863854
       6561.3570       1.4990916
       6561.3744       1.5120683
       6561.3918       1.5254366
       6561.4092       1.5393415
       6561.4267       1.5539378
       6561.4441       1.5693774
       6561.4615       1.5857884
       6561.4789       1.6032481
       6561.4963       1.6217594
       6561.5137       1.6412343
       6561.5311       1.6614927
       6561.5485       1.6822769
       6561.5659       1.7032835
       6561.5833       1.7242111
       6561.6008       1.7448179
       6561.6182       1.7649757
       6561.6356       1.7847038
       6561.6530       1.8041635
       6561.6704       1.8236092
       6561.6878       1.8433031
       6561.7052       1.8634196
       6561.7226       1.8839749
       6561.7400       1.9048074
       6561.7574       1.9256206
       6561.7749       1.9460701
       6561.7923       1.9658632
       6561.8097       1.9848317
       6561.8271       2.0029530
       6561.8445       2.0203177
       6561.8619       2.0370607
       6561.8793       2.0532894
       6561.8967       2.0690387
       6561.9141       2.0842692
       6561.9315       2.0989071
       6561.9490       2.1129015
       6561.9664       2.1262712
       6561.9838       2.1391175
       6562.0012       2.1515982
       6562.0186       2.1638752
       6562.0360       2.1760617
       6562.0534       2.1881857
       6562.0708       2.2001757
       6562.0882       2.2118842
       6562.1056       2.2231199
       6562.1231       2.2336910
       6562.1405       2.2434486
       6562.1579       2.2523253
       6562.1753       2.2603585
       6562.1927       2.2676922
       6562.2101       2.2745578
       6562.2275       2.2812365
       6562.2449       2.2880156
       6562.2623       2.2951478
       6562.2798       2.3028220
       6562.2972       2.3111460
       6562.3146       2.3201388
       6562.3320       2.3297301
       6562.3494       2.3397665
       6562.3668       2.3500294
       6562.3842       2.3602691
       6562.4016       2.3702566
       6562.4190       2.3798468
       6562.4364       2.3890370
       6562.4539       2.3980025
       6562.4713       2.4070905
       6562.4887       2.4167675
       6562.5061       2.4275284
       6562.5235       2.4397873
       6562.5409       2.4537790
       6562.5583       2.4694949
       6562.5757       2.4866702
       6562.5931       2.5048236
       6562.6105       2.5233416
       6562.6280       2.5415880
       6562.6454       2.5590123
       6562.6628       2.5752296
       6562.6802       2.5900490
       6562.6976       2.6034384
       6562.7150       2.6154565
       6562.7324       2.6261436
       6562.7498       2.6354351
       6562.7672       2.6431235
       6562.7846       2.6488703
       6562.8021       2.6522588
       6562.8195       2.6528652
       6562.8369       2.6503246
       6562.8543       2.6443763
       6562.8717       2.6348868
       6562.8891       2.6218553
       6562.9065       2.6054086
       6562.9239       2.5857911
       6562.9413       2.5633511
       6562.9587       2.5385243
       6562.9762       2.5118143
       6562.9936       2.4837700
       6563.0110       2.4549583
       6563.0284       2.4259295
       6563.0458       2.3971728
       6563.0632       2.3690661
       6563.0806       2.3418346
       6563.0980       2.3155348
       6563.1154       2.2900795
       6563.1329       2.2653008
       6563.1503       2.2410302
       6563.1677       2.2171649
       6563.1851       2.1936948
       6563.2025       2.1706866
       6563.2199       2.1482457
       6563.2373       2.1264818
       6563.2547       2.1054980
       6563.2721       2.0853997
       6563.2895       2.0663026
       6563.3070       2.0483220
       6563.3244       2.0315364
       6563.3418       2.0159400
       6563.3592       2.0014026
       6563.3766       1.9876524
       6563.3940       1.9743159
       6563.4114       1.9609707
       6563.4288       1.9472255
       6563.4462       1.9328051
       6563.4636       1.9176227
       6563.4811       1.9018169
       6563.4985       1.8857357
       6563.5159       1.8698657
       6563.5333       1.8547229
       6563.5507       1.8407399
       6563.5681       1.8281803
       6563.5855       1.8171013
       6563.6029       1.8073649
       6563.6203       1.7986847
       6563.6377       1.7906914
       6563.6552       1.7830022
       6563.6726       1.7752820
       6563.6900       1.7672887
       6563.7074       1.7588955
       6563.7248       1.7500862
       6563.7422       1.7409284
       6563.7596       1.7315335
       6563.7770       1.7220155
       6563.7944       1.7124619
       6563.8118       1.7029201
       6563.8293       1.6933988
       6563.8467       1.6838787
       6563.8641       1.6743230
       6563.8815       1.6646848
       6563.8989       1.6549088
       6563.9163       1.6449302
       6563.9337       1.6346728
       6563.9511       1.6240478
       6563.9685       1.6129569
       6563.9860       1.6013010
       6564.0034       1.5889959
       6564.0208       1.5760092
       6564.0382       1.5623801
       6564.0556       1.5482322
       6564.0730       1.5337655
       6564.0904       1.5192220
       6564.1078       1.5048363
       6564.1252       1.4907847
       6564.1426       1.4771517
       6564.1601       1.4639247
       6564.1775       1.4510198
       6564.1949       1.4383300
       6564.2123       1.4257767
       6564.2297       1.4133459
       6564.2471       1.4010932
       6564.2645       1.3891154
       6564.2819       1.3775020
       6564.2993       1.3662888
       6564.3167       1.3554368
       6564.3342       1.3448495
       6564.3516       1.3344226
       6564.3690       1.3241042
       6564.3864       1.3139402
       6564.4038       1.3040806
       6564.4212       1.2947431
       6564.4386       1.2861458
       6564.4560       1.2784332
       6564.4734       1.2716241
       6564.4908       1.2655968
       6564.5083       1.2601177
       6564.5257       1.2548996
       6564.5431       1.2496713
       6564.5605       1.2442377
       6564.5779       1.2385163
       6564.5953       1.2325463
       6564.6127       1.2264727
       6564.6301       1.2205113
       6564.6475       1.2149024
       6564.6649       1.2098638
       6564.6824       1.2055450
       6564.6998       1.2020172
       6564.7172       1.1992787
       6564.7346       1.1972783
       6564.7520       1.1959405
       6564.7694       1.1951771
       6564.7868       1.1948806
       6564.8042       1.1949073
       6564.8216       1.1950690
       6564.8391       1.1951478
       6564.8565       1.1949384
       6564.8739       1.1943034
       6564.8913       1.1932203
       6564.9087       1.1917941
       6564.9261       1.1902271
       6564.9435       1.1887519
       6564.9609       1.1875533
       6564.9783       1.1867089
       6564.9957       1.1861706
       6565.0132       1.1857923
       6565.0306       1.1853900
       6565.0480       1.1848068
       6565.0654       1.1839593
       6565.0828       1.1828489
       6565.1002       1.1815403
       6565.1176       1.1801214
       6565.1350       1.1786628
       6565.1524       1.1771963
       6565.1698       1.1757161
       6565.1873       1.1742001
       6565.2047       1.1726367
       6565.2221       1.1710435
       6565.2395       1.1694700
       6565.2569       1.1679862
       6565.2743       1.1666651
       6565.2917       1.1655700
       6565.3091       1.1647506
       6565.3265       1.1642358
       6565.3439       1.1640302
       6565.3614       1.1640995
       6565.3788       1.1643550
       6565.3962       1.1646508
       6565.4136       1.1648028
       6565.4310       1.1646301
       6565.4484       1.1640052
       6565.4658       1.1628938
       6565.4832       1.1613715
       6565.5006       1.1596102
       6565.5181       1.1578460
       6565.5355       1.1563361
       6565.5529       1.1553158
       6565.5703       1.1549590
       6565.5877       1.1553452
       6565.6051       1.1564375
       6565.6225       1.1580804
       6565.6399       1.1600243
       6565.6573       1.1619736
       6565.6747       1.1636487
       6565.6922       1.1648399
       6565.7096       1.1654396
       6565.7270       1.1654445
       6565.7444       1.1649341
       6565.7618       1.1640397
       6565.7792       1.1629148
       6565.7966       1.1617134
       6565.8140       1.1605739
       6565.8314       1.1596058
       6565.8488       1.1588763
       6565.8663       1.1584009
       6565.8837       1.1581406
       6565.9011       1.1580101
       6565.9185       1.1578958
       6565.9359       1.1576818
       6565.9533       1.1572763
       6565.9707       1.1566350
       6565.9881       1.1557731
       6566.0055       1.1547585
       6566.0229       1.1536950
       6566.0404       1.1526984
       6566.0578       1.1518729
       6566.0752       1.1512965
       6566.0926       1.1510148
       6566.1100       1.1510417
       6566.1274       1.1513597
       6566.1448       1.1519179
       6566.1622       1.1526289
       6566.1796       1.1533707
       6566.1970       1.1539994
       6566.2145       1.1543748
       6566.2319       1.1543929
       6566.2493       1.1540146
       6566.2667       1.1532796
       6566.2841       1.1522988
       6566.3015       1.1512287
       6566.3189       1.1502360
       6566.3363       1.1494646
       6566.3537       1.1490131
       6566.3712       1.1489259
       6566.3886       1.1491982
       6566.4060       1.1497875
       6566.4234       1.1506274
       6566.4408       1.1516373
       6566.4582       1.1527233
       6566.4756       1.1537720
       6566.4930       1.1546455
       6566.5104       1.1551844
       6566.5278       1.1552291
       6566.5453       1.1546537
       6566.5627       1.1534000
       6566.5801       1.1514942
       6566.5975       1.1490376
       6566.6149       1.1461788
       6566.6323       1.1430954
       6566.6497       1.1399751
       6566.6671       1.1370242
       6566.6845       1.1344664
       6566.7019       1.1325156
       6566.7194       1.1313224
       6566.7368       1.1309147
       6566.7542       1.1311680
       6566.7716       1.1318270
       6566.7890       1.1325750
       6566.8064       1.1331210
       6566.8238       1.1332679
       6566.8412       1.1329390
       6566.8586       1.1321605
       6566.8760       1.1310223
       6566.8935       1.1296383
       6566.9109       1.1281218
       6566.9283       1.1265784
       6566.9457       1.1251091
       6566.9631       1.1238154
       6566.9805       1.1227993
       6566.9979       1.1221552
       6567.0153       1.1219541
       6567.0327       1.1222223
       6567.0501       1.1229245
       6567.0676       1.1239581
       6567.0850       1.1251683
       6567.1024       1.1263805
       6567.1198       1.1274391
       6567.1372       1.1282403
       6567.1546       1.1287462
       6567.1720       1.1289787
       6567.1894       1.1289995
       6567.2068       1.1288851
       6567.2243       1.1287031
       6567.2417       1.1284936
       6567.2591       1.1282588
       6567.2765       1.1279644
       6567.2939       1.1275576
       6567.3113       1.1269972
       6567.3287       1.1262836
       6567.3461       1.1254740
       6567.3635       1.1246730
       6567.3809       1.1239987
       6567.3984       1.1235407
       6567.4158       1.1233266
       6567.4332       1.1233122
       6567.4506       1.1233971
       6567.4680       1.1234583
       6567.4854       1.1233880
       6567.5028       1.1231222
       6567.5202       1.1226545
       6567.5376       1.1220343
       6567.5550       1.1213542
       6567.5725       1.1207310
       6567.5899       1.1202838
       6567.6073       1.1201091
       6567.6247       1.1202567
       6567.6421       1.1207120
       6567.6595       1.1213918
       6567.6769       1.1221619
       6567.6943       1.1228700
       6567.7117       1.1233870
       6567.7291       1.1236402
       6567.7466       1.1236279
       6567.7640       1.1234121
       6567.7814       1.1230945
       6567.7988       1.1227846
       6567.8162       1.1225715
       6567.8336       1.1225055
       6567.8510       1.1225953
       6567.8684       1.1228181
       6567.8858       1.1231385
       6567.9032       1.1235293
       6567.9207       1.1239836
       6567.9381       1.1245120
       6567.9555       1.1251262
       6567.9729       1.1258139
       6567.9903       1.1265197
       6568.0077       1.1271420
       6568.0251       1.1275518
       6568.0425       1.1276265
       6568.0599       1.1272872
       6568.0774       1.1265249
       6568.0948       1.1254059
       6568.1122       1.1240560
       6568.1296       1.1226300
       6568.1470       1.1212749
       6568.1644       1.1200991
       6568.1818       1.1191533
       6568.1992       1.1184275
       6568.2166       1.1178636
       6568.2340       1.1173792
       6568.2515       1.1168984
       6568.2689       1.1163819
       6568.2863       1.1158504
       6568.3037       1.1153942
       6568.3211       1.1151630
       6568.3385       1.1153386
       6568.3559       1.1160949
       6568.3733       1.1175593
       6568.3907       1.1197870
       6568.4081       1.1227522
       6568.4256       1.1263583
       6568.4430       1.1304585
       6568.4604       1.1348812
       6568.4778       1.1394553
       6568.4952       1.1440331
       6568.5126       1.1485080
       6568.5300       1.1528270
       6568.5474       1.1569944
       6568.5648       1.1610662
       6568.5822       1.1651373
       6568.5997       1.1693056
       6568.6171       1.1736328
       6568.6345       1.1781093
       6568.6519       1.1826365
       6568.6693       1.1870414
       6568.6867       1.1911200
       6568.7041       1.1946931
       6568.7215       1.1976495
       6568.7389       1.1999556
       6568.7563       1.2016328
       6568.7738       1.2027151
       6568.7912       1.2032114
       6568.8086       1.2030876
       6568.8260       1.2022702
       6568.8434       1.2006620
       6568.8608       1.1981588
       6568.8782       1.1946614
       6568.8956       1.1900853
       6568.9130       1.1843742
       6568.9305       1.1775202
       6568.9479       1.1695867
       6568.9653       1.1607256
       6568.9827       1.1511803
       6569.0001       1.1412689
       6569.0175       1.1313505
       6569.0349       1.1217813
       6569.0523       1.1128666
       6569.0697       1.1048182
       6569.0871       1.0977253
       6569.1046       1.0915480
       6569.1220       1.0861375
       6569.1394       1.0812827
       6569.1568       1.0767702
       6569.1742       1.0724380
       6569.1916       1.0682059
       6569.2090       1.0640747
       6569.2264       1.0601021
       6569.2438       1.0563710
       6569.2612       1.0529643
       6569.2787       1.0499641
       6569.2961       1.0474628
       6569.3135       1.0455739
       6569.3309       1.0444275
       6569.3483       1.0441443
       6569.3657       1.0447973
       6569.3831       1.0463761
       6569.4005       1.0487721
       6569.4179       1.0517921
       6569.4353       1.0551951
       6569.4528       1.0587409
       6569.4702       1.0622333
       6569.4876       1.0655478
       6569.5050       1.0686374
       6569.5224       1.0715162
       6569.5398       1.0742251
       6569.5572       1.0767915
       6569.5746       1.0791964
       6569.5920       1.0813671
       6569.6094       1.0832027
       6569.6269       1.0846243
       6569.6443       1.0856306
       6569.6617       1.0863287
       6569.6791       1.0869233
       6569.6965       1.0876642
       6569.7139       1.0887735
       6569.7313       1.0903819
       6569.7487       1.0924956
       6569.7661       1.0950005
       6569.7836       1.0976926
       6569.8010       1.1003203
       6569.8184       1.1026244
       6569.8358       1.1043757
       6569.8532       1.1054089
       6569.8706       1.1056529
       6569.8880       1.1051710
       6569.9054       1.1041549
       6569.9228       1.1028965
       6569.9402       1.1017263
       6569.9577       1.1009331
       6569.9751       1.1006906
       6569.9925       1.1010181
       6570.0099       1.1017894
       6570.0273       1.1027836
       6570.0447       1.1037587
       6570.0621       1.1045217
       6570.0795       1.1049725
       6570.0969       1.1051111
       6570.1143       1.1050135
       6570.1318       1.1047887
       6570.1492       1.1045358
       6570.1666       1.1043162
       6570.1840       1.1041440
       6570.2014       1.1039949
       6570.2188       1.1038264
       6570.2362       1.1036020
       6570.2536       1.1033139
       6570.2710       1.1029970
       6570.2884       1.1027259
       6570.3059       1.1025910
       6570.3233       1.1026580
       6570.3407       1.1029263
       6570.3581       1.1033071
       6570.3755       1.1036374
       6570.3929       1.1037291
       6570.4103       1.1034341
       6570.4277       1.1026970
       6570.4451       1.1015722
       6570.4625       1.1002001
       6570.4800       1.0987544
       6570.4974       1.0973886
       6570.5148       1.0962006
       6570.5322       1.0952258
       6570.5496       1.0944508
       6570.5670       1.0938393
       6570.5844       1.0933485
       6570.6018       1.0929342
       6570.6192       1.0925492
       6570.6367       1.0921406
       6570.6541       1.0916544
       6570.6715       1.0910469
       6570.6889       1.0902997
       6570.7063       1.0894285
       6570.7237       1.0884796
       6570.7411       1.0875116
       6570.7585       1.0865685
       6570.7759       1.0856573
       6570.7933       1.0847417
       6570.8108       1.0837580
       6570.8282       1.0826473
       6570.8456       1.0813913
       6570.8630       1.0800351
       6570.8804       1.0786888
       6570.8978       1.0775084
       6570.9152       1.0766632
       6570.9326       1.0763007
       6570.9500       1.0765183
       6570.9674       1.0773451
       6570.9849       1.0787342
       6571.0023       1.0805648
       6571.0197       1.0826539
       6571.0371       1.0847767
       6571.0545       1.0866979
       6571.0719       1.0882089
       6571.0893       1.0891662
       6571.1067       1.0895190
       6571.1241       1.0893169
       6571.1415       1.0886941
       6571.1590       1.0878331
       6571.1764       1.0869211
       6571.1938       1.0861102
       6571.2112       1.0854930
       6571.2286       1.0851015
       6571.2460       1.0849208
       6571.2634       1.0849081
       6571.2808       1.0850113
       6571.2982       1.0851785
       6571.3156       1.0853588
       6571.3331       1.0854955
       6571.3505       1.0855195
       6571.3679       1.0853479
       6571.3853       1.0848917
       6571.4027       1.0840708
       6571.4201       1.0828293
       6571.4375       1.0811455
       6571.4549       1.0790360
       6571.4723       1.0765562
       6571.4898       1.0738017
       6571.5072       1.0709112
       6571.5246       1.0680615
       6571.5420       1.0654499
       6571.5594       1.0632596
       6571.5768       1.0616189
       6571.5942       1.0605704
       6571.6116       1.0600662
       6571.6290       1.0599944
       6571.6464       1.0602262
       6571.6639       1.0606649
       6571.6813       1.0612747
       6571.6987       1.0620785
       6571.7161       1.0631268
       6571.7335       1.0644541
       6571.7509       1.0660400
       6571.7683       1.0677941
       6571.7857       1.0695707
       6571.8031       1.0712090
       6571.8205       1.0725812
       6571.8380       1.0736340
       6571.8554       1.0744024
       6571.8728       1.0749863
       6571.8902       1.0755119
       6571.9076       1.0760890
       6571.9250       1.0767831
       6571.9424       1.0776079
       6571.9598       1.0785334
       6571.9772       1.0794979
       6571.9946       1.0804182
       6572.0121       1.0811983
       6572.0295       1.0817453
       6572.0469       1.0819958
       6572.0643       1.0819460
       6572.0817       1.0816704
       6572.0991       1.0813121
       6572.1165       1.0810457
       6572.1339       1.0810231
       6572.1513       1.0813300
       6572.1688       1.0819710
       6572.1862       1.0828883
       6572.2036       1.0840018
       6572.2210       1.0852482
       6572.2384       1.0866030
       6572.2558       1.0880760
       6572.2732       1.0896880
       6572.2906       1.0914406
       6572.3080       1.0932920
       6572.3254       1.0951499
       6572.3429       1.0968810
       6572.3603       1.0983326
       6572.3777       1.0993606
       6572.3951       1.0998527
       6572.4125       1.0997456
       6572.4299       1.0990316
       6572.4473       1.0977544
       6572.4647       1.0959978
       6572.4821       1.0938653
       6572.4995       1.0914642
       6572.5170       1.0888842
       6572.5344       1.0861953
       6572.5518       1.0834534
       6572.5692       1.0807120
       6572.5866       1.0780286
       6572.6040       1.0754613
       6572.6214       1.0730558
       6572.6388       1.0708322
       6572.6562       1.0687809
       6572.6736       1.0668706
       6572.6911       1.0650616
       6572.7085       1.0633161
       6572.7259       1.0615990
       6572.7433       1.0598736
       6572.7607       1.0581016
       6572.7781       1.0562540
       6572.7955       1.0543330
       6572.8129       1.0523942
       6572.8303       1.0505565
       6572.8477       1.0489905
       6572.8652       1.0478855
       6572.8826       1.0474029
       6572.9000       1.0476332
       6572.9174       1.0485694
       6572.9348       1.0501062
       6572.9522       1.0520661
       6572.9696       1.0542435
       6572.9870       1.0564506
       6573.0044       1.0585507
       6573.0219       1.0604696
       6573.0393       1.0621835
       6573.0567       1.0636943
       6573.0741       1.0650046
       6573.0915       1.0661030
       6573.1089       1.0669641
       6573.1263       1.0675594
       6573.1437       1.0678776
       6573.1611       1.0679384
       6573.1785       1.0677967
       6573.1960       1.0675387
       6573.2134       1.0672666
       6573.2308       1.0670779
       6573.2482       1.0670440
       6573.2656       1.0671941
       6573.2830       1.0675077
       6573.3004       1.0679207
       6573.3178       1.0683411
       6573.3352       1.0686728
       6573.3526       1.0688377
       6573.3701       1.0687916
       6573.3875       1.0685266
       6573.4049       1.0680633
       6573.4223       1.0674385
       6573.4397       1.0666949
       6573.4571       1.0658806
       6573.4745       1.0650540
       6573.4919       1.0642896
       6573.5093       1.0636779
       6573.5267       1.0633141
       6573.5442       1.0632812
       6573.5616       1.0636327
       6573.5790       1.0643799
       6573.5964       1.0654865
       6573.6138       1.0668705
       6573.6312       1.0684117
       6573.6486       1.0699654
       6573.6660       1.0713808
       6573.6834       1.0725211
       6573.7008       1.0732834
       6573.7183       1.0736147
       6573.7357       1.0735244
       6573.7531       1.0730910
       6573.7705       1.0724582
       6573.7879       1.0718174
       6573.8053       1.0713662
       6573.8227       1.0712587
       6573.8401       1.0715597
       6573.8575       1.0722202
       6573.8750       1.0730854
       6573.8924       1.0739373
       6573.9098       1.0745573
       6573.9272       1.0747898
       6573.9446       1.0745825
       6573.9620       1.0739896
       6573.9794       1.0731371
       6573.9968       1.0721662
       6574.0142       1.0711784
       6574.0316       1.0702065
       6574.0491       1.0692173
       6574.0665       1.0681415
       6574.0839       1.0669109
       6574.1013       1.0654888
       6574.1187       1.0638847
       6574.1361       1.0621532
       6574.1535       1.0603816
       6574.1709       1.0586696
       6574.1883       1.0571051
       6574.2057       1.0557421
       6574.2232       1.0545860
       6574.2406       1.0535955
       6574.2580       1.0527012
       6574.2754       1.0518410
       6574.2928       1.0510002
       6574.3102       1.0502447
       6574.3276       1.0497312
       6574.3450       1.0496877
       6574.3624       1.0503645
       6574.3798       1.0519704
       6574.3973       1.0546169
       6574.4147       1.0582888
       6574.4321       1.0628553
       6574.4495       1.0680935
       6574.4669       1.0737475
       6574.4843       1.0795716
       6574.5017       1.0853537
       6574.5191       1.0909226
       6574.5365       1.0961398
       6574.5539       1.1008842
       6574.5714       1.1050363
       6574.5888       1.1084696
       6574.6062       1.1110571
       6574.6236       1.1126906
       6574.6410       1.1133081
       6574.6584       1.1129145
       6574.6758       1.1115843
       6574.6932       1.1094432
       6574.7106       1.1066350
       6574.7281       1.1032897
       6574.7455       1.0995068
       6574.7629       1.0953610
       6574.7803       1.0909228
       6574.7977       1.0862808
       6574.8151       1.0815514
       6574.8325       1.0768685
       6574.8499       1.0723596
       6574.8673       1.0681225
       6574.8847       1.0642130
       6574.9022       1.0606510
       6574.9196       1.0574370
       6574.9370       1.0545707
       6574.9544       1.0520615
       6574.9718       1.0499265
       6574.9892       1.0481790
       6575.0066       1.0468131
       6575.0240       1.0457910
       6575.0414       1.0450394
       6575.0588       1.0444582
       6575.0763       1.0439398
       6575.0937       1.0433920
       6575.1111       1.0427590
       6575.1285       1.0420314
       6575.1459       1.0412411
       6575.1633       1.0404493
       6575.1807       1.0397318
       6575.1981       1.0391684
       6575.2155       1.0388391
       6575.2329       1.0388191
       6575.2504       1.0391701
       6575.2678       1.0399220
       6575.2852       1.0410531
       6575.3026       1.0424794
       6575.3200       1.0440632
       6575.3374       1.0456426
       6575.3548       1.0470728
       6575.3722       1.0482617
       6575.3896       1.0491866
       6575.4070       1.0498852
       6575.4245       1.0504291
       6575.4419       1.0508912
       6575.4593       1.0513231
       6575.4767       1.0517484
       6575.4941       1.0521722
       6575.5115       1.0525986
       6575.5289       1.0530455
       6575.5463       1.0535458
       6575.5637       1.0541338
       6575.5812       1.0548202
       6575.5986       1.0555718
       6575.6160       1.0563083
       6575.6334       1.0569240
       6575.6508       1.0573289
       6575.6682       1.0574884
       6575.6856       1.0574436
       6575.7030       1.0572974
       6575.7204       1.0571731
       6575.7378       1.0571634
       6575.7553       1.0572902
       6575.7727       1.0574982
       6575.7901       1.0576786
       6575.8075       1.0577089
       6575.8249       1.0574951
       6575.8423       1.0570008
       6575.8597       1.0562606
       6575.8771       1.0553750
       6575.8945       1.0544899
       6575.9119       1.0537623
       6575.9294       1.0533163
       6575.9468       1.0532027
       6575.9642       1.0533753
       6575.9816       1.0536990
       6575.9990       1.0539913
       6576.0164       1.0540822
       6576.0338       1.0538697
       6576.0512       1.0533458
       6576.0686       1.0525852
       6576.0860       1.0517044
       6576.1035       1.0508131
       6576.1209       1.0499815
       6576.1383       1.0492333
       6576.1557       1.0485621
       6576.1731       1.0479571
       6576.1905       1.0474224
       6576.2079       1.0469796
       6576.2253       1.0466558
       6576.2427       1.0464637
       6576.2601       1.0463867
       6576.2776       1.0463766
       6576.2950       1.0463668
       6576.3124       1.0462967
       6576.3298       1.0461369
       6576.3472       1.0459050
       6576.3646       1.0456662
       6576.3820       1.0455154
       6576.3994       1.0455459
       6576.4168       1.0458129
       6576.4343       1.0463112
       6576.4517       1.0469710
       6576.4691       1.0476772
       6576.4865       1.0483056
       6576.5039       1.0487617
       6576.5213       1.0490078
       6576.5387       1.0490679
       6576.5561       1.0490123
       6576.5735       1.0489296
       6576.5909       1.0488976
       6576.6084       1.0489605
       6576.6258       1.0491178
       6576.6432       1.0493253
       6576.6606       1.0495086
       6576.6780       1.0495874
       6576.6954       1.0495029
       6576.7128       1.0492403
       6576.7302       1.0488349
       6576.7476       1.0483566
       6576.7650       1.0478796
       6576.7825       1.0474488
       6576.7999       1.0470586
       6576.8173       1.0466565
       6576.8347       1.0461675
       6576.8521       1.0455288
       6576.8695       1.0447206
       6576.8869       1.0437787
       6576.9043       1.0427901
       6576.9217       1.0418727
       6576.9391       1.0411518
       6576.9566       1.0407369
       6576.9740       1.0407033
       6576.9914       1.0410785
       6577.0088       1.0418340
       6577.0262       1.0428850
       6577.0436       1.0441011
       6577.0610       1.0453257
       6577.0784       1.0464102
       6577.0958       1.0472387
       6577.1132       1.0477427
       6577.1307       1.0478997
       6577.1481       1.0477184
       6577.1655       1.0472214
       6577.1829       1.0464365
       6577.2003       1.0454026
       6577.2177       1.0441851
       6577.2351       1.0428891
       6577.2525       1.0416539
       6577.2699       1.0406282
       6577.2874       1.0399313
       6577.3048       1.0396190
       6577.3222       1.0396668
       6577.3396       1.0399789
       6577.3570       1.0404165
       6577.3744       1.0408344
       6577.3918       1.0411152
       6577.4092       1.0411921
       6577.4266       1.0410575
       6577.4440       1.0407571
       6577.4615       1.0403726
       6577.4789       1.0399979
       6577.4963       1.0397122
       6577.5137       1.0395582
       6577.5311       1.0395276
       6577.5485       1.0395608
       6577.5659       1.0395609
       6577.5833       1.0394228
       6577.6007       1.0390694
       6577.6181       1.0384835
       6577.6356       1.0377238
       6577.6530       1.0369177
       6577.6704       1.0362310
       6577.6878       1.0358265
       6577.7052       1.0358193
       6577.7226       1.0362457
       6577.7400       1.0370609
       6577.7574       1.0381554
       6577.7748       1.0393892
       6577.7922       1.0406317
       6577.8097       1.0417931
       6577.8271       1.0428371
       6577.8445       1.0437715
       6577.8619       1.0446212
       6577.8793       1.0453962
       6577.8967       1.0460705
       6577.9141       1.0465830
       6577.9315       1.0468632
       6577.9489       1.0468711
       6577.9663       1.0466325
       6577.9838       1.0462476
       6578.0012       1.0458621
       6578.0186       1.0456099
       6578.0360       1.0455511
       6578.0534       1.0456375
       6578.0708       1.0457259
       6578.0882       1.0456376
       6578.1056       1.0452395
       6578.1230       1.0445108
       6578.1405       1.0435659
       6578.1579       1.0426266
       6578.1753       1.0419544
       6578.1927       1.0417700
       6578.2101       1.0421849
       6578.2275       1.0431652
       6578.2449       1.0445339
       6578.2623       1.0460110
       6578.2797       1.0472830
       6578.2971       1.0480840
       6578.3146       1.0482638
       6578.3320       1.0478220
       6578.3494       1.0468923
       6578.3668       1.0456958
       6578.3842       1.0444592
       6578.4016       1.0433633
       6578.4190       1.0425178
       6578.4364       1.0419655
       6578.4538       1.0416986
       6578.4712       1.0416739
       6578.4887       1.0418195
       6578.5061       1.0420427
       6578.5235       1.0422460
       6578.5409       1.0423512
       6578.5583       1.0423229
       6578.5757       1.0421720
       6578.5931       1.0419364
       6578.6105       1.0416451
       6578.6279       1.0412900
       6578.6453       1.0408258
       6578.6628       1.0402035
       6578.6802       1.0394203
       6578.6976       1.0385570
       6578.7150       1.0377747
       6578.7324       1.0372673
       6578.7498       1.0371870
       6578.7672       1.0375787
       6578.7846       1.0383534
       6578.8020       1.0393137
       6578.8195       1.0402199
       6578.8369       1.0408692
       6578.8543       1.0411575
       6578.8717       1.0411047
       6578.8891       1.0408390
       6578.9065       1.0405481
       6578.9239       1.0404137
       6578.9413       1.0405526
       6578.9587       1.0409789
       6578.9761       1.0416005
       6578.9936       1.0422490
       6579.0110       1.0427297
       6579.0284       1.0428789
       6579.0458       1.0425992
       6579.0632       1.0418722
       6579.0806       1.0407515
       6579.0980       1.0393459
       6579.1154       1.0378012
       6579.1328       1.0362841
       6579.1502       1.0349638
       6579.1677       1.0339879
       6579.1851       1.0334528
       6579.2025       1.0333772
       6579.2199       1.0336931
       6579.2373       1.0342601
       6579.2547       1.0349054
       6579.2721       1.0354755
       6579.2895       1.0358819
       6579.3069       1.0361228
       6579.3243       1.0362745
       6579.3418       1.0364580
       6579.3592       1.0367951
       6579.3766       1.0373708
       6579.3940       1.0382130
       6579.4114       1.0392934
       6579.4288       1.0405441
       6579.4462       1.0418814
       6579.4636       1.0432286
       6579.4810       1.0445288
       6579.4984       1.0457454
       6579.5159       1.0468519
       6579.5333       1.0478175
       6579.5507       1.0485997
       6579.5681       1.0491495
       6579.5855       1.0494285
       6579.6029       1.0494311
       6579.6203       1.0491977
       6579.6377       1.0488124
       6579.6551       1.0483828
       6579.6726       1.0480073
       6579.6900       1.0477434
       6579.7074       1.0475916
       6579.7248       1.0474963
       6579.7422       1.0473673
       6579.7596       1.0471136
       6579.7770       1.0466798
       6579.7944       1.0460732
       6579.8118       1.0453712
       6579.8292       1.0447070
       6579.8467       1.0442342
       6579.8641       1.0440792
       6579.8815       1.0442974
       6579.8989       1.0448455
       6579.9163       1.0455841
       6579.9337       1.0463098
       6579.9511       1.0468090
       6579.9685       1.0469134
       6579.9859       1.0465376
       6580.0033       1.0456851
       6580.0208       1.0444248
       6580.0382       1.0428496
       6580.0556       1.0410389
       6580.0730       1.0390394
       6580.0904       1.0368701
       6580.1078       1.0345432
       6580.1252       1.0320894
       6580.1426       1.0295728
       6580.1600       1.0270935
       6580.1774       1.0247759
       6580.1949       1.0227518
       6580.2123       1.0211418
       6580.2297       1.0200407
       6580.2471       1.0195089
       6580.2645       1.0195683
       6580.2819       1.0201981
       6580.2993       1.0213307
       6580.3167       1.0228396
       6580.3341       1.0245480
       6580.3515       1.0262512
       6580.3690       1.0277579
       6580.3864       1.0289412
       6580.4038       1.0297768
       6580.4212       1.0303451
       6580.4386       1.0307936
       6580.4560       1.0312730
       6580.4734       1.0318766
       6580.4908       1.0326115
       6580.5082       1.0334107
       6580.5257       1.0341772
       6580.5431       1.0348342
       6580.5605       1.0353568
       6580.5779       1.0357741
       6580.5953       1.0361481
       6580.6127       1.0365447
       6580.6301       1.0370114
       6580.6475       1.0375669
       6580.6649       1.0382013
       6580.6823       1.0388802
       6580.6998       1.0395531
       6580.7172       1.0401652
       6580.7346       1.0406730
       6580.7520       1.0410610
       6580.7694       1.0413501
       6580.7868       1.0415920
       6580.8042       1.0418495
       6580.8216       1.0421688
       6580.8390       1.0425552
       6580.8564       1.0429621
       6580.8739       1.0432999
       6580.8913       1.0434620
       6580.9087       1.0433620
       6580.9261       1.0429683
       6580.9435       1.0423254
       6580.9609       1.0415538
       6580.9783       1.0408227
       6580.9957       1.0403032
       6581.0131       1.0401194
       6581.0305       1.0403105
       6581.0480       1.0408190
       6581.0654       1.0415115
       6581.0828       1.0422240
       6581.1002       1.0428151
       6581.1176       1.0432042
       6581.1350       1.0433810
       6581.1524       1.0433839
       6581.1698       1.0432607
       6581.1872       1.0430343
       6581.2046       1.0426877
       6581.2221       1.0421760
       6581.2395       1.0414561
       6581.2569       1.0405197
       6581.2743       1.0394137
       6581.2917       1.0382422
       6581.3091       1.0371481
       6581.3265       1.0362786
       6581.3439       1.0357446
       6581.3613       1.0355835
       6581.3788       1.0357405
       6581.3962       1.0360770
       6581.4136       1.0364088
       6581.4310       1.0365605
       6581.4484       1.0364155
       6581.4658       1.0359423
       6581.4832       1.0351901
       6581.5006       1.0342612
       6581.5180       1.0332741
       6581.5354       1.0323318
       6581.5529       1.0315018
       6581.5703       1.0308099
       6581.5877       1.0302456
       6581.6051       1.0297786
       6581.6225       1.0293772
       6581.6399       1.0290286
       6581.6573       1.0287452
       6581.6747       1.0285589
       6581.6921       1.0285048
       6581.7095       1.0286048
       6581.7270       1.0288578
       6581.7444       1.0292406
       6581.7618       1.0297164
       6581.7792       1.0302438
       6581.7966       1.0307800
       6581.8140       1.0312780
       6581.8314       1.0316809
       6581.8488       1.0319206
       6581.8662       1.0319249
       6581.8836       1.0316338
       6581.9011       1.0310212
       6581.9185       1.0301136
       6581.9359       1.0289954
       6581.9533       1.0277984
       6581.9707       1.0266746
       6581.9881       1.0257651
       6582.0055       1.0251738
       6582.0229       1.0249562
       6582.0403       1.0251225
       6582.0577       1.0256481
       6582.0752       1.0264851
       6582.0926       1.0275678
       6582.1100       1.0288151
       6582.1274       1.0301329
       6582.1448       1.0314209
       6582.1622       1.0325854
       6582.1796       1.0335556
       6582.1970       1.0342980
       6582.2144       1.0348219
       6582.2319       1.0351724
       6582.2493       1.0354110
       6582.2667       1.0355907
       6582.2841       1.0357365
       6582.3015       1.0358395
       6582.3189       1.0358680
       6582.3363       1.0357883
       6582.3537       1.0355846
       6582.3711       1.0352703
       6582.3885       1.0348877
       6582.4060       1.0345003
       6582.4234       1.0341811
       6582.4408       1.0339994
       6582.4582       1.0340066
       6582.4756       1.0342227
       6582.4930       1.0346286
       6582.5104       1.0351692
       6582.5278       1.0357681
       6582.5452       1.0363493
       6582.5626       1.0368551
       6582.5801       1.0372519
       6582.5975       1.0375211
       6582.6149       1.0376418
       6582.6323       1.0375767
       6582.6497       1.0372713
       6582.6671       1.0366729
       6582.6845       1.0357629
       6582.7019       1.0345893
       6582.7193       1.0332819
       6582.7367       1.0320381
       6582.7542       1.0310804
       6582.7716       1.0305986
       6582.7890       1.0306983
       6582.8064       1.0313756
       6582.8238       1.0325258
       6582.8412       1.0339809
       6582.8586       1.0355608
       6582.8760       1.0371181
       6582.8934       1.0385607
       6582.9108       1.0398456
       6582.9283       1.0409590
       6582.9457       1.0418847
       6582.9631       1.0425938
       6582.9805       1.0430568
       6582.9979       1.0432733
       6583.0153       1.0432976
       6583.0327       1.0432432
       6583.0501       1.0432569
       6583.0675       1.0434721
       6583.0850       1.0439606
       6583.1024       1.0447061
       6583.1198       1.0456100
       6583.1372       1.0465285
       6583.1546       1.0473254
       6583.1720       1.0479198
       6583.1894       1.0483120
       6583.2068       1.0485785
       6583.2242       1.0488377
       6583.2416       1.0492037
       6583.2591       1.0497417
       6583.2765       1.0504449
       6583.2939       1.0512365
       6583.3113       1.0519960
       6583.3287       1.0525966
       6583.3461       1.0529382
       6583.3635       1.0529639
       6583.3809       1.0526556
       6583.3983       1.0520155
       6583.4157       1.0510473
       6583.4332       1.0497491
       6583.4506       1.0481227
       6583.4680       1.0461903
       6583.4854       1.0440093
       6583.5028       1.0416727
       6583.5202       1.0392958
       6583.5376       1.0369977
       6583.5550       1.0348851
       6583.5724       1.0330428
       6583.5898       1.0315314
       6583.6073       1.0303888
       6583.6247       1.0296295
       6583.6421       1.0292398
       6583.6595       1.0291735
       6583.6769       1.0293509
       6583.6943       1.0296654
       6583.7117       1.0299996
       6583.7291       1.0302494
       6583.7465       1.0303473
       6583.7639       1.0302755
       6583.7814       1.0300616
       6583.7988       1.0297552
       6583.8162       1.0293964
       6583.8336       1.0289905
       6583.8510       1.0285012
       6583.8684       1.0278653
       6583.8858       1.0270239
       6583.9032       1.0259564
       6583.9206       1.0247041
       6583.9381       1.0233756
       6583.9555       1.0221306
       6583.9729       1.0211486
       6583.9903       1.0205911
       6584.0077       1.0205683
       6584.0251       1.0211202
       6584.0425       1.0222148
       6584.0599       1.0237600
       6584.0773       1.0256250
       6584.0947       1.0276601
       6584.1122       1.0297130
       6584.1296       1.0316409
       6584.1470       1.0333217
       6584.1644       1.0346685
       6584.1818       1.0356440
       6584.1992       1.0362716
       6584.2166       1.0366312
       6584.2340       1.0368389
       6584.2514       1.0370016
       6584.2688       1.0371766
       6584.2863       1.0373462
       6584.3037       1.0374229
       6584.3211       1.0372862
       6584.3385       1.0368372
       6584.3559       1.0360464
       6584.3733       1.0349760
       6584.3907       1.0337693
       6584.4081       1.0326132
       6584.4255       1.0316894
       6584.4429       1.0311312
       6584.4604       1.0309928
       6584.4778       1.0312372
       6584.4952       1.0317405
       6584.5126       1.0323157
       6584.5300       1.0327518
       6584.5474       1.0328628
       6584.5648       1.0325330
       6584.5822       1.0317439
       6584.5996       1.0305705
       6584.6170       1.0291501
       6584.6345       1.0276359
       6584.6519       1.0261558
       6584.6693       1.0247938
       6584.6867       1.0235950
       6584.7041       1.0225868
       6584.7215       1.0217987
       6584.7389       1.0212710
       6584.7563       1.0210472
       6584.7737       1.0211598
       6584.7912       1.0216160
       6584.8086       1.0223907
       6584.8260       1.0234265
       6584.8434       1.0246415
       6584.8608       1.0259412
       6584.8782       1.0272337
       6584.8956       1.0284480
       6584.9130       1.0295429
       6584.9304       1.0305063
       6584.9478       1.0313420
       6584.9653       1.0320517
       6584.9827       1.0326194
       6585.0001       1.0330073
