# Angstrom [air],  flux [abs.cor.cont.sub+1]
       6544.9962      0.99980231
       6545.0136      0.99593582
       6545.0310      0.99265403
       6545.0484      0.99037431
       6545.0658      0.98939022
       6545.0832      0.98980873
       6545.1006      0.99151740
       6545.1180      0.99420426
       6545.1355      0.99743141
       6545.1529       1.0007358
       6545.1703       1.0037131
       6545.1877       1.0060632
       6545.2051       1.0075895
       6545.2225       1.0081722
       6545.2399       1.0077672
       6545.2573       1.0064339
       6545.2747       1.0043745
       6545.2921       1.0019480
       6545.3096      0.99963102
       6545.3270      0.99792724
       6545.3444      0.99725586
       6545.3618      0.99786253
       6545.3792      0.99978384
       6545.3966       1.0028721
       6545.4140       1.0068628
       6545.4314       1.0114566
       6545.4488       1.0163874
       6545.4663       1.0214652
       6545.4837       1.0265914
       6545.5011       1.0317565
       6545.5185       1.0370282
       6545.5359       1.0425352
       6545.5533       1.0484435
       6545.5707       1.0549239
       6545.5881       1.0621075
       6545.6055       1.0700366
       6545.6229       1.0786225
       6545.6404       1.0876279
       6545.6578       1.0966873
       6545.6752       1.1053696
       6545.6926       1.1132715
       6545.7100       1.1201127
       6545.7274       1.1257977
       6545.7448       1.1304194
       6545.7622       1.1342006
       6545.7796       1.1373988
       6545.7971       1.1402143
       6545.8145       1.1427359
       6545.8319       1.1449426
       6545.8493       1.1467323
       6545.8667       1.1479954
       6545.8841       1.1486518
       6545.9015       1.1486532
       6545.9189       1.1479437
       6545.9363       1.1463976
       6545.9537       1.1437674
       6545.9712       1.1396777
       6545.9886       1.1336792
       6546.0060       1.1253514
       6546.0234       1.1144158
       6546.0408       1.1008203
       6546.0582       1.0847692
       6546.0756       1.0666979
       6546.0930       1.0472091
       6546.1104       1.0269904
       6546.1278       1.0067306
       6546.1453      0.98704415
       6546.1627      0.96841216
       6546.1801      0.95115373
       6546.1975      0.93543401
       6546.2149      0.92130890
       6546.2323      0.90879014
       6546.2497      0.89790739
       6546.2671      0.88874752
       6546.2845      0.88146459
       6546.3020      0.87626788
       6546.3194      0.87339865
       6546.3368      0.87310053
       6546.3542      0.87557832
       6546.3716      0.88093846
       6546.3890      0.88911426
       6546.4064      0.89979636
       6546.4238      0.91240077
       6546.4412      0.92610311
       6546.4586      0.93994621
       6546.4761      0.95299153
       6546.4935      0.96450037
       6546.5109      0.97406042
       6546.5283      0.98161798
       6546.5457      0.98743141
       6546.5631      0.99194671
       6546.5805      0.99563336
       6546.5979      0.99883076
       6546.6153       1.0016561
       6546.6328       1.0040068
       6546.6502       1.0056540
       6546.6676       1.0063878
       6546.6850       1.0061489
       6546.7024       1.0050941
       6546.7198       1.0035722
       6546.7372       1.0020293
       6546.7546       1.0008881
       6546.7720       1.0004464
       6546.7894       1.0008246
       6546.8069       1.0019648
       6546.8243       1.0036665
       6546.8417       1.0056382
       6546.8591       1.0075519
       6546.8765       1.0091004
       6546.8939       1.0100569
       6546.9113       1.0103323
       6546.9287       1.0100079
       6546.9461       1.0093171
       6546.9635       1.0085694
       6546.9810       1.0080386
       6546.9984       1.0078661
       6547.0158       1.0080296
       6547.0332       1.0083960
       6547.0506       1.0088300
       6547.0680       1.0092973
       6547.0854       1.0099027
       6547.1028       1.0108393
       6547.1202       1.0122759
       6547.1377       1.0142367
       6547.1551       1.0165292
       6547.1725       1.0187729
       6547.1899       1.0204847
       6547.2073       1.0211994
       6547.2247       1.0205783
       6547.2421       1.0184819
       6547.2595       1.0150014
       6547.2769       1.0104580
       6547.2943       1.0053790
       6547.3118       1.0004476
       6547.3292      0.99641627
       6547.3466      0.99397880
       6547.3640      0.99361452
       6547.3814      0.99544821
       6547.3988      0.99918029
       6547.4162       1.0041305
       6547.4336       1.0093977
       6547.4510       1.0140912
       6547.4685       1.0175553
       6547.4859       1.0195133
       6547.5033       1.0200891
       6547.5207       1.0197116
       6547.5381       1.0189469
       6547.5555       1.0183169
       6547.5729       1.0181583
       6547.5903       1.0185511
       6547.6077       1.0193307
       6547.6251       1.0201724
       6547.6426       1.0207249
       6547.6600       1.0207525
       6547.6774       1.0202377
       6547.6948       1.0194008
       6547.7122       1.0186209
       6547.7296       1.0182823
       6547.7470       1.0186118
       6547.7644       1.0195841
       6547.7818       1.0209437
       6547.7992       1.0223326
       6547.8167       1.0234760
       6547.8341       1.0243075
       6547.8515       1.0249862
       6547.8689       1.0258031
       6547.8863       1.0270292
       6547.9037       1.0287832
       6547.9211       1.0309793
       6547.9385       1.0333656
       6547.9559       1.0356234
       6547.9734       1.0374704
       6547.9908       1.0387247
       6548.0082       1.0393155
       6548.0256       1.0392538
       6548.0430       1.0385914
       6548.0604       1.0373902
       6548.0778       1.0357064
       6548.0952       1.0335877
       6548.1126       1.0310759
       6548.1300       1.0282190
       6548.1475       1.0250948
       6548.1649       1.0218421
       6548.1823       1.0186843
       6548.1997       1.0159231
       6548.2171       1.0138887
       6548.2345       1.0128567
       6548.2519       1.0129623
       6548.2693       1.0141479
       6548.2867       1.0161700
       6548.3042       1.0186613
       6548.3216       1.0212247
       6548.3390       1.0235202
       6548.3564       1.0253166
       6548.3738       1.0264967
       6548.3912       1.0270244
       6548.4086       1.0268989
       6548.4260       1.0261172
       6548.4434       1.0246694
       6548.4608       1.0225643
       6548.4783       1.0198640
       6548.4957       1.0167283
       6548.5131       1.0134400
       6548.5305       1.0103966
       6548.5479       1.0080593
       6548.5653       1.0068573
       6548.5827       1.0070687
       6548.6001       1.0087179
       6548.6175       1.0115364
       6548.6349       1.0150209
       6548.6524       1.0185790
       6548.6698       1.0217117
       6548.6872       1.0241580
       6548.7046       1.0259455
       6548.7220       1.0273309
       6548.7394       1.0286647
       6548.7568       1.0302393
       6548.7742       1.0321762
       6548.7916       1.0343850
       6548.8091       1.0365940
       6548.8265       1.0384334
       6548.8439       1.0395386
       6548.8613       1.0396437
       6548.8787       1.0386467
       6548.8961       1.0366344
       6548.9135       1.0338710
       6548.9309       1.0307564
       6548.9483       1.0277579
       6548.9657       1.0253249
       6548.9832       1.0237950
       6549.0006       1.0233132
       6549.0180       1.0237916
       6549.0354       1.0249317
       6549.0528       1.0263097
       6549.0702       1.0275001
       6549.0876       1.0281887
       6549.1050       1.0282487
       6549.1224       1.0277259
       6549.1398       1.0267664
       6549.1573       1.0255223
       6549.1747       1.0240797
       6549.1921       1.0224416
       6549.2095       1.0205685
       6549.2269       1.0184516
       6549.2443       1.0161723
       6549.2617       1.0139143
       6549.2791       1.0119184
       6549.2965       1.0104052
       6549.3140       1.0095076
       6549.3314       1.0092465
       6549.3488       1.0095575
       6549.3662       1.0103428
       6549.3836       1.0115144
       6549.4010       1.0130050
       6549.4184       1.0147510
       6549.4358       1.0166720
       6549.4532       1.0186689
       6549.4706       1.0206457
       6549.4881       1.0225363
       6549.5055       1.0243172
       6549.5229       1.0259934
       6549.5403       1.0275670
       6549.5577       1.0290070
       6549.5751       1.0302356
       6549.5925       1.0311352
       6549.6099       1.0315736
       6549.6273       1.0314425
       6549.6448       1.0307051
       6549.6622       1.0294405
       6549.6796       1.0278658
       6549.6970       1.0263134
       6549.7144       1.0251537
       6549.7318       1.0246846
       6549.7492       1.0250185
       6549.7666       1.0260308
       6549.7840       1.0274068
       6549.8014       1.0287529
       6549.8189       1.0297379
       6549.8363       1.0302012
       6549.8537       1.0301855
       6549.8711       1.0298880
       6549.8885       1.0295589
       6549.9059       1.0293962
       6549.9233       1.0294770
       6549.9407       1.0297412
       6549.9581       1.0300230
       6549.9755       1.0301130
       6549.9930       1.0298294
       6550.0104       1.0290823
       6550.0278       1.0279119
       6550.0452       1.0264892
       6550.0626       1.0250755
       6550.0800       1.0239550
       6550.0974       1.0233654
       6550.1148       1.0234508
       6550.1322       1.0242471
       6550.1497       1.0256919
       6550.1671       1.0276439
       6550.1845       1.0299011
       6550.2019       1.0322185
       6550.2193       1.0343312
       6550.2367       1.0359887
       6550.2541       1.0369957
       6550.2715       1.0372490
       6550.2889       1.0367569
       6550.3063       1.0356332
       6550.3238       1.0340634
       6550.3412       1.0322550
       6550.3586       1.0303864
       6550.3760       1.0285741
       6550.3934       1.0268744
       6550.4108       1.0253121
       6550.4282       1.0239316
       6550.4456       1.0228353
       6550.4630       1.0221923
       6550.4805       1.0222125
       6550.4979       1.0230934
       6550.5153       1.0249613
       6550.5327       1.0278252
       6550.5501       1.0315578
       6550.5675       1.0359067
       6550.5849       1.0405277
       6550.6023       1.0450315
       6550.6197       1.0490327
       6550.6371       1.0521991
       6550.6546       1.0542955
       6550.6720       1.0552198
       6550.6894       1.0550191
       6550.7068       1.0538771
       6550.7242       1.0520741
       6550.7416       1.0499324
       6550.7590       1.0477709
       6550.7764       1.0458800
       6550.7938       1.0445132
       6550.8112       1.0438750
       6550.8287       1.0440891
       6550.8461       1.0451540
       6550.8635       1.0469117
       6550.8809       1.0490634
       6550.8983       1.0512418
       6550.9157       1.0531170
       6550.9331       1.0544864
       6550.9505       1.0553053
       6550.9679       1.0556495
       6550.9854       1.0556379
       6551.0028       1.0553703
       6551.0202       1.0549157
       6551.0376       1.0543501
       6551.0550       1.0538053
       6551.0724       1.0534733
       6551.0898       1.0535524
       6551.1072       1.0541593
       6551.1246       1.0552594
       6551.1420       1.0566620
       6551.1595       1.0580907
       6551.1769       1.0592904
       6551.1943       1.0601159
       6551.2117       1.0605558
       6551.2291       1.0606890
       6551.2465       1.0606066
       6551.2639       1.0603517
       6551.2813       1.0599096
       6551.2987       1.0592437
       6551.3162       1.0583449
       6551.3336       1.0572531
       6551.3510       1.0560382
       6551.3684       1.0547561
       6551.3858       1.0534164
       6551.4032       1.0519910
       6551.4206       1.0504618
       6551.4380       1.0488805
       6551.4554       1.0474016
       6551.4728       1.0462625
       6551.4903       1.0457137
       6551.5077       1.0459280
       6551.5251       1.0469294
       6551.5425       1.0485723
       6551.5599       1.0505794
       6551.5773       1.0526205
       6551.5947       1.0544009
       6551.6121       1.0557246
       6551.6295       1.0565130
       6551.6469       1.0567788
       6551.6644       1.0565771
       6551.6818       1.0559616
       6551.6992       1.0549737
       6551.7166       1.0536770
       6551.7340       1.0521990
       6551.7514       1.0507610
       6551.7688       1.0496553
       6551.7862       1.0491665
       6551.8036       1.0494724
       6551.8211       1.0505769
       6551.8385       1.0523198
       6551.8559       1.0544612
       6551.8733       1.0567897
       6551.8907       1.0591871
       6551.9081       1.0616012
       6551.9255       1.0639445
       6551.9429       1.0659842
       6551.9603       1.0673047
       6551.9777       1.0673860
       6551.9952       1.0657773
       6552.0126       1.0622903
       6552.0300       1.0571242
       6552.0474       1.0508623
       6552.0648       1.0443367
       6552.0822       1.0384146
       6552.0996       1.0337841
       6552.1170       1.0308143
       6552.1344       1.0295267
       6552.1519       1.0296706
       6552.1693       1.0308604
       6552.1867       1.0327188
       6552.2041       1.0349832
       6552.2215       1.0375459
       6552.2389       1.0404252
       6552.2563       1.0436828
       6552.2737       1.0473176
       6552.2911       1.0511824
       6552.3085       1.0549662
       6552.3260       1.0582621
       6552.3434       1.0606990
       6552.3608       1.0621038
       6552.3782       1.0625850
       6552.3956       1.0625100
       6552.4130       1.0623879
       6552.4304       1.0627006
       6552.4478       1.0637500
       6552.4652       1.0655748
       6552.4826       1.0679523
       6552.5001       1.0704750
       6552.5175       1.0726729
       6552.5349       1.0741498
       6552.5523       1.0746995
       6552.5697       1.0743667
       6552.5871       1.0734312
       6552.6045       1.0723147
       6552.6219       1.0714425
       6552.6393       1.0711124
       6552.6568       1.0714182
       6552.6742       1.0722486
       6552.6916       1.0733482
       6552.7090       1.0744077
       6552.7264       1.0751504
       6552.7438       1.0753984
       6552.7612       1.0751122
       6552.7786       1.0744032
       6552.7960       1.0735116
       6552.8134       1.0727455
       6552.8309       1.0723922
       6552.8483       1.0726295
       6552.8657       1.0734737
       6552.8831       1.0747899
       6552.9005       1.0763565
       6552.9179       1.0779516
       6552.9353       1.0794204
       6552.9527       1.0806969
       6552.9701       1.0817812
       6552.9875       1.0826927
       6553.0050       1.0834283
       6553.0224       1.0839437
       6553.0398       1.0841642
       6553.0572       1.0840150
       6553.0746       1.0834582
       6553.0920       1.0825203
       6553.1094       1.0812988
       6553.1268       1.0799437
       6553.1442       1.0786191
       6553.1617       1.0774588
       6553.1791       1.0765318
       6553.1965       1.0758313
       6553.2139       1.0752873
       6553.2313       1.0747941
       6553.2487       1.0742365
       6553.2661       1.0735047
       6553.2835       1.0724992
       6553.3009       1.0711371
       6553.3183       1.0693734
       6553.3358       1.0672389
       6553.3532       1.0648798
       6553.3706       1.0625749
       6553.3880       1.0607103
       6553.4054       1.0597079
       6553.4228       1.0599247
       6553.4402       1.0615513
       6553.4576       1.0645370
       6553.4750       1.0685638
       6553.4925       1.0730758
       6553.5099       1.0773615
       6553.5273       1.0806746
       6553.5447       1.0823719
       6553.5621       1.0820400
       6553.5795       1.0795888
       6553.5969       1.0752875
       6553.6143       1.0697357
       6553.6317       1.0637673
       6553.6491       1.0583137
       6553.6666       1.0542275
       6553.6840       1.0521326
       6553.7014       1.0523320
       6553.7188       1.0547681
       6553.7362       1.0590438
       6553.7536       1.0644960
       6553.7710       1.0703103
       6553.7884       1.0756590
       6553.8058       1.0798397
       6553.8232       1.0823867
       6553.8407       1.0831326
       6553.8581       1.0822082
       6553.8755       1.0799850
       6553.8929       1.0769748
       6553.9103       1.0737092
       6553.9277       1.0706259
       6553.9451       1.0679865
       6553.9625       1.0658494
       6553.9799       1.0641019
       6553.9974       1.0625412
       6554.0148       1.0609745
       6554.0322       1.0593031
       6554.0496       1.0575670
       6554.0670       1.0559392
       6554.0844       1.0546801
       6554.1018       1.0540692
       6554.1192       1.0543331
       6554.1366       1.0555843
       6554.1540       1.0577821
       6554.1715       1.0607186
       6554.1889       1.0640360
       6554.2063       1.0672735
       6554.2237       1.0699465
       6554.2411       1.0716496
       6554.2585       1.0721659
       6554.2759       1.0715453
       6554.2933       1.0701108
       6554.3107       1.0683760
       6554.3282       1.0668672
       6554.3456       1.0659347
       6554.3630       1.0656411
       6554.3804       1.0657712
       6554.3978       1.0659626
       6554.4152       1.0658927
       6554.4326       1.0654353
       6554.4500       1.0647180
       6554.4674       1.0640669
       6554.4848       1.0638774
       6554.5023       1.0644763
       6554.5197       1.0660332
       6554.5371       1.0685455
       6554.5545       1.0718825
       6554.5719       1.0758527
       6554.5893       1.0802528
       6554.6067       1.0848827
       6554.6241       1.0895322
       6554.6415       1.0939675
       6554.6589       1.0979406
       6554.6764       1.1012277
       6554.6938       1.1036792
       6554.7112       1.1052506
       6554.7286       1.1059956
       6554.7460       1.1060207
       6554.7634       1.1054270
       6554.7808       1.1042707
       6554.7982       1.1025623
       6554.8156       1.1003052
       6554.8331       1.0975525
       6554.8505       1.0944577
       6554.8679       1.0912972
       6554.8853       1.0884598
       6554.9027       1.0864048
       6554.9201       1.0855986
       6554.9375       1.0864372
       6554.9549       1.0891804
       6554.9723       1.0938454
       6554.9897       1.1002135
       6555.0072       1.1078446
       6555.0246       1.1161507
       6555.0420       1.1244994
       6555.0594       1.1323086
       6555.0768       1.1390977
       6555.0942       1.1444879
       6555.1116       1.1481722
       6555.1290       1.1498944
       6555.1464       1.1494633
       6555.1639       1.1467980
       6555.1813       1.1419780
       6555.1987       1.1352652
       6555.2161       1.1270849
       6555.2335       1.1179711
       6555.2509       1.1084933
       6555.2683       1.0991803
       6555.2857       1.0904505
       6555.3031       1.0825602
       6555.3205       1.0755858
       6555.3380       1.0694494
       6555.3554       1.0639846
       6555.3728       1.0590189
       6555.3902       1.0544399
       6555.4076       1.0502241
       6555.4250       1.0464309
       6555.4424       1.0431786
       6555.4598       1.0406239
       6555.4772       1.0389466
       6555.4946       1.0383266
       6555.5121       1.0389009
       6555.5295       1.0407069
       6555.5469       1.0436381
       6555.5643       1.0474438
       6555.5817       1.0517826
       6555.5991       1.0563050
       6555.6165       1.0607260
       6555.6339       1.0648584
       6555.6513       1.0685909
       6555.6688       1.0718515
       6555.6862       1.0745839
       6555.7036       1.0767545
       6555.7210       1.0783776
       6555.7384       1.0795399
       6555.7558       1.0804015
       6555.7732       1.0811725
       6555.7906       1.0820663
       6555.8080       1.0832446
       6555.8254       1.0847644
       6555.8429       1.0865438
       6555.8603       1.0883655
       6555.8777       1.0899268
       6555.8951       1.0909324
       6555.9125       1.0912018
       6555.9299       1.0907518
       6555.9473       1.0898173
       6555.9647       1.0887981
       6555.9821       1.0881492
       6555.9996       1.0882600
       6556.0170       1.0893674
       6556.0344       1.0915286
       6556.0518       1.0946446
       6556.0692       1.0985045
       6556.0866       1.1028200
       6556.1040       1.1072460
       6556.1214       1.1114056
       6556.1388       1.1149458
       6556.1562       1.1176219
       6556.1737       1.1193780
       6556.1911       1.1203670
       6556.2085       1.1208776
       6556.2259       1.1211804
       6556.2433       1.1213607
       6556.2607       1.1212209
       6556.2781       1.1203301
       6556.2955       1.1182022
       6556.3129       1.1145361
       6556.3303       1.1094120
       6556.3478       1.1033575
       6556.3652       1.0972492
       6556.3826       1.0920869
       6556.4000       1.0887229
       6556.4174       1.0876376
       6556.4348       1.0888281
       6556.4522       1.0918307
       6556.4696       1.0958589
       6556.4870       1.1000114
       6556.5045       1.1034922
       6556.5219       1.1057829
       6556.5393       1.1067210
       6556.5567       1.1064686
       6556.5741       1.1053953
       6556.5915       1.1039299
       6556.6089       1.1024445
       6556.6263       1.1012080
       6556.6437       1.1004005
       6556.6611       1.1001506
       6556.6786       1.1005482
       6556.6960       1.1016150
       6556.7134       1.1032513
       6556.7308       1.1052006
       6556.7482       1.1070662
       6556.7656       1.1083851
       6556.7830       1.1087309
       6556.8004       1.1078068
       6556.8178       1.1055010
       6556.8352       1.1019025
       6556.8527       1.0972868
       6556.8701       1.0920794
       6556.8875       1.0867955
       6556.9049       1.0819547
       6556.9223       1.0779743
       6556.9397       1.0750827
       6556.9571       1.0733043
       6556.9745       1.0725061
       6556.9919       1.0724899
       6557.0094       1.0730849
       6557.0268       1.0741984
       6557.0442       1.0758154
       6557.0616       1.0779660
       6557.0790       1.0806877
       6557.0964       1.0839982
       6557.1138       1.0878721
       6557.1312       1.0922135
       6557.1486       1.0968262
       6557.1660       1.1014066
       6557.1835       1.1055867
       6557.2009       1.1090314
       6557.2183       1.1115547
       6557.2357       1.1131976
       6557.2531       1.1142192
       6557.2705       1.1149972
       6557.2879       1.1158837
       6557.3053       1.1170833
       6557.3227       1.1186049
       6557.3402       1.1202927
       6557.3576       1.1219028
       6557.3750       1.1231802
       6557.3924       1.1239084
       6557.4098       1.1239355
       6557.4272       1.1231967
       6557.4446       1.1217502
       6557.4620       1.1198168
       6557.4794       1.1177928
       6557.4968       1.1162031
       6557.5143       1.1155827
       6557.5317       1.1163107
       6557.5491       1.1184582
       6557.5665       1.1217082
       6557.5839       1.1253915
       6557.6013       1.1286831
       6557.6187       1.1308341
       6557.6361       1.1313971
       6557.6535       1.1303578
       6557.6709       1.1281266
       6557.6884       1.1253991
       6557.7058       1.1229447
       6557.7232       1.1214000
       6557.7406       1.1211389
       6557.7580       1.1222438
       6557.7754       1.1245622
       6557.7928       1.1278013
       6557.8102       1.1316134
       6557.8276       1.1356498
       6557.8451       1.1395851
       6557.8625       1.1431281
       6557.8799       1.1460340
       6557.8973       1.1481194
       6557.9147       1.1492721
       6557.9321       1.1494533
       6557.9495       1.1486918
       6557.9669       1.1470794
       6557.9843       1.1447734
       6558.0017       1.1420022
       6558.0192       1.1390653
       6558.0366       1.1363142
       6558.0540       1.1341106
       6558.0714       1.1327687
       6558.0888       1.1324971
       6558.1062       1.1333592
       6558.1236       1.1352663
       6558.1410       1.1380016
       6558.1584       1.1412649
       6558.1759       1.1447218
       6558.1933       1.1480431
       6558.2107       1.1509325
       6558.2281       1.1531611
       6558.2455       1.1545979
       6558.2629       1.1552390
       6558.2803       1.1552265
       6558.2977       1.1548385
       6558.3151       1.1544419
       6558.3325       1.1544166
       6558.3500       1.1550688
       6558.3674       1.1565529
       6558.3848       1.1588235
       6558.4022       1.1616279
       6558.4196       1.1645458
       6558.4370       1.1670696
       6558.4544       1.1687085
       6558.4718       1.1690886
       6558.4892       1.1680190
       6558.5066       1.1655081
       6558.5241       1.1617310
       6558.5415       1.1569708
       6558.5589       1.1515600
       6558.5763       1.1458451
       6558.5937       1.1401772
       6558.6111       1.1349152
       6558.6285       1.1304227
       6558.6459       1.1270425
       6558.6633       1.1250495
       6558.6808       1.1245962
       6558.6982       1.1256738
       6558.7156       1.1281051
       6558.7330       1.1315742
       6558.7504       1.1356829
       6558.7678       1.1400172
       6558.7852       1.1442087
       6558.8026       1.1479799
       6558.8200       1.1511705
       6558.8374       1.1537455
       6558.8549       1.1557882
       6558.8723       1.1574826
       6558.8897       1.1590837
       6558.9071       1.1608651
       6558.9245       1.1630674
       6558.9419       1.1658420
       6558.9593       1.1692060
       6558.9767       1.1730203
       6558.9941       1.1769978
       6559.0116       1.1807386
       6559.0290       1.1837927
       6559.0464       1.1857449
       6559.0638       1.1863232
       6559.0812       1.1855129
       6559.0986       1.1836386
       6559.1160       1.1813657
       6559.1334       1.1795855
       6559.1508       1.1791965
       6559.1682       1.1808498
       6559.1857       1.1847581
       6559.2031       1.1906450
       6559.2205       1.1978478
       6559.2379       1.2055171
       6559.2553       1.2128166
       6559.2727       1.2190491
       6559.2901       1.2236866
       6559.3075       1.2263395
       6559.3249       1.2267198
       6559.3423       1.2246397
       6559.3598       1.2200496
       6559.3772       1.2130908
       6559.3946       1.2041301
       6559.4120       1.1937580
       6559.4294       1.1827451
       6559.4468       1.1719667
       6559.4642       1.1623069
       6559.4816       1.1545547
       6559.4990       1.1493040
       6559.5165       1.1468860
       6559.5339       1.1472707
       6559.5513       1.1501039
       6559.5687       1.1547506
       6559.5861       1.1603952
       6559.6035       1.1661836
       6559.6209       1.1713771
       6559.6383       1.1754794
       6559.6557       1.1782981
       6559.6731       1.1799199
       6559.6906       1.1806117
       6559.7080       1.1806959
       6559.7254       1.1804551
       6559.7428       1.1801073
       6559.7602       1.1798436
       6559.7776       1.1798835
       6559.7950       1.1804906
       6559.8124       1.1819242
       6559.8298       1.1843517
       6559.8473       1.1877782
       6559.8647       1.1920415
       6559.8821       1.1968770
       6559.8995       1.2020145
       6559.9169       1.2072545
       6559.9343       1.2124909
       6559.9517       1.2176837
       6559.9691       1.2228083
       6559.9865       1.2278100
       6560.0039       1.2325783
       6560.0214       1.2369429
       6560.0388       1.2406888
       6560.0562       1.2435895
       6560.0736       1.2454550
       6560.0910       1.2461885
       6560.1084       1.2458355
       6560.1258       1.2446124
       6560.1432       1.2429020
       6560.1606       1.2412173
       6560.1780       1.2401350
       6560.1955       1.2401893
       6560.2129       1.2417708
       6560.2303       1.2450210
       6560.2477       1.2497619
       6560.2651       1.2554929
       6560.2825       1.2614818
       6560.2999       1.2669380
       6560.3173       1.2712160
       6560.3347       1.2739718
       6560.3522       1.2752108
       6560.3696       1.2752121
       6560.3870       1.2743747
       6560.4044       1.2730634
       6560.4218       1.2715215
       6560.4392       1.2698729
       6560.4566       1.2681908
       6560.4740       1.2665792
       6560.4914       1.2652216
       6560.5088       1.2643721
       6560.5263       1.2642921
       6560.5437       1.2651574
       6560.5611       1.2669730
       6560.5785       1.2695332
       6560.5959       1.2724568
       6560.6133       1.2753005
       6560.6307       1.2777203
       6560.6481       1.2796187
       6560.6655       1.2812082
       6560.6829       1.2829531
       6560.7004       1.2854044
       6560.7178       1.2889981
       6560.7352       1.2939047
       6560.7526       1.2999943
       6560.7700       1.3069201
       6560.7874       1.3142670
       6560.8048       1.3216939
       6560.8222       1.3290137
       6560.8396       1.3362036
       6560.8571       1.3433530
       6560.8745       1.3505912
       6560.8919       1.3580188
       6560.9093       1.3656585
       6560.9267       1.3734358
       6560.9441       1.3811991
       6560.9615       1.3887746
       6560.9789       1.3960388
       6560.9963       1.4029779
       6561.0137       1.4097052
       6561.0312       1.4164264
       6561.0486       1.4233651
       6561.0660       1.4306822
       6561.0834       1.4384262
       6561.1008       1.4465403
       6561.1182       1.4549221
       6561.1356       1.4635098
       6561.1530       1.4723483
       6561.1704       1.4815967
       6561.1879       1.4914658
       6561.2053       1.5021119
       6561.2227       1.5135392
       6561.2401       1.5255680
       6561.2575       1.5378945
       6561.2749       1.5502281
       6561.2923       1.5624476
       6561.3097       1.5747074
       6561.3271       1.5874347
       6561.3445       1.6012051
       6561.3620       1.6165297
       6561.3794       1.6336325
       6561.3968       1.6523091
       6561.4142       1.6719358
       6561.4316       1.6916404
       6561.4490       1.7105790
       6561.4664       1.7282050
       6561.4838       1.7444552
       6561.5012       1.7597447
       6561.5186       1.7747923
       6561.5361       1.7903914
       6561.5535       1.8071950
       6561.5709       1.8255897
       6561.5883       1.8456722
       6561.6057       1.8672991
       6561.6231       1.8901657
       6561.6405       1.9138824
       6561.6579       1.9380412
       6561.6753       1.9622816
       6561.6928       1.9863550
       6561.7102       2.0101729
       6561.7276       2.0338089
       6561.7450       2.0574394
       6561.7624       2.0812341
       6561.7798       2.1052401
       6561.7972       2.1293149
       6561.8146       2.1531475
       6561.8320       2.1763642
       6561.8494       2.1986750
       6561.8669       2.2199915
       6561.8843       2.2404592
       6561.9017       2.2603850
       6561.9191       2.2800918
       6561.9365       2.2997657
       6561.9539       2.3193615
       6561.9713       2.3386034
       6561.9887       2.3570739
       6562.0061       2.3743500
       6562.0236       2.3901378
       6562.0410       2.4043686
       6562.0584       2.4172373
       6562.0758       2.4291783
       6562.0932       2.4407768
       6562.1106       2.4526250
       6562.1280       2.4651555
       6562.1454       2.4784650
       6562.1628       2.4922730
       6562.1802       2.5059845
       6562.1977       2.5188779
       6562.2151       2.5303497
       6562.2325       2.5401200
       6562.2499       2.5483172
       6562.2673       2.5554148
       6562.2847       2.5620555
       6562.3021       2.5688451
       6562.3195       2.5761961
       6562.3369       2.5842752
       6562.3543       2.5930557
       6562.3718       2.6024372
       6562.3892       2.6123694
       6562.4066       2.6229225
       6562.4240       2.6342665
       6562.4414       2.6465674
       6562.4588       2.6598449
       6562.4762       2.6738621
       6562.4936       2.6881101
       6562.5110       2.7019108
       6562.5285       2.7146142
       6562.5459       2.7258215
       6562.5633       2.7355539
       6562.5807       2.7443018
       6562.5981       2.7529302
       6562.6155       2.7624628
       6562.6329       2.7738109
       6562.6503       2.7875281
       6562.6677       2.8036619
       6562.6851       2.8217343
       6562.7026       2.8408397
       6562.7200       2.8598149
       6562.7374       2.8774363
       6562.7548       2.8926053
       6562.7722       2.9044864
       6562.7896       2.9126377
       6562.8070       2.9170000
       6562.8244       2.9177764
       6562.8418       2.9152560
       6562.8593       2.9096255
       6562.8767       2.9008680
       6562.8941       2.8888057
       6562.9115       2.8732671
       6562.9289       2.8542857
       6562.9463       2.8322190
       6562.9637       2.8077230
       6562.9811       2.7815975
       6562.9985       2.7545881
       6563.0159       2.7272379
       6563.0334       2.6998364
       6563.0508       2.6724534
       6563.0682       2.6450024
       6563.0856       2.6172900
       6563.1030       2.5890482
       6563.1204       2.5599778
       6563.1378       2.5298398
       6563.1552       2.4985912
       6563.1726       2.4665215
       6563.1900       2.4343170
       6563.2075       2.4029986
       6563.2249       2.3737261
       6563.2423       2.3475187
       6563.2597       2.3249817
       6563.2771       2.3061298
       6563.2945       2.2903611
       6563.3119       2.2765886
       6563.3293       2.2634876
       6563.3467       2.2497880
       6563.3642       2.2345371
       6563.3816       2.2172671
       6563.3990       2.1980348
       6563.4164       2.1773322
       6563.4338       2.1559156
       6563.4512       2.1346015
       6563.4686       2.1140726
       6563.4860       2.0947863
       6563.5034       2.0769508
       6563.5208       2.0605611
       6563.5383       2.0454620
       6563.5557       2.0314087
       6563.5731       2.0181081
       6563.5905       2.0052418
       6563.6079       1.9924833
       6563.6253       1.9795268
       6563.6427       1.9661345
       6563.6601       1.9521966
       6563.6775       1.9377813
       6563.6950       1.9231454
       6563.7124       1.9086876
       6563.7298       1.8948438
       6563.7472       1.8819586
       6563.7646       1.8701794
       6563.7820       1.8594200
       6563.7994       1.8494086
       6563.8168       1.8397944
       6563.8342       1.8302622
       6563.8516       1.8206051
       6563.8691       1.8107402
       6563.8865       1.8006848
       6563.9039       1.7905269
       6563.9213       1.7804106
       6563.9387       1.7705253
       6563.9561       1.7610783
       6563.9735       1.7522347
       6563.9909       1.7440412
       6564.0083       1.7363725
       6564.0257       1.7289377
       6564.0432       1.7213572
       6564.0606       1.7132869
       6564.0780       1.7045304
       6564.0954       1.6951086
       6564.1128       1.6852168
       6564.1302       1.6751141
       6564.1476       1.6649938
       6564.1650       1.6548903
       6564.1824       1.6446700
       6564.1999       1.6341068
       6564.2173       1.6230074
       6564.2347       1.6113279
       6564.2521       1.5992354
       6564.2695       1.5870909
       6564.2869       1.5753607
       6564.3043       1.5644874
       6564.3217       1.5547601
       6564.3391       1.5462285
       6564.3565       1.5386890
       6564.3740       1.5317512
       6564.3914       1.5249594
       6564.4088       1.5179252
       6564.4262       1.5104247
       6564.4436       1.5024342
       6564.4610       1.4941077
       6564.4784       1.4857168
       6564.4958       1.4775765
       6564.5132       1.4699721
       6564.5306       1.4630896
       6564.5481       1.4569617
       6564.5655       1.4514436
       6564.5829       1.4462396
       6564.6003       1.4409881
       6564.6177       1.4353809
       6564.6351       1.4292701
       6564.6525       1.4227096
       6564.6699       1.4159056
       6564.6873       1.4090999
       6564.7048       1.4024417
       6564.7222       1.3959152
       6564.7396       1.3893518
       6564.7570       1.3825281
       6564.7744       1.3752888
       6564.7918       1.3676455
       6564.8092       1.3598138
       6564.8266       1.3521773
       6564.8440       1.3451921
       6564.8614       1.3392621
       6564.8789       1.3346279
       6564.8963       1.3313079
       6564.9137       1.3291104
       6564.9311       1.3277054
       6564.9485       1.3267184
       6564.9659       1.3258043
       6564.9833       1.3246783
       6565.0007       1.3231074
       6565.0181       1.3208896
       6565.0356       1.3178449
       6565.0530       1.3138284
       6565.0704       1.3087618
       6565.0878       1.3026673
       6565.1052       1.2956915
       6565.1226       1.2881108
       6565.1400       1.2803084
       6565.1574       1.2727252
       6565.1748       1.2657913
       6565.1922       1.2598585
       6565.2097       1.2551522
       6565.2271       1.2517543
       6565.2445       1.2496080
       6565.2619       1.2485310
       6565.2793       1.2482262
       6565.2967       1.2482944
       6565.3141       1.2482636
       6565.3315       1.2476498
       6565.3489       1.2460500
       6565.3663       1.2432469
       6565.3838       1.2392852
       6565.4012       1.2345155
       6565.4186       1.2295045
       6565.4360       1.2248972
       6565.4534       1.2212341
       6565.4708       1.2187851
       6565.4882       1.2174567
       6565.5056       1.2168066
       6565.5230       1.2161678
       6565.5405       1.2148449
       6565.5579       1.2123267
       6565.5753       1.2084485
       6565.5927       1.2034526
       6565.6101       1.1979274
       6565.6275       1.1926408
       6565.6449       1.1883213
       6565.6623       1.1854544
       6565.6797       1.1841577
       6565.6971       1.1841692
       6565.7146       1.1849466
       6565.7320       1.1858399
       6565.7494       1.1862786
       6565.7668       1.1859180
       6565.7842       1.1847093
       6565.8016       1.1828856
       6565.8190       1.1808808
       6565.8364       1.1792090
       6565.8538       1.1783330
       6565.8713       1.1785476
       6565.8887       1.1798984
       6565.9061       1.1821582
       6565.9235       1.1848722
       6565.9409       1.1874702
       6565.9583       1.1894179
       6565.9757       1.1903644
       6565.9931       1.1902346
       6566.0105       1.1892377
       6566.0279       1.1877922
       6566.0454       1.1864024
       6566.0628       1.1855166
       6566.0802       1.1854375
       6566.0976       1.1862920
       6566.1150       1.1880519
       6566.1324       1.1905792
       6566.1498       1.1936685
       6566.1672       1.1970727
       6566.1846       1.2005145
       6566.2020       1.2036964
       6566.2195       1.2063193
       6566.2369       1.2081063
       6566.2543       1.2088236
       6566.2717       1.2082929
       6566.2891       1.2064025
       6566.3065       1.2031254
       6566.3239       1.1985469
       6566.3413       1.1928869
       6566.3587       1.1864904
       6566.3762       1.1797763
       6566.3936       1.1731528
       6566.4110       1.1669385
       6566.4284       1.1613272
       6566.4458       1.1564146
       6566.4632       1.1522679
       6566.4806       1.1489930
       6566.4980       1.1467511
       6566.5154       1.1457084
       6566.5328       1.1459408
       6566.5503       1.1473468
       6566.5677       1.1496239
       6566.5851       1.1523326
       6566.6025       1.1550272
       6566.6199       1.1573947
       6566.6373       1.1593381
       6566.6547       1.1609646
       6566.6721       1.1624896
       6566.6895       1.1641083
       6566.7070       1.1658943
       6566.7244       1.1677811
       6566.7418       1.1696142
       6566.7592       1.1712299
       6566.7766       1.1725065
       6566.7940       1.1733607
       6566.8114       1.1736989
       6566.8288       1.1733654
       6566.8462       1.1721306
       6566.8636       1.1697387
       6566.8811       1.1660000
       6566.8985       1.1608930
       6566.9159       1.1546330
       6566.9333       1.1476838
       6566.9507       1.1407047
       6566.9681       1.1344442
       6566.9855       1.1295989
       6567.0029       1.1266647
       6567.0203       1.1258143
       6567.0377       1.1268345
       6567.0552       1.1291569
       6567.0726       1.1319874
       6567.0900       1.1345149
       6567.1074       1.1361414
       6567.1248       1.1366617
       6567.1422       1.1363280
       6567.1596       1.1357680
       6567.1770       1.1357763
       6567.1944       1.1370440
       6567.2119       1.1399155
       6567.2293       1.1442513
       6567.2467       1.1494398
       6567.2641       1.1545475
       6567.2815       1.1585549
       6567.2989       1.1606045
       6567.3163       1.1601900
       6567.3337       1.1572368
       6567.3511       1.1521060
       6567.3685       1.1454694
       6567.3860       1.1381388
       6567.4034       1.1309124
       6567.4208       1.1244467
       6567.4382       1.1191815
       6567.4556       1.1153261
       6567.4730       1.1128970
       6567.4904       1.1117856
       6567.5078       1.1118298
       6567.5252       1.1128628
       6567.5427       1.1147327
       6567.5601       1.1172907
       6567.5775       1.1203643
       6567.5949       1.1237282
       6567.6123       1.1270908
       6567.6297       1.1301098
       6567.6471       1.1324453
       6567.6645       1.1338442
       6567.6819       1.1342268
       6567.6993       1.1337371
       6567.7168       1.1327184
       6567.7342       1.1316109
       6567.7516       1.1307996
       6567.7690       1.1304742
       6567.7864       1.1305588
       6567.8038       1.1307404
       6567.8212       1.1305851
       6567.8386       1.1296963
       6567.8560       1.1278556
       6567.8734       1.1251014
       6567.8909       1.1217223
       6567.9083       1.1181748
       6567.9257       1.1149550
       6567.9431       1.1124674
       6567.9605       1.1109295
       6567.9779       1.1103396
       6567.9953       1.1105110
       6568.0127       1.1111476
       6568.0301       1.1119628
       6568.0476       1.1127600
       6568.0650       1.1134733
       6568.0824       1.1141584
       6568.0998       1.1149419
       6568.1172       1.1159580
       6568.1346       1.1172943
       6568.1520       1.1189640
       6568.1694       1.1209047
       6568.1868       1.1229949
       6568.2042       1.1250802
       6568.2217       1.1270040
       6568.2391       1.1286392
       6568.2565       1.1299162
       6568.2739       1.1308356
       6568.2913       1.1314556
       6568.3087       1.1318550
       6568.3261       1.1320883
       6568.3435       1.1321579
       6568.3609       1.1320214
       6568.3783       1.1316309
       6568.3958       1.1309814
       6568.4132       1.1301402
       6568.4306       1.1292433
       6568.4480       1.1284657
       6568.4654       1.1279848
       6568.4828       1.1279489
       6568.5002       1.1284526
       6568.5176       1.1295143
       6568.5350       1.1310604
       6568.5525       1.1329330
       6568.5699       1.1349370
       6568.5873       1.1369251
       6568.6047       1.1388878
       6568.6221       1.1409986
       6568.6395       1.1435813
       6568.6569       1.1469913
       6568.6743       1.1514650
       6568.6917       1.1570205
       6568.7091       1.1634472
       6568.7266       1.1703865
       6568.7440       1.1774576
       6568.7614       1.1843579
       6568.7788       1.1908909
       6568.7962       1.1969174
       6568.8136       1.2022700
       6568.8310       1.2066901
       6568.8484       1.2098290
       6568.8658       1.2113174
       6568.8833       1.2108692
       6568.9007       1.2083700
       6568.9181       1.2039103
       6568.9355       1.1977533
       6568.9529       1.1902587
       6568.9703       1.1817969
       6568.9877       1.1726871
       6569.0051       1.1631740
       6569.0225       1.1534387
       6569.0399       1.1436231
       6569.0574       1.1338482
       6569.0748       1.1242131
       6569.0922       1.1147773
       6569.1096       1.1055416
       6569.1270       1.0964500
       6569.1444       1.0874257
       6569.1618       1.0784388
       6569.1792       1.0695830
       6569.1966       1.0611254
       6569.2140       1.0534984
       6569.2315       1.0472248
       6569.2489       1.0427954
       6569.2663       1.0405384
       6569.2837       1.0405288
       6569.3011       1.0425600
       6569.3185       1.0461751
       6569.3359       1.0507969
       6569.3533       1.0558333
       6569.3707       1.0607726
       6569.3882       1.0652339
       6569.4056       1.0689776
       6569.4230       1.0718947
       6569.4404       1.0739959
       6569.4578       1.0754109
       6569.4752       1.0763836
       6569.4926       1.0772446
       6569.5100       1.0783527
       6569.5274       1.0800147
       6569.5448       1.0824122
       6569.5623       1.0855615
       6569.5797       1.0893164
       6569.5971       1.0934105
       6569.6145       1.0975193
       6569.6319       1.1013268
       6569.6493       1.1045810
       6569.6667       1.1071299
       6569.6841       1.1089321
       6569.7015       1.1100406
       6569.7190       1.1105698
       6569.7364       1.1106534
       6569.7538       1.1104080
       6569.7712       1.1099070
       6569.7886       1.1091708
       6569.8060       1.1081731
       6569.8234       1.1068645
       6569.8408       1.1052060
       6569.8582       1.1032038
       6569.8756       1.1009328
       6569.8931       1.0985400
       6569.9105       1.0962283
       6569.9279       1.0942276
       6569.9453       1.0927610
       6569.9627       1.0919971
       6569.9801       1.0920185
       6569.9975       1.0927993
       6570.0149       1.0942062
       6570.0323       1.0960306
       6570.0497       1.0980414
       6570.0672       1.1000376
       6570.0846       1.1018751
       6570.1020       1.1034614
       6570.1194       1.1047275
       6570.1368       1.1056016
       6570.1542       1.1060058
       6570.1716       1.1058762
       6570.1890       1.1051922
       6570.2064       1.1039952
       6570.2239       1.1023861
       6570.2413       1.1005058
       6570.2587       1.0985127
       6570.2761       1.0965657
       6570.2935       1.0948118
       6570.3109       1.0933693
       6570.3283       1.0923028
       6570.3457       1.0915996
       6570.3631       1.0911673
       6570.3805       1.0908660
       6570.3980       1.0905702
       6570.4154       1.0902292
       6570.4328       1.0898910
       6570.4502       1.0896683
       6570.4676       1.0896600
       6570.4850       1.0898711
       6570.5024       1.0901821
       6570.5198       1.0903933
       6570.5372       1.0903281
       6570.5547       1.0899419
       6570.5721       1.0893748
       6570.5895       1.0889147
       6570.6069       1.0888831
       6570.6243       1.0894889
       6570.6417       1.0907385
       6570.6591       1.0924216
       6570.6765       1.0941748
       6570.6939       1.0955861
       6570.7113       1.0963013
       6570.7288       1.0961001
       6570.7462       1.0949304
       6570.7636       1.0929007
       6570.7810       1.0902394
       6570.7984       1.0872337
       6570.8158       1.0841673
       6570.8332       1.0812745
       6570.8506       1.0787229
       6570.8680       1.0766234
       6570.8854       1.0750540
       6570.9029       1.0740776
       6570.9203       1.0737410
       6570.9377       1.0740554
       6570.9551       1.0749755
       6570.9725       1.0763941
       6570.9899       1.0781607
       6571.0073       1.0801148
       6571.0247       1.0821121
       6571.0421       1.0840250
       6571.0596       1.0857185
       6571.0770       1.0870196
       6571.0944       1.0877080
       6571.1118       1.0875455
       6571.1292       1.0863410
       6571.1466       1.0840256
       6571.1640       1.0807077
       6571.1814       1.0766822
       6571.1988       1.0723886
       6571.2162       1.0683315
       6571.2337       1.0649851
       6571.2511       1.0627119
       6571.2685       1.0616714
       6571.2859       1.0618063
       6571.3033       1.0628544
       6571.3207       1.0644164
       6571.3381       1.0660668
       6571.3555       1.0674807
       6571.3729       1.0685292
       6571.3904       1.0693052
       6571.4078       1.0700651
       6571.4252       1.0711090
       6571.4426       1.0726493
       6571.4600       1.0747187
       6571.4774       1.0771477
       6571.4948       1.0796148
       6571.5122       1.0817416
       6571.5296       1.0831967
       6571.5470       1.0837714
       6571.5645       1.0834100
       6571.5819       1.0821917
       6571.5993       1.0802799
       6571.6167       1.0778606
       6571.6341       1.0750934
       6571.6515       1.0720918
       6571.6689       1.0689407
       6571.6863       1.0657448
       6571.7037       1.0626834
       6571.7211       1.0600352
       6571.7386       1.0581407
       6571.7560       1.0572980
       6571.7734       1.0576300
       6571.7908       1.0589887
       6571.8082       1.0609628
       6571.8256       1.0630029
       6571.8430       1.0646200
       6571.8604       1.0655646
       6571.8778       1.0659016
       6571.8953       1.0659486
       6571.9127       1.0661212
       6571.9301       1.0667535
       6571.9475       1.0679963
       6571.9649       1.0698089
       6571.9823       1.0720188
       6571.9997       1.0744035
       6572.0171       1.0767540
       6572.0345       1.0789081
       6572.0519       1.0807578
       6572.0694       1.0822471
       6572.0868       1.0833664
       6572.1042       1.0841496
       6572.1216       1.0846740
       6572.1390       1.0850601
       6572.1564       1.0854674
       6572.1738       1.0860771
       6572.1912       1.0870543
       6572.2086       1.0884934
       6572.2260       1.0903632
       6572.2435       1.0924785
       6572.2609       1.0945228
       6572.2783       1.0961264
       6572.2957       1.0969826
       6572.3131       1.0969632
       6572.3305       1.0961865
       6572.3479       1.0950040
       6572.3653       1.0938971
       6572.3827       1.0933106
       6572.4002       1.0934794
       6572.4176       1.0943169
       6572.4350       1.0954162
       6572.4524       1.0961722
       6572.4698       1.0959849
       6572.4872       1.0944659
       6572.5046       1.0915758
       6572.5220       1.0876428
       6572.5394       1.0832630
       6572.5568       1.0791244
       6572.5743       1.0757862
       6572.5917       1.0735198
       6572.6091       1.0722436
       6572.6265       1.0715740
       6572.6439       1.0709765
       6572.6613       1.0699609
       6572.6787       1.0682429
       6572.6961       1.0658112
       6572.7135       1.0628855
       6572.7310       1.0598058
       6572.7484       1.0569152
       6572.7658       1.0544886
       6572.7832       1.0527152
       6572.8006       1.0517091
       6572.8180       1.0515164
       6572.8354       1.0521076
       6572.8528       1.0533687
       6572.8702       1.0551093
       6572.8876       1.0570946
       6572.9051       1.0590847
       6572.9225       1.0608610
       6572.9399       1.0622334
       6572.9573       1.0630408
       6572.9747       1.0631670
       6572.9921       1.0625811
       6573.0095       1.0613856
       6573.0269       1.0598406
       6573.0443       1.0583333
       6573.0617       1.0572878
       6573.0792       1.0570405
       6573.0966       1.0577290
       6573.1140       1.0592404
       6573.1314       1.0612446
       6573.1488       1.0632999
       6573.1662       1.0649887
       6573.1836       1.0660280
       6573.2010       1.0663109
       6573.2184       1.0658901
       6573.2359       1.0649082
       6573.2533       1.0635335
       6573.2707       1.0619358
       6573.2881       1.0602895
       6573.3055       1.0587836
       6573.3229       1.0576137
       6573.3403       1.0569503
       6573.3577       1.0568996
       6573.3751       1.0574767
       6573.3925       1.0586072
       6573.4100       1.0601499
       6573.4274       1.0619288
       6573.4448       1.0637543
       6573.4622       1.0654292
       6573.4796       1.0667428
       6573.4970       1.0674682
       6573.5144       1.0673756
       6573.5318       1.0662668
       6573.5492       1.0640233
       6573.5667       1.0606530
       6573.5841       1.0563222
       6573.6015       1.0513652
       6573.6189       1.0462704
       6573.6363       1.0416406
       6573.6537       1.0381228
       6573.6711       1.0363027
       6573.6885       1.0365738
       6573.7059       1.0390135
       6573.7233       1.0433146
       6573.7408       1.0488205
       6573.7582       1.0546769
       6573.7756       1.0600636
       6573.7930       1.0644266
       6573.8104       1.0676155
       6573.8278       1.0698668
       6573.8452       1.0716384
       6573.8626       1.0733653
       6573.8800       1.0752356
       6573.8974       1.0771006
       6573.9149       1.0785492
       6573.9323       1.0791051
       6573.9497       1.0784551
       6573.9671       1.0766074
       6573.9845       1.0739071
       6574.0019       1.0709065
       6574.0193       1.0681535
       6574.0367       1.0659914
       6574.0541       1.0644563
       6574.0716       1.0633090
       6574.0890       1.0621768
       6574.1064       1.0607380
       6574.1238       1.0588698
       6574.1412       1.0566980
       6574.1586       1.0545377
       6574.1760       1.0527553
       6574.1934       1.0516161
       6574.2108       1.0511848
       6574.2282       1.0513155
       6574.2457       1.0517347
       6574.2631       1.0521747
       6574.2805       1.0525038
       6574.2979       1.0527952
       6574.3153       1.0533078
       6574.3327       1.0543858
       6574.3501       1.0563172
       6574.3675       1.0592081
       6574.3849       1.0629218
       6574.4024       1.0671040
       6574.4198       1.0712810
       6574.4372       1.0749932
       6574.4546       1.0779139
       6574.4720       1.0799190
       6574.4894       1.0810953
       6574.5068       1.0816995
       6574.5242       1.0820997
       6574.5416       1.0826913
       6574.5590       1.0838279
       6574.5765       1.0857476
       6574.5939       1.0885044
       6574.6113       1.0919259
       6574.6287       1.0956277
       6574.6461       1.0991011
       6574.6635       1.1018543
       6574.6809       1.1035567
       6574.6983       1.1041242
       6574.7157       1.1037039
       6574.7331       1.1025663
       6574.7506       1.1009572
       6574.7680       1.0989785
       6574.7854       1.0965509
       6574.8028       1.0934670
       6574.8202       1.0895002
       6574.8376       1.0845159
       6574.8550       1.0785397
       6574.8724       1.0717672
       6574.8898       1.0645242
       6574.9073       1.0572036
       6574.9247       1.0502019
       6574.9421       1.0438725
       6574.9595       1.0385000
       6574.9769       1.0342939
       6574.9943       1.0313919
       6575.0117       1.0298585
       6575.0291       1.0296703
       6575.0465       1.0306903
       6575.0639       1.0326483
       6575.0814       1.0351504
       6575.0988       1.0377287
       6575.1162       1.0399228
       6575.1336       1.0413678
       6575.1510       1.0418596
       6575.1684       1.0413852
       6575.1858       1.0401218
       6575.2032       1.0383824
       6575.2206       1.0365578
       6575.2381       1.0350349
       6575.2555       1.0341069
       6575.2729       1.0338975
       6575.2903       1.0343317
       6575.3077       1.0351760
       6575.3251       1.0361395
       6575.3425       1.0369944
       6575.3599       1.0376548
       6575.3773       1.0381738
       6575.3947       1.0386643
       6575.4122       1.0391912
       6575.4296       1.0397017
       6575.4470       1.0400345
       6575.4644       1.0400044
       6575.4818       1.0395173
       6575.4992       1.0386545
       6575.5166       1.0376836
       6575.5340       1.0369859
       6575.5514       1.0369303
       6575.5688       1.0377462
       6575.5863       1.0394478
       6575.6037       1.0418386
       6575.6211       1.0445891
       6575.6385       1.0473512
       6575.6559       1.0498554
       6575.6733       1.0519546
       6575.6907       1.0536020
       6575.7081       1.0547874
       6575.7255       1.0554703
       6575.7430       1.0555510
       6575.7604       1.0548949
       6575.7778       1.0534030
       6575.7952       1.0510966
       6575.8126       1.0481726
       6575.8300       1.0450091
       6575.8474       1.0420759
       6575.8648       1.0398158
       6575.8822       1.0385277
       6575.8996       1.0382993
       6575.9171       1.0390140
       6575.9345       1.0404205
       6575.9519       1.0422250
       6575.9693       1.0441655
       6575.9867       1.0460456
       6576.0041       1.0477306
       6576.0215       1.0491277
       6576.0389       1.0501692
       6576.0563       1.0508071
       6576.0737       1.0510130
       6576.0912       1.0507739
       6576.1086       1.0500866
       6576.1260       1.0489609
       6576.1434       1.0474441
       6576.1608       1.0456627
       6576.1782       1.0438538
       6576.1956       1.0423529
       6576.2130       1.0415187
       6576.2304       1.0416131
       6576.2479       1.0426855
       6576.2653       1.0445196
       6576.2827       1.0466776
       6576.3001       1.0486296
       6576.3175       1.0499161
       6576.3349       1.0502740
       6576.3523       1.0496791
       6576.3697       1.0482994
       6576.3871       1.0463987
       6576.4045       1.0442450
       6576.4220       1.0420631
       6576.4394       1.0400347
       6576.4568       1.0383225
       6576.4742       1.0370819
       6576.4916       1.0364388
       6576.5090       1.0364580
       6576.5264       1.0371045
       6576.5438       1.0382286
       6576.5612       1.0395830
       6576.5787       1.0408708
       6576.5961       1.0418156
       6576.6135       1.0422378
       6576.6309       1.0421139
       6576.6483       1.0415919
       6576.6657       1.0409453
       6576.6831       1.0404748
       6576.7005       1.0403919
       6576.7179       1.0407398
       6576.7353       1.0413882
       6576.7528       1.0421061
       6576.7702       1.0426768
       6576.7876       1.0430016
       6576.8050       1.0431455
       6576.8224       1.0433088
       6576.8398       1.0437387
       6576.8572       1.0446169
       6576.8746       1.0459681
       6576.8920       1.0476253
       6576.9094       1.0492659
       6576.9269       1.0505083
       6576.9443       1.0510332
       6576.9617       1.0506865
       6576.9791       1.0495289
       6576.9965       1.0478153
       6577.0139       1.0459153
       6577.0313       1.0441999
       6577.0487       1.0429304
       6577.0661       1.0421845
       6577.0836       1.0418448
       6577.1010       1.0416555
       6577.1184       1.0413253
       6577.1358       1.0406489
       6577.1532       1.0395827
       6577.1706       1.0382496
       6577.1880       1.0368746
       6577.2054       1.0356797
       6577.2228       1.0347843
       6577.2402       1.0341543
       6577.2577       1.0336200
       6577.2751       1.0329565
       6577.2925       1.0319919
       6577.3099       1.0307008
       6577.3273       1.0292396
       6577.3447       1.0279079
       6577.3621       1.0270424
       6577.3795       1.0268826
       6577.3969       1.0274561
       6577.4144       1.0285293
       6577.4318       1.0296479
       6577.4492       1.0302583
       6577.4666       1.0298754
       6577.4840       1.0282415
       6577.5014       1.0254203
       6577.5188       1.0217911
       6577.5362       1.0179438
       6577.5536       1.0145117
       6577.5710       1.0120044
       6577.5885       1.0106979
       6577.6059       1.0106117
       6577.6233       1.0115620
       6577.6407       1.0132527
       6577.6581       1.0153606
       6577.6755       1.0175879
       6577.6929       1.0196849
       6577.7103       1.0214565
       6577.7277       1.0227719
       6577.7451       1.0235804
       6577.7626       1.0239194
       6577.7800       1.0239096
       6577.7974       1.0237163
       6577.8148       1.0234958
       6577.8322       1.0233529
       6577.8496       1.0233206
       6577.8670       1.0233707
       6577.8844       1.0234442
       6577.9018       1.0234866
       6577.9193       1.0234720
       6577.9367       1.0234128
       6577.9541       1.0233520
       6577.9715       1.0233443
       6577.9889       1.0234294
       6578.0063       1.0236041
       6578.0237       1.0238037
       6578.0411       1.0239016
       6578.0585       1.0237321
       6578.0759       1.0231350
       6578.0934       1.0220077
       6578.1108       1.0203505
       6578.1282       1.0182886
       6578.1456       1.0160646
       6578.1630       1.0139980
       6578.1804       1.0124207
       6578.1978       1.0116025
       6578.2152       1.0116837
       6578.2326       1.0126345
       6578.2501       1.0142535
       6578.2675       1.0162076
       6578.2849       1.0181080
       6578.3023       1.0196069
       6578.3197       1.0204927
       6578.3371       1.0207547
       6578.3545       1.0205902
       6578.3719       1.0203436
       6578.3893       1.0203930
       6578.4067       1.0210246
       6578.4242       1.0223519
       6578.4416       1.0242903
       6578.4590       1.0266367
       6578.4764       1.0291624
       6578.4938       1.0316938
       6578.5112       1.0341422
       6578.5286       1.0364809
       6578.5460       1.0386993
       6578.5634       1.0407658
       6578.5808       1.0426199
       6578.5983       1.0441873
       6578.6157       1.0453981
       6578.6331       1.0461916
       6578.6505       1.0465073
       6578.6679       1.0462770
       6578.6853       1.0454319
       6578.7027       1.0439306
       6578.7201       1.0417931
       6578.7375       1.0391264
       6578.7550       1.0361235
       6578.7724       1.0330365
       6578.7898       1.0301320
       6578.8072       1.0276445
       6578.8246       1.0257425
       6578.8420       1.0245156
       6578.8594       1.0239831
       6578.8768       1.0241173
       6578.8942       1.0248678
       6578.9116       1.0261762
       6578.9291       1.0279755
       6578.9465       1.0301779
       6578.9639       1.0326611
       6578.9813       1.0352655
       6578.9987       1.0378056
       6579.0161       1.0400929
       6579.0335       1.0419614
       6579.0509       1.0432855
       6579.0683       1.0439842
       6579.0858       1.0440263
       6579.1032       1.0434251
       6579.1206       1.0422405
       6579.1380       1.0405918
       6579.1554       1.0386650
       6579.1728       1.0366985
       6579.1902       1.0349385
       6579.2076       1.0335704
       6579.2250       1.0326510
       6579.2424       1.0320769
       6579.2599       1.0316096
       6579.2773       1.0309554
       6579.2947       1.0298690
       6579.3121       1.0282394
       6579.3295       1.0261271
       6579.3469       1.0237427
       6579.3643       1.0213857
       6579.3817       1.0193685
       6579.3991       1.0179504
       6579.4165       1.0172964
       6579.4340       1.0174630
       6579.4514       1.0184075
       6579.4688       1.0200154
       6579.4862       1.0221342
       6579.5036       1.0246020
       6579.5210       1.0272639
       6579.5384       1.0299722
       6579.5558       1.0325781
       6579.5732       1.0349265
       6579.5907       1.0368603
       6579.6081       1.0382375
       6579.6255       1.0389525
       6579.6429       1.0389558
       6579.6603       1.0382668
       6579.6777       1.0369794
       6579.6951       1.0352586
       6579.7125       1.0333274
       6579.7299       1.0314411
       6579.7473       1.0298428
       6579.7648       1.0287202
       6579.7822       1.0281745
       6579.7996       1.0282094
       6579.8170       1.0287434
       6579.8344       1.0296342
       6579.8518       1.0307013
       6579.8692       1.0317411
       6579.8866       1.0325375
       6579.9040       1.0328822
       6579.9214       1.0326126
       6579.9389       1.0316601
       6579.9563       1.0300907
       6579.9737       1.0281103
       6579.9911       1.0260223
       6580.0085       1.0241440
       6580.0259       1.0227072
       6580.0433       1.0217845
       6580.0607       1.0212695
       6580.0781       1.0209254
       6580.0956       1.0204838
       6580.1130       1.0197560
       6580.1304       1.0187109
       6580.1478       1.0174889
       6580.1652       1.0163458
       6580.1826       1.0155526
       6580.2000       1.0152945
       6580.2174       1.0156122
       6580.2348       1.0164069
       6580.2522       1.0174979
       6580.2697       1.0186978
       6580.2871       1.0198668
       6580.3045       1.0209249
       6580.3219       1.0218317
       6580.3393       1.0225624
       6580.3567       1.0231025
       6580.3741       1.0234612
       6580.3915       1.0236862
       6580.4089       1.0238482
       6580.4264       1.0240023
       6580.4438       1.0241500
       6580.4612       1.0242357
       6580.4786       1.0241938
       6580.4960       1.0240280
       6580.5134       1.0238780
       6580.5308       1.0240229
       6580.5482       1.0248026
       6580.5656       1.0264838
       6580.5830       1.0291312
       6580.6005       1.0325492
       6580.6179       1.0363264
       6580.6353       1.0399637
       6580.6527       1.0430265
       6580.6701       1.0452582
       6580.6875       1.0466131
       6580.7049       1.0472122
       6580.7223       1.0472535
       6580.7397       1.0469172
       6580.7571       1.0463003
       6580.7746       1.0453987
       6580.7920       1.0441404
       6580.8094       1.0424564
       6580.8268       1.0403627
       6580.8442       1.0380156
       6580.8616       1.0357097
       6580.8790       1.0338157
       6580.8964       1.0326817
       6580.9138       1.0325422
       6580.9313       1.0334717
       6580.9487       1.0353873
       6580.9661       1.0380787
       6580.9835       1.0412365
       6581.0009       1.0444675
       6581.0183       1.0473133
       6581.0357       1.0493023
       6581.0531       1.0500638
       6581.0705       1.0494356
       6581.0879       1.0475419
       6581.1054       1.0447788
       6581.1228       1.0416954
       6581.1402       1.0388088
       6581.1576       1.0364227
       6581.1750       1.0345239
       6581.1924       1.0327986
       6581.2098       1.0307695
       6581.2272       1.0280047
       6581.2446       1.0243234
       6581.2621       1.0199164
       6581.2795       1.0153266
       6581.2969       1.0112875
       6581.3143       1.0084797
       6581.3317       1.0073053
       6581.3491       1.0077726
       6581.3665       1.0095343
       6581.3839       1.0120456
       6581.4013       1.0147576
       6581.4187       1.0172543
       6581.4362       1.0192887
       6581.4536       1.0207339
       6581.4710       1.0215098
       6581.4884       1.0215448
       6581.5058       1.0207977
       6581.5232       1.0193214
       6581.5406       1.0173188
       6581.5580       1.0151472
       6581.5754       1.0132513
       6581.5928       1.0120436
       6581.6103       1.0117771
       6581.6277       1.0124608
       6581.6451       1.0138497
       6581.6625       1.0155106
       6581.6799       1.0169352
       6581.6973       1.0176814
       6581.7147       1.0174918
       6581.7321       1.0163666
       6581.7495       1.0145822
       6581.7670       1.0126421
       6581.7844       1.0111621
       6581.8018       1.0107110
       6581.8192       1.0116500
       6581.8366       1.0140233
       6581.8540       1.0175407
       6581.8714       1.0216642
       6581.8888       1.0257673
       6581.9062       1.0293107
       6581.9236       1.0319694
       6581.9411       1.0336712
       6581.9585       1.0345472
       6581.9759       1.0348332
       6581.9933       1.0347758
       6582.0107       1.0345828
       6582.0281       1.0344212
       6582.0455       1.0344368
       6582.0629       1.0347566
       6582.0803       1.0354510
       6582.0978       1.0364707
       6582.1152       1.0375988
       6582.1326       1.0384662
       6582.1500       1.0386485
       6582.1674       1.0378196
       6582.1848       1.0358976
       6582.2022       1.0331128
       6582.2196       1.0299590
       6582.2370       1.0270458
       6582.2544       1.0249124
       6582.2719       1.0238806
       6582.2893       1.0239988
       6582.3067       1.0250834
       6582.3241       1.0268194
       6582.3415       1.0288601
       6582.3589       1.0308952
       6582.3763       1.0326635
       6582.3937       1.0339282
       6582.4111       1.0344557
       6582.4285       1.0340249
       6582.4460       1.0324762
       6582.4634       1.0297904
       6582.4808       1.0261646
       6582.4982       1.0220442
       6582.5156       1.0180767
       6582.5330       1.0149808
       6582.5504       1.0133611
       6582.5678       1.0135332
       6582.5852       1.0154262
       6582.6027       1.0186055
       6582.6201       1.0224077
       6582.6375       1.0261341
       6582.6549       1.0292278
       6582.6723       1.0313734
       6582.6897       1.0324971
       6582.7071       1.0326905
       6582.7245       1.0321106
       6582.7419       1.0309060
       6582.7593       1.0291972
       6582.7768       1.0271007
       6582.7942       1.0247626
       6582.8116       1.0223700
       6582.8290       1.0201297
       6582.8464       1.0182331
       6582.8638       1.0168324
       6582.8812       1.0160429
       6582.8986       1.0159628
       6582.9160       1.0166835
       6582.9335       1.0182721
       6582.9509       1.0207265
       6582.9683       1.0239271
       6582.9857       1.0276133
       6583.0031       1.0313972
       6583.0205       1.0348400
       6583.0379       1.0375347
       6583.0553       1.0391911
       6583.0727       1.0396968
       6583.0901       1.0391386
       6583.1076       1.0377839
       6583.1250       1.0360244
       6583.1424       1.0342963
       6583.1598       1.0329930
       6583.1772       1.0323860
       6583.1946       1.0325731
       6583.2120       1.0334656
       6583.2294       1.0348227
       6583.2468       1.0363277
       6583.2642       1.0376838
       6583.2817       1.0386968
       6583.2991       1.0393127
       6583.3165       1.0395991
       6583.3339       1.0396804
       6583.3513       1.0396652
       6583.3687       1.0395995
       6583.3861       1.0394666
       6583.4035       1.0392234
       6583.4209       1.0388456
       6583.4384       1.0383489
       6583.4558       1.0377742
       6583.4732       1.0371461
       6583.4906       1.0364329
       6583.5080       1.0355384
       6583.5254       1.0343350
       6583.5428       1.0327257
       6583.5602       1.0307037
       6583.5776       1.0283782
       6583.5950       1.0259522
       6583.6125       1.0236631
       6583.6299       1.0217147
       6583.6473       1.0202193
       6583.6647       1.0191705
       6583.6821       1.0184501
       6583.6995       1.0178576
       6583.7169       1.0171621
       6583.7343       1.0161734
       6583.7517       1.0148131
       6583.7691       1.0131592
       6583.7866       1.0114376
       6583.8040       1.0099529
       6583.8214       1.0089863
       6583.8388       1.0087060
       6583.8562       1.0091344
       6583.8736       1.0101847
       6583.8910       1.0117359
       6583.9084       1.0136954
       6583.9258       1.0160106
       6583.9433       1.0186272
       6583.9607       1.0214323
       6583.9781       1.0242278
       6583.9955       1.0267608
       6584.0129       1.0287951
       6584.0303       1.0301831
       6584.0477       1.0308971
       6584.0651       1.0310090
       6584.0825       1.0306390
       6584.0999       1.0299114
       6584.1174       1.0289425
       6584.1348       1.0278560
       6584.1522       1.0267988
       6584.1696       1.0259325
       6584.1870       1.0253946
       6584.2044       1.0252561
       6584.2218       1.0255050
       6584.2392       1.0260684
       6584.2566       1.0268577
       6584.2741       1.0278029
       6584.2915       1.0288556
       6584.3089       1.0299612
       6584.3263       1.0310403
       6584.3437       1.0319954
       6584.3611       1.0327497
       6584.3785       1.0332865
       6584.3959       1.0336562
       6584.4133       1.0339383
       6584.4307       1.0341803
       6584.4482       1.0343591
       6584.4656       1.0343949
       6584.4830       1.0342140
       6584.5004       1.0338204
       6584.5178       1.0333248
       6584.5352       1.0329054
       6584.5526       1.0327174
       6584.5700       1.0328016
       6584.5874       1.0330465
       6584.6048       1.0332267
       6584.6223       1.0331004
       6584.6397       1.0325170
       6584.6571       1.0314844
       6584.6745       1.0301674
       6584.6919       1.0288237
       6584.7093       1.0277072
       6584.7267       1.0269809
       6584.7441       1.0266682
       6584.7615       1.0266548
       6584.7790       1.0267346
       6584.7964       1.0266774
       6584.8138       1.0262966
       6584.8312       1.0254956
       6584.8486       1.0242843
       6584.8660       1.0227685
       6584.8834       1.0211229
       6584.9008       1.0195593
       6584.9182       1.0182916
       6584.9356       1.0175006
       6584.9531       1.0172843
       6584.9705       1.0176201
       6584.9879       1.0183487
       6585.0053       1.0191900
