# Angstrom [air],  flux [abs.cor.cont.sub+1]
       6544.9926       1.0208574
       6545.0100       1.0201933
       6545.0274       1.0199714
       6545.0448       1.0201460
       6545.0622       1.0205857
       6545.0797       1.0211270
       6545.0971       1.0216348
       6545.1145       1.0220469
       6545.1319       1.0223865
       6545.1493       1.0227376
       6545.1667       1.0232002
       6545.1841       1.0238461
       6545.2015       1.0246898
       6545.2189       1.0256819
       6545.2363       1.0267266
       6545.2538       1.0277155
       6545.2712       1.0285673
       6545.2886       1.0292612
       6545.3060       1.0298494
       6545.3234       1.0304467
       6545.3408       1.0311992
       6545.3582       1.0322475
       6545.3756       1.0336999
       6545.3930       1.0356259
       6545.4104       1.0380689
       6545.4279       1.0410657
       6545.4453       1.0446615
       6545.4627       1.0489104
       6545.4801       1.0538633
       6545.4975       1.0595521
       6545.5149       1.0659770
       6545.5323       1.0731032
       6545.5497       1.0808647
       6545.5671       1.0891715
       6545.5846       1.0979167
       6545.6020       1.1069827
       6545.6194       1.1162453
       6545.6368       1.1255797
       6545.6542       1.1348657
       6545.6716       1.1439923
       6545.6890       1.1528560
       6545.7064       1.1613518
       6545.7238       1.1693555
       6545.7412       1.1767077
       6545.7587       1.1832076
       6545.7761       1.1886245
       6545.7935       1.1927284
       6545.8109       1.1953285
       6545.8283       1.1962991
       6545.8457       1.1955858
       6545.8631       1.1931896
       6545.8805       1.1891400
       6545.8979       1.1834708
       6545.9153       1.1762094
       6545.9328       1.1673805
       6545.9502       1.1570205
       6545.9676       1.1451932
       6545.9850       1.1320042
       6546.0024       1.1176111
       6546.0198       1.1022305
       6546.0372       1.0861373
       6546.0546       1.0696515
       6546.0720       1.0531099
       6546.0894       1.0368293
       6546.1069       1.0210724
       6546.1243       1.0060319
       6546.1417      0.99183734
       6546.1591      0.97857742
       6546.1765      0.96632443
       6546.1939      0.95514836
       6546.2113      0.94511829
       6546.2287      0.93629730
       6546.2461      0.92873960
       6546.2636      0.92249318
       6546.2810      0.91760540
       6546.2984      0.91412616
       6546.3158      0.91210675
       6546.3332      0.91159589
       6546.3506      0.91263543
       6546.3680      0.91525491
       6546.3854      0.91946085
       6546.4028      0.92521627
       6546.4202      0.93241699
       6546.4377      0.94084468
       6546.4551      0.95016487
       6546.4725      0.95994178
       6546.4899      0.96968163
       6546.5073      0.97890296
       6546.5247      0.98721086
       6546.5421      0.99435082
       6546.5595       1.0002255
       6546.5769       1.0048739
       6546.5943       1.0084269
       6546.6118       1.0110613
       6546.6292       1.0129676
       6546.6466       1.0143355
       6546.6640       1.0153486
       6546.6814       1.0161775
       6546.6988       1.0169653
       6546.7162       1.0178110
       6546.7336       1.0187597
       6546.7510       1.0198077
       6546.7684       1.0209188
       6546.7859       1.0220415
       6546.8033       1.0231196
       6546.8207       1.0240933
       6546.8381       1.0249022
       6546.8555       1.0254996
       6546.8729       1.0258780
       6546.8903       1.0260954
       6546.9077       1.0262814
       6546.9251       1.0266111
       6546.9426       1.0272531
       6546.9600       1.0283079
       6546.9774       1.0297650
       6546.9948       1.0314930
       6547.0122       1.0332686
       6547.0296       1.0348313
       6547.0470       1.0359449
       6547.0644       1.0364487
       6547.0818       1.0362856
       6547.0992       1.0355108
       6547.1167       1.0342578
       6547.1341       1.0327035
       6547.1515       1.0310293
       6547.1689       1.0293932
       6547.1863       1.0279191
       6547.2037       1.0267026
       6547.2211       1.0258238
       6547.2385       1.0253563
       6547.2559       1.0253623
       6547.2733       1.0258750
       6547.2908       1.0268754
       6547.3082       1.0282759
       6547.3256       1.0299204
       6547.3430       1.0316059
       6547.3604       1.0331205
       6547.3778       1.0342868
       6547.3952       1.0350006
       6547.4126       1.0352512
       6547.4300       1.0351221
       6547.4474       1.0347708
       6547.4649       1.0343931
       6547.4823       1.0341782
       6547.4997       1.0342654
       6547.5171       1.0347129
       6547.5345       1.0354900
       6547.5519       1.0364966
       6547.5693       1.0376037
       6547.5867       1.0386979
       6547.6041       1.0397111
       6547.6216       1.0406254
       6547.6390       1.0414537
       6547.6564       1.0422114
       6547.6738       1.0428966
       6547.6912       1.0434871
       6547.7086       1.0439531
       6547.7260       1.0442740
       6547.7434       1.0444508
       6547.7608       1.0445014
       6547.7782       1.0444498
       6547.7957       1.0443161
       6547.8131       1.0441146
       6547.8305       1.0438594
       6547.8479       1.0435721
       6547.8653       1.0432819
       6547.8827       1.0430154
       6547.9001       1.0427820
       6547.9175       1.0425628
       6547.9349       1.0423147
       6547.9523       1.0419842
       6547.9698       1.0415244
       6547.9872       1.0408988
       6548.0046       1.0400687
       6548.0220       1.0389713
       6548.0394       1.0375066
       6548.0568       1.0355503
       6548.0742       1.0329963
       6548.0916       1.0298181
       6548.1090       1.0261251
       6548.1264       1.0221849
       6548.1439       1.0183980
       6548.1613       1.0152228
       6548.1787       1.0130714
       6548.1961       1.0122070
       6548.2135       1.0126780
       6548.2309       1.0143090
       6548.2483       1.0167541
       6548.2657       1.0195916
       6548.2831       1.0224297
       6548.3006       1.0249894
       6548.3180       1.0271452
       6548.3354       1.0289143
       6548.3528       1.0304090
       6548.3702       1.0317689
       6548.3876       1.0331012
       6548.4050       1.0344432
       6548.4224       1.0357621
       6548.4398       1.0369831
       6548.4572       1.0380299
       6548.4747       1.0388582
       6548.4921       1.0394698
       6548.5095       1.0399055
       6548.5269       1.0402256
       6548.5443       1.0404887
       6548.5617       1.0407413
       6548.5791       1.0410180
       6548.5965       1.0413508
       6548.6139       1.0417772
       6548.6313       1.0423416
       6548.6488       1.0430880
       6548.6662       1.0440461
       6548.6836       1.0452204
       6548.7010       1.0465850
       6548.7184       1.0480884
       6548.7358       1.0496644
       6548.7532       1.0512444
       6548.7706       1.0527667
       6548.7880       1.0541794
       6548.8054       1.0554383
       6548.8229       1.0565008
       6548.8403       1.0573211
       6548.8577       1.0578496
       6548.8751       1.0580408
       6548.8925       1.0578691
       6548.9099       1.0573476
       6548.9273       1.0565407
       6548.9447       1.0555600
       6548.9621       1.0545392
       6548.9796       1.0535955
       6548.9970       1.0527908
       6549.0144       1.0521121
       6549.0318       1.0514836
       6549.0492       1.0508026
       6549.0666       1.0499914
       6549.0840       1.0490291
       6549.1014       1.0479547
       6549.1188       1.0468412
       6549.1362       1.0457580
       6549.1537       1.0447414
       6549.1711       1.0437898
       6549.1885       1.0428833
       6549.2059       1.0420140
       6549.2233       1.0412089
       6549.2407       1.0405347
       6549.2581       1.0400797
       6549.2755       1.0399240
       6549.2929       1.0401066
       6549.3103       1.0406029
       6549.3278       1.0413184
       6549.3452       1.0421007
       6549.3626       1.0427706
       6549.3800       1.0431636
       6549.3974       1.0431725
       6549.4148       1.0427787
       6549.4322       1.0420625
       6549.4496       1.0411882
       6549.4670       1.0403678
       6549.4844       1.0398122
       6549.5019       1.0396827
       6549.5193       1.0400522
       6549.5367       1.0408890
       6549.5541       1.0420653
       6549.5715       1.0433916
       6549.5889       1.0446657
       6549.6063       1.0457238
       6549.6237       1.0464777
       6549.6411       1.0469289
       6549.6586       1.0471566
       6549.6760       1.0472882
       6549.6934       1.0474606
       6549.7108       1.0477811
       6549.7282       1.0483044
       6549.7456       1.0490246
       6549.7630       1.0498828
       6549.7804       1.0507848
       6549.7978       1.0516219
       6549.8152       1.0522905
       6549.8327       1.0527085
       6549.8501       1.0528273
       6549.8675       1.0526390
       6549.8849       1.0521757
       6549.9023       1.0514997
       6549.9197       1.0506859
       6549.9371       1.0498022
       6549.9545       1.0488988
       6549.9719       1.0480085
       6549.9893       1.0471598
       6550.0068       1.0463916
       6550.0242       1.0457600
       6550.0416       1.0453327
       6550.0590       1.0451710
       6550.0764       1.0453080
       6550.0938       1.0457339
       6550.1112       1.0463916
       6550.1286       1.0471862
       6550.1460       1.0480019
       6550.1635       1.0487236
       6550.1809       1.0492580
       6550.1983       1.0495499
       6550.2157       1.0495901
       6550.2331       1.0494118
       6550.2505       1.0490768
       6550.2679       1.0486558
       6550.2853       1.0482119
       6550.3027       1.0477936
       6550.3201       1.0474369
       6550.3376       1.0471720
       6550.3550       1.0470221
       6550.3724       1.0469980
       6550.3898       1.0470875
       6550.4072       1.0472526
       6550.4246       1.0474410
       6550.4420       1.0476103
       6550.4594       1.0477530
       6550.4768       1.0479090
       6550.4942       1.0481556
       6550.5117       1.0485790
       6550.5291       1.0492396
       6550.5465       1.0501453
       6550.5639       1.0512442
       6550.5813       1.0524364
       6550.5987       1.0536003
       6550.6161       1.0546240
       6550.6335       1.0554311
       6550.6509       1.0559949
       6550.6683       1.0563354
       6550.6858       1.0565010
       6550.7032       1.0565429
       6550.7206       1.0564947
       6550.7380       1.0563673
       6550.7554       1.0561645
       6550.7728       1.0559071
       6550.7902       1.0556508
       6550.8076       1.0554826
       6550.8250       1.0554906
       6550.8425       1.0557229
       6550.8599       1.0561547
       6550.8773       1.0566859
       6550.8947       1.0571739
       6550.9121       1.0574900
       6550.9295       1.0575741
       6550.9469       1.0574639
       6550.9643       1.0572837
       6550.9817       1.0571992
       6550.9991       1.0573518
       6551.0166       1.0578006
       6551.0340       1.0585002
       6551.0514       1.0593148
       6551.0688       1.0600657
       6551.0862       1.0605913
       6551.1036       1.0607947
       6551.1210       1.0606612
       6551.1384       1.0602417
       6551.1558       1.0596129
       6551.1732       1.0588380
       6551.1907       1.0579477
       6551.2081       1.0569486
       6551.2255       1.0558538
       6551.2429       1.0547136
       6551.2603       1.0536285
       6551.2777       1.0527332
       6551.2951       1.0521585
       6551.3125       1.0519896
       6551.3299       1.0522405
       6551.3473       1.0528530
       6551.3648       1.0537167
       6551.3822       1.0546937
       6551.3996       1.0556362
       6551.4170       1.0563920
       6551.4344       1.0568073
       6551.4518       1.0567369
       6551.4692       1.0560680
       6551.4866       1.0547540
       6551.5040       1.0528443
       6551.5215       1.0504965
       6551.5389       1.0479628
       6551.5563       1.0455521
       6551.5737       1.0435787
       6551.5911       1.0423087
       6551.6085       1.0419198
       6551.6259       1.0424811
       6551.6433       1.0439575
       6551.6607       1.0462184
       6551.6781       1.0490819
       6551.6956       1.0523323
       6551.7130       1.0557311
       6551.7304       1.0590202
       6551.7478       1.0619292
       6551.7652       1.0641976
       6551.7826       1.0656153
       6551.8000       1.0660715
       6551.8174       1.0655937
       6551.8348       1.0643596
       6551.8522       1.0626739
       6551.8697       1.0609133
       6551.8871       1.0594554
       6551.9045       1.0586078
       6551.9219       1.0585543
       6551.9393       1.0593280
       6551.9567       1.0608132
       6551.9741       1.0627708
       6551.9915       1.0648806
       6552.0089       1.0667895
       6552.0263       1.0681592
       6552.0438       1.0687086
       6552.0612       1.0682494
       6552.0786       1.0667156
       6552.0960       1.0641859
       6552.1134       1.0608913
       6552.1308       1.0572008
       6552.1482       1.0535748
       6552.1656       1.0504882
       6552.1830       1.0483366
       6552.2005       1.0473546
       6552.2179       1.0475740
       6552.2353       1.0488381
       6552.2527       1.0508646
       6552.2701       1.0533316
       6552.2875       1.0559526
       6552.3049       1.0585184
       6552.3223       1.0609057
       6552.3397       1.0630545
       6552.3571       1.0649439
       6552.3746       1.0665751
       6552.3920       1.0679666
       6552.4094       1.0691556
       6552.4268       1.0701966
       6552.4442       1.0711536
       6552.4616       1.0720838
       6552.4790       1.0730195
       6552.4964       1.0739547
       6552.5138       1.0748445
       6552.5312       1.0756202
       6552.5487       1.0762161
       6552.5661       1.0765980
       6552.5835       1.0767806
       6552.6009       1.0768246
       6552.6183       1.0768128
       6552.6357       1.0768184
       6552.6531       1.0768804
       6552.6705       1.0769989
       6552.6879       1.0771541
       6552.7053       1.0773370
       6552.7228       1.0775741
       6552.7402       1.0779323
       6552.7576       1.0784977
       6552.7750       1.0793400
       6552.7924       1.0804766
       6552.8098       1.0818545
       6552.8272       1.0833570
       6552.8446       1.0848320
       6552.8620       1.0861310
       6552.8795       1.0871449
       6552.8969       1.0878240
       6552.9143       1.0881794
       6552.9317       1.0882670
       6552.9491       1.0881655
       6552.9665       1.0879569
       6552.9839       1.0877136
       6553.0013       1.0874958
       6553.0187       1.0873466
       6553.0361       1.0872840
       6553.0536       1.0872910
       6553.0710       1.0873115
       6553.0884       1.0872613
       6553.1058       1.0870518
       6553.1232       1.0866168
       6553.1406       1.0859286
       6553.1580       1.0849916
       6553.1754       1.0838194
       6553.1928       1.0824091
       6553.2102       1.0807309
       6553.2277       1.0787453
       6553.2451       1.0764428
       6553.2625       1.0738902
       6553.2799       1.0712604
       6553.2973       1.0688285
       6553.3147       1.0669281
       6553.3321       1.0658783
       6553.3495       1.0659033
       6553.3669       1.0670679
       6553.3843       1.0692506
       6553.4018       1.0721605
       6553.4192       1.0753951
       6553.4366       1.0785215
       6553.4540       1.0811632
       6553.4714       1.0830709
       6553.4888       1.0841621
       6553.5062       1.0845215
       6553.5236       1.0843636
       6553.5410       1.0839664
       6553.5585       1.0835941
       6553.5759       1.0834306
       6553.5933       1.0835452
       6553.6107       1.0838965
       6553.6281       1.0843846
       6553.6455       1.0849169
       6553.6629       1.0854617
       6553.6803       1.0860660
       6553.6977       1.0868328
       6553.7151       1.0878684
       6553.7326       1.0892271
       6553.7500       1.0908756
       6553.7674       1.0926918
       6553.7848       1.0944959
       6553.8022       1.0961022
       6553.8196       1.0973723
       6553.8370       1.0982551
       6553.8544       1.0987960
       6553.8718       1.0991156
       6553.8892       1.0993598
       6553.9067       1.0996391
       6553.9241       1.0999789
       6553.9415       1.1003005
       6553.9589       1.1004425
       6553.9763       1.1002173
       6553.9937       1.0994815
       6554.0111       1.0981930
       6554.0285       1.0964299
       6554.0459       1.0943629
       6554.0633       1.0921936
       6554.0808       1.0900857
       6554.0982       1.0881185
       6554.1156       1.0862812
       6554.1330       1.0845068
       6554.1504       1.0827244
       6554.1678       1.0809086
       6554.1852       1.0791061
       6554.2026       1.0774328
       6554.2200       1.0760465
       6554.2375       1.0751083
       6554.2549       1.0747398
       6554.2723       1.0749907
       6554.2897       1.0758354
       6554.3071       1.0771844
       6554.3245       1.0789106
       6554.3419       1.0808811
       6554.3593       1.0829826
       6554.3767       1.0851340
       6554.3941       1.0872859
       6554.4116       1.0894087
       6554.4290       1.0914747
       6554.4464       1.0934410
       6554.4638       1.0952388
       6554.4812       1.0967747
       6554.4986       1.0979463
       6554.5160       1.0986677
       6554.5334       1.0988977
       6554.5508       1.0986581
       6554.5682       1.0980351
       6554.5857       1.0971633
       6554.6031       1.0961977
       6554.6205       1.0952884
       6554.6379       1.0945658
       6554.6553       1.0941422
       6554.6727       1.0941226
       6554.6901       1.0946149
       6554.7075       1.0957272
       6554.7249       1.0975489
       6554.7423       1.1001207
       6554.7598       1.1034083
       6554.7772       1.1072928
       6554.7946       1.1115841
       6554.8120       1.1160553
       6554.8294       1.1204860
       6554.8468       1.1247004
       6554.8642       1.1285899
       6554.8816       1.1321158
       6554.8990       1.1352929
       6554.9165       1.1381670
       6554.9339       1.1407820
       6554.9513       1.1431627
       6554.9687       1.1453099
       6554.9861       1.1472086
       6555.0035       1.1488412
       6555.0209       1.1501989
       6555.0383       1.1512811
       6555.0557       1.1520811
       6555.0731       1.1525659
       6555.0906       1.1526598
       6555.1080       1.1522453
       6555.1254       1.1511848
       6555.1428       1.1493575
       6555.1602       1.1466958
       6555.1776       1.1432065
       6555.1950       1.1389701
       6555.2124       1.1341207
       6555.2298       1.1288195
       6555.2472       1.1232330
       6555.2647       1.1175223
       6555.2821       1.1118401
       6555.2995       1.1063294
       6555.3169       1.1011163
       6555.3343       1.0962994
       6555.3517       1.0919366
       6555.3691       1.0880384
       6555.3865       1.0845718
       6555.4039       1.0814760
       6555.4213       1.0786900
       6555.4388       1.0761814
       6555.4562       1.0739666
       6555.4736       1.0721108
       6555.4910       1.0707054
       6555.5084       1.0698317
       6555.5258       1.0695278
       6555.5432       1.0697760
       6555.5606       1.0705089
       6555.5780       1.0716370
       6555.5955       1.0730781
       6555.6129       1.0747709
       6555.6303       1.0766746
       6555.6477       1.0787575
       6555.6651       1.0809822
       6555.6825       1.0832919
       6555.6999       1.0855998
       6555.7173       1.0877860
       6555.7347       1.0897031
       6555.7521       1.0911971
       6555.7696       1.0921363
       6555.7870       1.0924429
       6555.8044       1.0921144
       6555.8218       1.0912263
       6555.8392       1.0899181
       6555.8566       1.0883652
       6555.8740       1.0867479
       6555.8914       1.0852229
       6555.9088       1.0839025
       6555.9262       1.0828444
       6555.9437       1.0820534
       6555.9611       1.0814942
       6555.9785       1.0811128
       6555.9959       1.0808602
       6556.0133       1.0807120
       6556.0307       1.0806786
       6556.0481       1.0808050
       6556.0655       1.0811619
       6556.0829       1.0818315
       6556.1003       1.0828909
       6556.1178       1.0843961
       6556.1352       1.0863672
       6556.1526       1.0887790
       6556.1700       1.0915556
       6556.1874       1.0945706
       6556.2048       1.0976529
       6556.2222       1.1006045
       6556.2396       1.1032320
       6556.2570       1.1053859
       6556.2745       1.1069988
       6556.2919       1.1081068
       6556.3093       1.1088407
       6556.3267       1.1093833
       6556.3441       1.1099103
       6556.3615       1.1105333
       6556.3789       1.1112677
       6556.3963       1.1120322
       6556.4137       1.1126766
       6556.4311       1.1130243
       6556.4486       1.1129183
       6556.4660       1.1122599
       6556.4834       1.1110340
       6556.5008       1.1093157
       6556.5182       1.1072555
       6556.5356       1.1050465
       6556.5530       1.1028806
       6556.5704       1.1009073
       6556.5878       1.0992071
       6556.6052       1.0977831
       6556.6227       1.0965698
       6556.6401       1.0954550
       6556.6575       1.0943124
       6556.6749       1.0930409
       6556.6923       1.0916051
       6556.7097       1.0900630
       6556.7271       1.0885676
       6556.7445       1.0873336
       6556.7619       1.0865775
       6556.7793       1.0864510
       6556.7968       1.0869903
       6556.8142       1.0881006
       6556.8316       1.0895789
       6556.8490       1.0911665
       6556.8664       1.0926131
       6556.8838       1.0937401
       6556.9012       1.0944726
       6556.9186       1.0948446
       6556.9360       1.0949769
       6556.9535       1.0950407
       6556.9709       1.0952181
       6556.9883       1.0956696
       6557.0057       1.0965087
       6557.0231       1.0977834
       6557.0405       1.0994613
       6557.0579       1.1014285
       6557.0753       1.1035075
       6557.0927       1.1054977
       6557.1101       1.1072299
       6557.1276       1.1086148
       6557.1450       1.1096666
       6557.1624       1.1104915
       6557.1798       1.1112473
       6557.1972       1.1120899
       6557.2146       1.1131253
       6557.2320       1.1143815
       6557.2494       1.1158056
       6557.2668       1.1172847
       6557.2842       1.1186819
       6557.3017       1.1198789
       6557.3191       1.1208109
       6557.3365       1.1214840
       6557.3539       1.1219672
       6557.3713       1.1223641
       6557.3887       1.1227725
       6557.4061       1.1232495
       6557.4235       1.1237941
       6557.4409       1.1243502
       6557.4583       1.1248264
       6557.4758       1.1251226
       6557.4932       1.1251533
       6557.5106       1.1248641
       6557.5280       1.1242438
       6557.5454       1.1233204
       6557.5628       1.1221557
       6557.5802       1.1208324
       6557.5976       1.1194387
       6557.6150       1.1180551
       6557.6325       1.1167506
       6557.6499       1.1155895
       6557.6673       1.1146423
       6557.6847       1.1139932
       6557.7021       1.1137293
       6557.7195       1.1139142
       6557.7369       1.1145538
       6557.7543       1.1155744
       6557.7717       1.1168319
       6557.7891       1.1181513
       6557.8066       1.1193825
       6557.8240       1.1204433
       6557.8414       1.1213300
       6557.8588       1.1220919
       6557.8762       1.1227873
       6557.8936       1.1234451
       6557.9110       1.1240498
       6557.9284       1.1245504
       6557.9458       1.1248841
       6557.9632       1.1249984
       6557.9807       1.1248669
       6557.9981       1.1244996
       6558.0155       1.1239525
       6558.0329       1.1233357
       6558.0503       1.1228124
       6558.0677       1.1225776
       6558.0851       1.1228164
       6558.1025       1.1236492
       6558.1199       1.1250860
       6558.1373       1.1270091
       6558.1548       1.1291968
       6558.1722       1.1313776
       6558.1896       1.1333057
       6558.2070       1.1348110
       6558.2244       1.1358177
       6558.2418       1.1363307
       6558.2592       1.1364078
       6558.2766       1.1361366
       6558.2940       1.1356240
       6558.3115       1.1349946
       6558.3289       1.1343841
       6558.3463       1.1339237
       6558.3637       1.1337185
       6558.3811       1.1338316
       6558.3985       1.1342798
       6558.4159       1.1350378
       6558.4333       1.1360438
       6558.4507       1.1372014
       6558.4681       1.1383824
       6558.4856       1.1394410
       6558.5030       1.1402466
       6558.5204       1.1407273
       6558.5378       1.1409068
       6558.5552       1.1409114
       6558.5726       1.1409398
       6558.5900       1.1412047
       6558.6074       1.1418727
       6558.6248       1.1430249
       6558.6422       1.1446495
       6558.6597       1.1466580
       6558.6771       1.1489089
       6558.6945       1.1512299
       6558.7119       1.1534358
       6558.7293       1.1553527
       6558.7467       1.1568498
       6558.7641       1.1578753
       6558.7815       1.1584781
       6558.7989       1.1588012
       6558.8163       1.1590455
       6558.8338       1.1594086
       6558.8512       1.1600250
       6558.8686       1.1609379
       6558.8860       1.1621075
       6558.9034       1.1634508
       6558.9208       1.1648915
       6558.9382       1.1663978
       6558.9556       1.1679922
       6558.9730       1.1697352
       6558.9905       1.1716979
       6559.0079       1.1739363
       6559.0253       1.1764787
       6559.0427       1.1793228
       6559.0601       1.1824365
       6559.0775       1.1857574
       6559.0949       1.1891910
       6559.1123       1.1926095
       6559.1297       1.1958577
       6559.1471       1.1987634
       6559.1646       1.2011541
       6559.1820       1.2028735
       6559.1994       1.2037997
       6559.2168       1.2038604
       6559.2342       1.2030461
       6559.2516       1.2014163
       6559.2690       1.1990947
       6559.2864       1.1962503
       6559.3038       1.1930653
       6559.3212       1.1896970
       6559.3387       1.1862449
       6559.3561       1.1827328
       6559.3735       1.1791124
       6559.3909       1.1752865
       6559.4083       1.1711442
       6559.4257       1.1666015
       6559.4431       1.1616362
       6559.4605       1.1563105
       6559.4779       1.1507911
       6559.4953       1.1453300
       6559.5128       1.1402365
       6559.5302       1.1358336
       6559.5476       1.1324056
       6559.5650       1.1301536
       6559.5824       1.1291686
       6559.5998       1.1294292
       6559.6172       1.1308209
       6559.6346       1.1331658
       6559.6520       1.1362547
       6559.6695       1.1398735
       6559.6869       1.1438246
       6559.7043       1.1479452
       6559.7217       1.1521220
       6559.7391       1.1562994
       6559.7565       1.1604751
       6559.7739       1.1646822
       6559.7913       1.1689610
       6559.8087       1.1733310
       6559.8261       1.1777710
       6559.8436       1.1822149
       6559.8610       1.1865616
       6559.8784       1.1906980
       6559.8958       1.1945264
       6559.9132       1.1979901
       6559.9306       1.2010894
       6559.9480       1.2038814
       6559.9654       1.2064651
       6559.9828       1.2089557
       6560.0002       1.2114557
       6560.0177       1.2140325
       6560.0351       1.2167065
       6560.0525       1.2194496
       6560.0699       1.2221936
       6560.0873       1.2248434
       6560.1047       1.2272961
       6560.1221       1.2294645
       6560.1395       1.2313085
       6560.1569       1.2328578
       6560.1743       1.2342266
       6560.1918       1.2356023
       6560.2092       1.2372067
       6560.2266       1.2392347
       6560.2440       1.2417909
       6560.2614       1.2448485
       6560.2788       1.2482451
       6560.2962       1.2517174
       6560.3136       1.2549611
       6560.3310       1.2576956
       6560.3485       1.2597149
       6560.3659       1.2609178
       6560.3833       1.2613141
       6560.4007       1.2610149
       6560.4181       1.2602115
       6560.4355       1.2591443
       6560.4529       1.2580650
       6560.4703       1.2571946
       6560.4877       1.2566864
       6560.5051       1.2566056
       6560.5226       1.2569342
       6560.5400       1.2576033
       6560.5574       1.2585363
       6560.5748       1.2596881
       6560.5922       1.2610613
       6560.6096       1.2626966
       6560.6270       1.2646472
       6560.6444       1.2669518
       6560.6618       1.2696197
       6560.6792       1.2726324
       6560.6967       1.2759550
       6560.7141       1.2795513
       6560.7315       1.2833933
       6560.7489       1.2874645
       6560.7663       1.2917578
       6560.7837       1.2962651
       6560.8011       1.3009745
       6560.8185       1.3058634
       6560.8359       1.3108969
       6560.8533       1.3160302
       6560.8708       1.3212134
       6560.8882       1.3263997
       6560.9056       1.3315514
       6560.9230       1.3366461
       6560.9404       1.3416775
       6560.9578       1.3466544
       6560.9752       1.3515978
       6560.9926       1.3565407
       6561.0100       1.3615331
       6561.0275       1.3666489
       6561.0449       1.3719871
       6561.0623       1.3776595
       6561.0797       1.3837647
       6561.0971       1.3903562
       6561.1145       1.3974242
       6561.1319       1.4049009
       6561.1493       1.4126932
       6561.1667       1.4207268
       6561.1841       1.4289832
       6561.2016       1.4375147
       6561.2190       1.4464340
       6561.2364       1.4558833
       6561.2538       1.4659928
       6561.2712       1.4768391
       6561.2886       1.4884133
       6561.3060       1.5006097
       6561.3234       1.5132467
       6561.3408       1.5261177
       6561.3582       1.5390588
       6561.3757       1.5520050
       6561.3931       1.5650128
       6561.4105       1.5782393
       6561.4279       1.5918892
       6561.4453       1.6061480
       6561.4627       1.6211359
       6561.4801       1.6368848
       6561.4975       1.6533417
       6561.5149       1.6703905
       6561.5323       1.6878882
       6561.5498       1.7057040
       6561.5672       1.7237518
       6561.5846       1.7420025
       6561.6020       1.7604700
       6561.6194       1.7791780
       6561.6368       1.7981281
       6561.6542       1.8172878
       6561.6716       1.8366070
       6561.6890       1.8560516
       6561.7065       1.8756316
       6561.7239       1.8954020
       6561.7413       1.9154312
       6561.7587       1.9357489
       6561.7761       1.9562967
       6561.7935       1.9769078
       6561.8109       1.9973231
       6561.8283       2.0172384
       6561.8457       2.0363608
       6561.8631       2.0544517
       6561.8806       2.0713433
       6561.8980       2.0869320
       6561.9154       2.1011674
       6561.9328       2.1140531
       6561.9502       2.1256660
       6561.9676       2.1361854
       6561.9850       2.1459059
       6562.0024       2.1552155
       6562.0198       2.1645306
       6562.0372       2.1742016
       6562.0547       2.1844220
       6562.0721       2.1951738
       6562.0895       2.2062139
       6562.1069       2.2171569
       6562.1243       2.2275697
       6562.1417       2.2370808
       6562.1591       2.2454650
       6562.1765       2.2526881
       6562.1939       2.2589059
       6562.2113       2.2644271
       6562.2288       2.2696558
       6562.2462       2.2750288
       6562.2636       2.2809594
       6562.2810       2.2877939
       6562.2984       2.2957827
       6562.3158       2.3050660
       6562.3332       2.3156746
       6562.3506       2.3275438
       6562.3680       2.3405369
       6562.3855       2.3544729
       6562.4029       2.3691503
       6562.4203       2.3843626
       6562.4377       2.3999095
       6562.4551       2.4156102
       6562.4725       2.4313274
       6562.4899       2.4469996
       6562.5073       2.4626686
       6562.5247       2.4784800
       6562.5421       2.4946481
       6562.5596       2.5113887
       6562.5770       2.5288445
       6562.5944       2.5470275
       6562.6118       2.5657947
       6562.6292       2.5848557
       6562.6466       2.6037997
       6562.6640       2.6221307
       6562.6814       2.6393063
       6562.6988       2.6547805
       6562.7162       2.6680433
       6562.7337       2.6786936
       6562.7511       2.6864761
       6562.7685       2.6912908
       6562.7859       2.6931854
       6562.8033       2.6923078
       6562.8207       2.6888366
       6562.8381       2.6829072
       6562.8555       2.6745626
       6562.8729       2.6637485
       6562.8903       2.6503560
       6562.9078       2.6342978
       6562.9252       2.6155867
       6562.9426       2.5943877
       6562.9600       2.5710256
       6562.9774       2.5459491
       6562.9948       2.5196718
       6563.0122       2.4927106
       6563.0296       2.4655410
       6563.0470       2.4385700
       6563.0645       2.4121225
       6563.0819       2.3864326
       6563.0993       2.3616366
       6563.1167       2.3377739
       6563.1341       2.3147996
       6563.1515       2.2926080
       6563.1689       2.2710585
       6563.1863       2.2499936
       6563.2037       2.2292503
       6563.2211       2.2086716
       6563.2386       2.1881298
       6563.2560       2.1675656
       6563.2734       2.1470301
       6563.2908       2.1267100
       6563.3082       2.1069141
       6563.3256       2.0880204
       6563.3430       2.0703957
       6563.3604       2.0543179
       6563.3778       2.0399219
       6563.3952       2.0271633
       6563.4127       2.0158536
       6563.4301       2.0056880
       6563.4475       1.9962877
       6563.4649       1.9872480
       6563.4823       1.9781924
       6563.4997       1.9688319
       6563.5171       1.9590188
       6563.5345       1.9487765
       6563.5519       1.9382861
       6563.5693       1.9278235
       6563.5868       1.9176600
       6563.6042       1.9079623
       6563.6216       1.8987315
       6563.6390       1.8898103
       6563.6564       1.8809547
       6563.6738       1.8719390
       6563.6912       1.8626449
       6563.7086       1.8530963
       6563.7260       1.8434285
       6563.7435       1.8338089
       6563.7609       1.8243492
       6563.7783       1.8150452
       6563.7957       1.8057647
       6563.8131       1.7962818
       6563.8305       1.7863378
       6563.8479       1.7757041
       6563.8653       1.7642282
       6563.8827       1.7518525
       6563.9001       1.7386073
       6563.9176       1.7245851
       6563.9350       1.7099043
       6563.9524       1.6946757
       6563.9698       1.6789804
       6563.9872       1.6628651
       6564.0046       1.6463563
       6564.0220       1.6294860
       6564.0394       1.6123282
       6564.0568       1.5950143
       6564.0742       1.5777333
       6564.0917       1.5607075
       6564.1091       1.5441478
       6564.1265       1.5282060
       6564.1439       1.5129407
       6564.1613       1.4983113
       6564.1787       1.4841978
       6564.1961       1.4704379
       6564.2135       1.4568655
       6564.2309       1.4433407
       6564.2483       1.4297703
       6564.2658       1.4161195
       6564.2832       1.4024161
       6564.3006       1.3887462
       6564.3180       1.3752383
       6564.3354       1.3620361
       6564.3528       1.3492690
       6564.3702       1.3370284
       6564.3876       1.3253593
       6564.4050       1.3142698
       6564.4225       1.3037540
       6564.4399       1.2938165
       6564.4573       1.2844879
       6564.4747       1.2758216
       6564.4921       1.2678706
       6564.5095       1.2606517
       6564.5269       1.2541117
       6564.5443       1.2481126
       6564.5617       1.2424464
       6564.5791       1.2368789
       6564.5966       1.2312096
       6564.6140       1.2253239
       6564.6314       1.2192201
       6564.6488       1.2130017
       6564.6662       1.2068420
       6564.6836       1.2009393
       6564.7010       1.1954734
       6564.7184       1.1905876
       6564.7358       1.1863844
       6564.7532       1.1829292
       6564.7707       1.1802489
       6564.7881       1.1783251
       6564.8055       1.1770851
       6564.8229       1.1764011
       6564.8403       1.1761046
       6564.8577       1.1760159
       6564.8751       1.1759795
       6564.8925       1.1758909
       6564.9099       1.1757041
       6564.9273       1.1754177
       6564.9448       1.1750490
       6564.9622       1.1746116
       6564.9796       1.1741053
       6564.9970       1.1735224
       6565.0144       1.1728614
       6565.0318       1.1721373
       6565.0492       1.1713824
       6565.0666       1.1706378
       6565.0840       1.1699378
       6565.1015       1.1692968
       6565.1189       1.1686996
       6565.1363       1.1681009
       6565.1537       1.1674335
       6565.1711       1.1666266
       6565.1885       1.1656295
       6565.2059       1.1644336
       6565.2233       1.1630836
       6565.2407       1.1616719
       6565.2581       1.1603153
       6565.2756       1.1591219
       6565.2930       1.1581584
       6565.3104       1.1574301
       6565.3278       1.1568779
       6565.3452       1.1563890
       6565.3626       1.1558229
       6565.3800       1.1550374
       6565.3974       1.1539149
       6565.4148       1.1523870
       6565.4322       1.1504549
       6565.4497       1.1481985
       6565.4671       1.1457695
       6565.4845       1.1433666
       6565.5019       1.1411984
       6565.5193       1.1394444
       6565.5367       1.1382256
       6565.5541       1.1375925
       6565.5715       1.1375308
       6565.5889       1.1379808
       6565.6063       1.1388595
       6565.6238       1.1400799
       6565.6412       1.1415591
       6565.6586       1.1432176
       6565.6760       1.1449720
       6565.6934       1.1467273
       6565.7108       1.1483784
       6565.7282       1.1498214
       6565.7456       1.1509750
       6565.7630       1.1518041
       6565.7805       1.1523338
       6565.7979       1.1526463
       6565.8153       1.1528602
       6565.8327       1.1530970
       6565.8501       1.1534470
       6565.8675       1.1539430
       6565.8849       1.1545497
       6565.9023       1.1551704
       6565.9197       1.1556688
       6565.9371       1.1559029
       6565.9546       1.1557631
       6565.9720       1.1552040
       6565.9894       1.1542631
       6566.0068       1.1530522
       6566.0242       1.1517207
       6566.0416       1.1504135
       6566.0590       1.1492346
       6566.0764       1.1482311
       6566.0938       1.1474050
       6566.1112       1.1467416
       6566.1287       1.1462408
       6566.1461       1.1459331
       6566.1635       1.1458747
       6566.1809       1.1461230
       6566.1983       1.1467060
       6566.2157       1.1475960
       6566.2331       1.1486995
       6566.2505       1.1498671
       6566.2679       1.1509194
       6566.2853       1.1516853
       6566.3028       1.1520395
       6566.3202       1.1519327
       6566.3376       1.1514022
       6566.3550       1.1505610
       6566.3724       1.1495675
       6566.3898       1.1485834
       6566.4072       1.1477350
       6566.4246       1.1470880
       6566.4420       1.1466449
       6566.4595       1.1463598
       6566.4769       1.1461629
       6566.4943       1.1459816
       6566.5117       1.1457498
       6566.5291       1.1454079
       6566.5465       1.1448994
       6566.5639       1.1441721
       6566.5813       1.1431882
       6566.5987       1.1419375
       6566.6161       1.1404488
       6566.6336       1.1387907
       6566.6510       1.1370671
       6566.6684       1.1353982
       6566.6858       1.1339050
       6566.7032       1.1326948
       6566.7206       1.1318478
       6566.7380       1.1314072
       6566.7554       1.1313722
       6566.7728       1.1316959
       6566.7902       1.1322898
       6566.8077       1.1330384
       6566.8251       1.1338195
       6566.8425       1.1345288
       6566.8599       1.1350967
       6566.8773       1.1354926
       6566.8947       1.1357142
       6566.9121       1.1357687
       6566.9295       1.1356591
       6566.9469       1.1353854
       6566.9643       1.1349638
       6566.9818       1.1344551
       6566.9992       1.1339826
       6567.0166       1.1337242
       6567.0340       1.1338727
       6567.0514       1.1345723
       6567.0688       1.1358568
       6567.0862       1.1376154
       6567.1036       1.1396041
       6567.1210       1.1415036
       6567.1385       1.1429996
       6567.1559       1.1438579
       6567.1733       1.1439659
       6567.1907       1.1433333
       6567.2081       1.1420621
       6567.2255       1.1403065
       6567.2429       1.1382393
       6567.2603       1.1360311
       6567.2777       1.1338402
       6567.2951       1.1318051
       6567.3126       1.1300348
       6567.3300       1.1286035
       6567.3474       1.1275471
       6567.3648       1.1268641
       6567.3822       1.1265204
       6567.3996       1.1264557
       6567.4170       1.1265921
       6567.4344       1.1268446
       6567.4518       1.1271356
       6567.4692       1.1274106
       6567.4867       1.1276512
       6567.5041       1.1278807
       6567.5215       1.1281550
       6567.5389       1.1285417
       6567.5563       1.1290885
       6567.5737       1.1297929
       6567.5911       1.1305845
       6567.6085       1.1313307
       6567.6259       1.1318689
       6567.6433       1.1320580
       6567.6608       1.1318320
       6567.6782       1.1312308
       6567.6956       1.1303930
       6567.7130       1.1295087
       6567.7304       1.1287483
       6567.7478       1.1281983
       6567.7652       1.1278326
       6567.7826       1.1275307
       6567.8000       1.1271366
       6567.8175       1.1265304
       6567.8349       1.1256842
       6567.8523       1.1246809
       6567.8697       1.1236934
       6567.8871       1.1229350
       6567.9045       1.1226001
       6567.9219       1.1228134
       6567.9393       1.1235979
       6567.9567       1.1248556
       6567.9741       1.1263938
       6567.9916       1.1279572
       6568.0090       1.1292785
       6568.0264       1.1301306
       6568.0438       1.1303671
       6568.0612       1.1299424
       6568.0786       1.1289052
       6568.0960       1.1273746
       6568.1134       1.1255092
       6568.1308       1.1234825
       6568.1482       1.1214702
       6568.1657       1.1196456
       6568.1831       1.1181758
       6568.2005       1.1172092
       6568.2179       1.1168530
       6568.2353       1.1171483
       6568.2527       1.1180530
       6568.2701       1.1194421
       6568.2875       1.1211280
       6568.3049       1.1228962
       6568.3223       1.1245485
       6568.3398       1.1259437
       6568.3572       1.1270289
       6568.3746       1.1278535
       6568.3920       1.1285615
       6568.4094       1.1293612
       6568.4268       1.1304767
       6568.4442       1.1320958
       6568.4616       1.1343300
       6568.4790       1.1371988
       6568.4965       1.1406432
       6568.5139       1.1445593
       6568.5313       1.1488354
       6568.5487       1.1533780
       6568.5661       1.1581187
       6568.5835       1.1630054
       6568.6009       1.1679897
       6568.6183       1.1730121
       6568.6357       1.1779962
       6568.6531       1.1828488
       6568.6706       1.1874636
       6568.6880       1.1917272
       6568.7054       1.1955265
       6568.7228       1.1987582
       6568.7402       1.2013361
       6568.7576       1.2031961
       6568.7750       1.2042940
       6568.7924       1.2046003
       6568.8098       1.2040923
       6568.8272       1.2027521
       6568.8447       1.2005702
       6568.8621       1.1975545
       6568.8795       1.1937385
       6568.8969       1.1891810
       6568.9143       1.1839538
       6568.9317       1.1781234
       6568.9491       1.1717336
       6568.9665       1.1648037
       6568.9839       1.1573449
       6569.0014       1.1493909
       6569.0188       1.1410278
       6569.0362       1.1324081
       6569.0536       1.1237381
       6569.0710       1.1152445
       6569.0884       1.1071342
       6569.1058       1.0995651
       6569.1232       1.0926354
       6569.1406       1.0863931
       6569.1580       1.0808515
       6569.1755       1.0760021
       6569.1929       1.0718197
       6569.2103       1.0682599
       6569.2277       1.0652586
       6569.2451       1.0627374
       6569.2625       1.0606160
       6569.2799       1.0588336
       6569.2973       1.0573635
       6569.3147       1.0562216
       6569.3321       1.0554631
       6569.3496       1.0551725
       6569.3670       1.0554469
       6569.3844       1.0563771
       6569.4018       1.0580253
       6569.4192       1.0604028
       6569.4366       1.0634499
       6569.4540       1.0670298
       6569.4714       1.0709413
       6569.4888       1.0749524
       6569.5062       1.0788466
       6569.5237       1.0824639
       6569.5411       1.0857204
       6569.5585       1.0885995
       6569.5759       1.0911219
       6569.5933       1.0933093
       6569.6107       1.0951628
       6569.6281       1.0966648
       6569.6455       1.0978023
       6569.6629       1.0985968
       6569.6804       1.0991215
       6569.6978       1.0994945
       6569.7152       1.0998484
       6569.7326       1.1002905
       6569.7500       1.1008724
       6569.7674       1.1015825
       6569.7848       1.1023632
       6569.8022       1.1031381
       6569.8196       1.1038341
       6569.8370       1.1043869
       6569.8545       1.1047329
       6569.8719       1.1048000
       6569.8893       1.1045095
       6569.9067       1.1038044
       6569.9241       1.1026749
       6569.9415       1.1011826
       6569.9589       1.0994655
       6569.9763       1.0977213
       6569.9937       1.0961740
       6570.0111       1.0950349
       6570.0286       1.0944647
       6570.0460       1.0945455
       6570.0634       1.0952649
       6570.0808       1.0965178
       6570.0982       1.0981269
       6570.1156       1.0998800
       6570.1330       1.1015760
       6570.1504       1.1030644
       6570.1678       1.1042632
       6570.1852       1.1051497
       6570.2027       1.1057276
       6570.2201       1.1059889
       6570.2375       1.1058904
       6570.2549       1.1053575
       6570.2723       1.1043177
       6570.2897       1.1027472
       6570.3071       1.1007094
       6570.3245       1.0983659
       6570.3419       1.0959538
       6570.3594       1.0937368
       6570.3768       1.0919505
       6570.3942       1.0907610
       6570.4116       1.0902463
       6570.4290       1.0904006
       6570.4464       1.0911510
       6570.4638       1.0923762
       6570.4812       1.0939189
       6570.4986       1.0955945
       6570.5160       1.0971981
       6570.5335       1.0985173
       6570.5509       1.0993555
       6570.5683       1.0995694
       6570.5857       1.0990939
       6570.6031       1.0979642
       6570.6205       1.0963150
       6570.6379       1.0943561
       6570.6553       1.0923282
       6570.6727       1.0904524
       6570.6901       1.0888871
       6570.7076       1.0877060
       6570.7250       1.0869017
       6570.7424       1.0864075
       6570.7598       1.0861269
       6570.7772       1.0859580
       6570.7946       1.0858080
       6570.8120       1.0855972
       6570.8294       1.0852609
       6570.8468       1.0847541
       6570.8642       1.0840617
       6570.8817       1.0832114
       6570.8991       1.0822812
       6570.9165       1.0813931
       6570.9339       1.0806902
       6570.9513       1.0803004
       6570.9687       1.0802987
       6570.9861       1.0806819
       6571.0035       1.0813679
       6571.0209       1.0822200
       6571.0384       1.0830881
       6571.0558       1.0838487
       6571.0732       1.0844275
       6571.0906       1.0847977
       6571.1080       1.0849587
       6571.1254       1.0849128
       6571.1428       1.0846550
       6571.1602       1.0841839
       6571.1776       1.0835266
       6571.1950       1.0827604
       6571.2125       1.0820167
       6571.2299       1.0814506
       6571.2473       1.0811965
       6571.2647       1.0813219
       6571.2821       1.0818033
       6571.2995       1.0825340
       6571.3169       1.0833629
       6571.3343       1.0841449
       6571.3517       1.0847792
       6571.3691       1.0852191
       6571.3866       1.0854495
       6571.4040       1.0854484
       6571.4214       1.0851538
       6571.4388       1.0844589
       6571.4562       1.0832386
       6571.4736       1.0813972
       6571.4910       1.0789174
       6571.5084       1.0758884
       6571.5258       1.0725046
       6571.5432       1.0690380
       6571.5607       1.0657944
       6571.5781       1.0630669
       6571.5955       1.0610931
       6571.6129       1.0600208
       6571.6303       1.0598852
       6571.6477       1.0606019
       6571.6651       1.0619821
       6571.6825       1.0637687
       6571.6999       1.0656891
       6571.7174       1.0675081
       6571.7348       1.0690692
       6571.7522       1.0703114
       6571.7696       1.0712613
       6571.7870       1.0720058
       6571.8044       1.0726572
       6571.8218       1.0733226
       6571.8392       1.0740844
       6571.8566       1.0749892
       6571.8740       1.0760446
       6571.8915       1.0772195
       6571.9089       1.0784464
       6571.9263       1.0796311
       6571.9437       1.0806736
       6571.9611       1.0814990
       6571.9785       1.0820878
       6571.9959       1.0824910
       6572.0133       1.0828205
       6572.0307       1.0832138
       6572.0481       1.0837876
       6572.0656       1.0845946
       6572.0830       1.0856019
       6572.1004       1.0866962
       6572.1178       1.0877136
       6572.1352       1.0884868
       6572.1526       1.0888960
       6572.1700       1.0889103
       6572.1874       1.0886077
       6572.2048       1.0881641
       6572.2222       1.0878122
       6572.2397       1.0877824
       6572.2571       1.0882436
       6572.2745       1.0892624
       6572.2919       1.0907933
       6572.3093       1.0926973
       6572.3267       1.0947765
       6572.3441       1.0968127
       6572.3615       1.0985963
       6572.3789       1.0999456
       6572.3964       1.1007176
       6572.4138       1.1008159
       6572.4312       1.1001993
       6572.4486       1.0988880
       6572.4660       1.0969647
       6572.4834       1.0945672
       6572.5008       1.0918706
       6572.5182       1.0890629
       6572.5356       1.0863123
       6572.5530       1.0837427
       6572.5705       1.0814138
       6572.5879       1.0793129
       6572.6053       1.0773616
       6572.6227       1.0754394
       6572.6401       1.0734210
       6572.6575       1.0712163
       6572.6749       1.0688001
       6572.6923       1.0662228
       6572.7097       1.0635993
       6572.7271       1.0610832
       6572.7446       1.0588362
       6572.7620       1.0570018
       6572.7794       1.0556864
       6572.7968       1.0549485
       6572.8142       1.0547919
       6572.8316       1.0551640
       6572.8490       1.0559578
       6572.8664       1.0570189
       6572.8838       1.0581615
       6572.9012       1.0591941
       6572.9187       1.0599559
       6572.9361       1.0603572
       6572.9535       1.0604110
       6572.9709       1.0602418
       6572.9883       1.0600591
       6573.0057       1.0600971
       6573.0231       1.0605366
       6573.0405       1.0614381
       6573.0579       1.0627122
       6573.0754       1.0641446
       6573.0928       1.0654646
       6573.1102       1.0664328
       6573.1276       1.0669131
       6573.1450       1.0669036
       6573.1624       1.0665263
       6573.1798       1.0659712
       6573.1972       1.0654305
       6573.2146       1.0650467
       6573.2320       1.0648845
       6573.2495       1.0649320
       6573.2669       1.0651233
       6573.2843       1.0653714
       6573.3017       1.0655993
       6573.3191       1.0657599
       6573.3365       1.0658452
       6573.3539       1.0658845
       6573.3713       1.0659364
       6573.3887       1.0660739
       6573.4061       1.0663618
       6573.4236       1.0668316
       6573.4410       1.0674567
       6573.4584       1.0681439
       6573.4758       1.0687476
       6573.4932       1.0691114
       6573.5106       1.0691255
       6573.5280       1.0687792
       6573.5454       1.0681865
       6573.5628       1.0675693
       6573.5802       1.0671979
       6573.5977       1.0673080
       6573.6151       1.0680204
       6573.6325       1.0692943
       6573.6499       1.0709319
       6573.6673       1.0726348
       6573.6847       1.0740954
       6573.7021       1.0750904
       6573.7195       1.0755436
       6573.7369       1.0755338
       6573.7544       1.0752455
       6573.7718       1.0748876
       6573.7892       1.0746144
       6573.8066       1.0744862
       6573.8240       1.0744757
       6573.8414       1.0745211
       6573.8588       1.0745759
       6573.8762       1.0746353
       6573.8936       1.0747245
       6573.9110       1.0748644
       6573.9285       1.0750363
       6573.9459       1.0751692
       6573.9633       1.0751572
       6573.9807       1.0748951
       6573.9981       1.0743153
       6574.0155       1.0734063
       6574.0329       1.0722085
       6574.0503       1.0707905
       6574.0677       1.0692216
       6574.0851       1.0675520
       6574.1026       1.0658073
       6574.1200       1.0640000
       6574.1374       1.0621489
       6574.1548       1.0602974
       6574.1722       1.0585218
       6574.1896       1.0569203
       6574.2070       1.0555847
       6574.2244       1.0545640
       6574.2418       1.0538366
       6574.2592       1.0533086
       6574.2767       1.0528462
       6574.2941       1.0523342
       6574.3115       1.0517404
       6574.3289       1.0511591
       6574.3463       1.0508125
       6574.3637       1.0510046
       6574.3811       1.0520425
       6574.3985       1.0541474
       6574.4159       1.0573891
       6574.4334       1.0616637
       6574.4508       1.0667246
       6574.4682       1.0722385
       6574.4856       1.0778746
       6574.5030       1.0833656
       6574.5204       1.0885313
       6574.5378       1.0932673
       6574.5552       1.0975083
       6574.5726       1.1011876
       6574.5900       1.1042110
       6574.6075       1.1064563
       6574.6249       1.1077959
       6574.6423       1.1081346
       6574.6597       1.1074457
       6574.6771       1.1057898
       6574.6945       1.1033086
       6574.7119       1.1001936
       6574.7293       1.0966420
       6574.7467       1.0928155
       6574.7641       1.0888162
       6574.7816       1.0846867
       6574.7990       1.0804295
       6574.8164       1.0760358
       6574.8338       1.0715120
       6574.8512       1.0668966
       6574.8686       1.0622641
       6574.8860       1.0577173
       6574.9034       1.0533736
       6574.9208       1.0493496
       6574.9382       1.0457500
       6574.9557       1.0426612
       6574.9731       1.0401492
       6574.9905       1.0382548
       6575.0079       1.0369876
       6575.0253       1.0363174
       6575.0427       1.0361695
       6575.0601       1.0364302
       6575.0775       1.0369634
       6575.0949       1.0376354
       6575.1124       1.0383399
       6575.1298       1.0390135
       6575.1472       1.0396382
       6575.1646       1.0402276
       6575.1820       1.0408064
       6575.1994       1.0413936
       6575.2168       1.0420001
       6575.2342       1.0426409
       6575.2516       1.0433551
       6575.2690       1.0442182
       6575.2865       1.0453301
       6575.3039       1.0467774
       6575.3213       1.0485816
       6575.3387       1.0506591
       6575.3561       1.0528164
       6575.3735       1.0547903
       6575.3909       1.0563210
       6575.4083       1.0572303
       6575.4257       1.0574754
       6575.4431       1.0571593
       6575.4606       1.0564956
       6575.4780       1.0557426
       6575.4954       1.0551303
       6575.5128       1.0548018
       6575.5302       1.0547887
       6575.5476       1.0550246
       6575.5650       1.0553896
       6575.5824       1.0557655
       6575.5998       1.0560776
       6575.6172       1.0563071
       6575.6347       1.0564727
       6575.6521       1.0565950
       6575.6695       1.0566669
       6575.6869       1.0566465
       6575.7043       1.0564755
       6575.7217       1.0561135
       6575.7391       1.0555686
       6575.7565       1.0549098
       6575.7739       1.0542554
       6575.7914       1.0537342
       6575.8088       1.0534477
       6575.8262       1.0534413
       6575.8436       1.0536970
       6575.8610       1.0541483
       6575.8784       1.0547060
       6575.8958       1.0552853
       6575.9132       1.0558222
       6575.9306       1.0562801
       6575.9480       1.0566477
       6575.9655       1.0569344
       6575.9829       1.0571622
       6576.0003       1.0573540
       6576.0177       1.0575163
       6576.0351       1.0576228
       6576.0525       1.0576080
       6576.0699       1.0573778
       6576.0873       1.0568397
       6576.1047       1.0559392
       6576.1221       1.0546884
       6576.1396       1.0531711
       6576.1570       1.0515227
       6576.1744       1.0498933
       6576.1918       1.0484112
       6576.2092       1.0471619
       6576.2266       1.0461864
       6576.2440       1.0454926
       6576.2614       1.0450675
       6576.2788       1.0448824
       6576.2962       1.0448901
       6576.3137       1.0450220
       6576.3311       1.0451951
       6576.3485       1.0453316
       6576.3659       1.0453844
       6576.3833       1.0453576
       6576.4007       1.0453082
       6576.4181       1.0453247
       6576.4355       1.0454873
       6576.4529       1.0458295
       6576.4704       1.0463137
       6576.4878       1.0468327
       6576.5052       1.0472352
       6576.5226       1.0473679
       6576.5400       1.0471216
       6576.5574       1.0464654
       6576.5748       1.0454593
       6576.5922       1.0442396
       6576.6096       1.0429819
       6576.6270       1.0418524
       6576.6445       1.0409628
       6576.6619       1.0403425
       6576.6793       1.0399368
       6576.6967       1.0396298
       6576.7141       1.0392853
       6576.7315       1.0387950
       6576.7489       1.0381186
       6576.7663       1.0373072
       6576.7837       1.0364988
       6576.8011       1.0358876
       6576.8186       1.0356725
       6576.8360       1.0359997
       6576.8534       1.0369181
       6576.8708       1.0383620
       6576.8882       1.0401655
       6576.9056       1.0421048
       6576.9230       1.0439513
       6576.9404       1.0455213
       6576.9578       1.0467109
       6576.9752       1.0475081
       6576.9927       1.0479812
       6577.0101       1.0482481
       6577.0275       1.0484312
       6577.0449       1.0486133
       6577.0623       1.0488070
       6577.0797       1.0489512
       6577.0971       1.0489394
       6577.1145       1.0486657
       6577.1319       1.0480706
       6577.1494       1.0471687
       6577.1668       1.0460475
       6577.1842       1.0448396
       6577.2016       1.0436814
       6577.2190       1.0426731
       6577.2364       1.0418547
       6577.2538       1.0412027
       6577.2712       1.0406471
       6577.2886       1.0400999
       6577.3060       1.0394851
       6577.3235       1.0387620
       6577.3409       1.0379349
       6577.3583       1.0370506
       6577.3757       1.0361878
       6577.3931       1.0354415
       6577.4105       1.0349080
       6577.4279       1.0346711
       6577.4453       1.0347879
       6577.4627       1.0352774
       6577.4801       1.0361118
       6577.4976       1.0372137
       6577.5150       1.0384615
       6577.5324       1.0397024
       6577.5498       1.0407756
       6577.5672       1.0415420
       6577.5846       1.0419185
       6577.6020       1.0419049
       6577.6194       1.0415925
       6577.6368       1.0411452
       6577.6542       1.0407559
       6577.6717       1.0405911
       6577.6891       1.0407448
       6577.7065       1.0412206
       6577.7239       1.0419420
       6577.7413       1.0427903
       6577.7587       1.0436463
       6577.7761       1.0444168
       6577.7935       1.0450443
       6577.8109       1.0455036
       6577.8284       1.0457932
       6577.8458       1.0459279
       6577.8632       1.0459332
       6577.8806       1.0458378
       6577.8980       1.0456666
       6577.9154       1.0454321
       6577.9328       1.0451307
       6577.9502       1.0447433
       6577.9676       1.0442438
       6577.9850       1.0436114
       6578.0025       1.0428465
       6578.0199       1.0419848
       6578.0373       1.0411029
       6578.0547       1.0403125
       6578.0721       1.0397385
       6578.0895       1.0394903
       6578.1069       1.0396334
       6578.1243       1.0401742
       6578.1417       1.0410616
       6578.1591       1.0422027
       6578.1766       1.0434844
       6578.1940       1.0447905
       6578.2114       1.0460107
       6578.2288       1.0470462
       6578.2462       1.0478167
       6578.2636       1.0482742
       6578.2810       1.0484192
       6578.2984       1.0483099
       6578.3158       1.0480537
       6578.3332       1.0477794
       6578.3507       1.0475961
       6578.3681       1.0475565
       6578.3855       1.0476335
       6578.4029       1.0477316
       6578.4203       1.0477191
       6578.4377       1.0474734
       6578.4551       1.0469222
       6578.4725       1.0460676
       6578.4899       1.0449824
       6578.5074       1.0437813
       6578.5248       1.0425770
       6578.5422       1.0414392
       6578.5596       1.0403725
       6578.5770       1.0393243
       6578.5944       1.0382195
       6578.6118       1.0370046
       6578.6292       1.0356838
       6578.6466       1.0343310
       6578.6640       1.0330748
       6578.6815       1.0320669
       6578.6989       1.0314464
       6578.7163       1.0313125
       6578.7337       1.0317101
       6578.7511       1.0326264
       6578.7685       1.0339950
       6578.7859       1.0357043
       6578.8033       1.0376079
       6578.8207       1.0395376
       6578.8381       1.0413193
       6578.8556       1.0427903
       6578.8730       1.0438181
       6578.8904       1.0443184
       6578.9078       1.0442715
       6578.9252       1.0437307
       6578.9426       1.0428178
       6578.9600       1.0417030
       6578.9774       1.0405692
       6578.9948       1.0395727
       6579.0122       1.0388120
       6579.0297       1.0383159
       6579.0471       1.0380595
       6579.0645       1.0379984
       6579.0819       1.0380974
       6579.0993       1.0383437
       6579.1167       1.0387387
       6579.1341       1.0392761
       6579.1515       1.0399246
       6579.1689       1.0406256
       6579.1864       1.0413102
       6579.2038       1.0419232
       6579.2212       1.0424424
       6579.2386       1.0428795
       6579.2560       1.0432630
       6579.2734       1.0436124
       6579.2908       1.0439167
       6579.3082       1.0441287
       6579.3256       1.0441766
       6579.3430       1.0439872
       6579.3605       1.0435087
       6579.3779       1.0427260
       6579.3953       1.0416658
       6579.4127       1.0403950
       6579.4301       1.0390154
       6579.4475       1.0376537
       6579.4649       1.0364455
       6579.4823       1.0355130
       6579.4997       1.0349418
       6579.5171       1.0347674
       6579.5346       1.0349786
       6579.5520       1.0355345
       6579.5694       1.0363876
       6579.5868       1.0374986
       6579.6042       1.0388375
       6579.6216       1.0403727
       6579.6390       1.0420567
       6579.6564       1.0438184
       6579.6738       1.0455642
       6579.6912       1.0471909
       6579.7087       1.0486023
       6579.7261       1.0497230
       6579.7435       1.0505074
       6579.7609       1.0509418
       6579.7783       1.0510408
       6579.7957       1.0508423
       6579.8131       1.0504033
       6579.8305       1.0497969
       6579.8479       1.0491070
       6579.8654       1.0484196
       6579.8828       1.0478104
       6579.9002       1.0473310
       6579.9176       1.0470013
       6579.9350       1.0468087
       6579.9524       1.0467132
       6579.9698       1.0466565
       6579.9872       1.0465709
       6580.0046       1.0463886
       6580.0220       1.0460492
       6580.0395       1.0455073
       6580.0569       1.0447358
       6580.0743       1.0437260
       6580.0917       1.0424848
       6580.1091       1.0410330
       6580.1265       1.0394071
       6580.1439       1.0376632
       6580.1613       1.0358781
       6580.1787       1.0341421
       6580.1961       1.0325434
       6580.2136       1.0311500
       6580.2310       1.0299977
       6580.2484       1.0290910
       6580.2658       1.0284156
       6580.2832       1.0279552
       6580.3006       1.0277046
       6580.3180       1.0276740
       6580.3354       1.0278820
       6580.3528       1.0283482
       6580.3702       1.0290863
       6580.3877       1.0300983
       6580.4051       1.0313693
       6580.4225       1.0328628
       6580.4399       1.0345183
       6580.4573       1.0362548
       6580.4747       1.0379839
       6580.4921       1.0396286
       6580.5095       1.0411414
       6580.5269       1.0425122
       6580.5444       1.0437611
       6580.5618       1.0449192
       6580.5792       1.0460041
       6580.5966       1.0470012
       6580.6140       1.0478604
       6580.6314       1.0485104
       6580.6488       1.0488868
       6580.6662       1.0489616
       6580.6836       1.0487607
       6580.7010       1.0483587
       6580.7185       1.0478507
       6580.7359       1.0473133
       6580.7533       1.0467707
       6580.7707       1.0461844
       6580.7881       1.0454705
       6580.8055       1.0445411
       6580.8229       1.0433514
       6580.8403       1.0419326
       6580.8577       1.0403961
       6580.8751       1.0389045
       6580.8926       1.0376211
       6580.9100       1.0366600
       6580.9274       1.0360566
       6580.9448       1.0357695
       6580.9622       1.0357084
       6580.9796       1.0357704
       6580.9970       1.0358703
       6581.0144       1.0359542
       6581.0318       1.0359934
       6581.0492       1.0359720
       6581.0667       1.0358750
       6581.0841       1.0356841
       6581.1015       1.0353813
       6581.1189       1.0349564
       6581.1363       1.0344132
       6581.1537       1.0337680
       6581.1711       1.0330424
       6581.1885       1.0322533
       6581.2059       1.0314087
       6581.2234       1.0305132
       6581.2408       1.0295812
       6581.2582       1.0286515
       6581.2756       1.0277930
       6581.2930       1.0270972
       6581.3104       1.0266576
       6581.3278       1.0265437
       6581.3452       1.0267773
       6581.3626       1.0273218
       6581.3800       1.0280896
       6581.3975       1.0289677
       6581.4149       1.0298545
       6581.4323       1.0306931
       6581.4497       1.0314851
       6581.4671       1.0322786
       6581.4845       1.0331338
       6581.5019       1.0340818
       6581.5193       1.0350966
       6581.5367       1.0360903
       6581.5541       1.0369310
       6581.5716       1.0374758
       6581.5890       1.0376053
       6581.6064       1.0372564
       6581.6238       1.0364460
       6581.6412       1.0352959
       6581.6586       1.0340206
       6581.6760       1.0328963
       6581.6934       1.0321995
       6581.7108       1.0321274
       6581.7282       1.0327310
       6581.7457       1.0338874
       6581.7631       1.0353314
       6581.7805       1.0367363
       6581.7979       1.0378156
       6581.8153       1.0384037
       6581.8327       1.0384842
       6581.8501       1.0381604
       6581.8675       1.0375879
       6581.8849       1.0369028
       6581.9024       1.0361796
       6581.9198       1.0354308
       6581.9372       1.0346390
       6581.9546       1.0337983
       6581.9720       1.0329426
       6581.9894       1.0321477
       6582.0068       1.0315126
       6582.0242       1.0311292
       6582.0416       1.0310555
       6582.0590       1.0312984
       6582.0765       1.0318125
       6582.0939       1.0325111
       6582.1113       1.0332907
       6582.1287       1.0340582
       6582.1461       1.0347539
       6582.1635       1.0353599
       6582.1809       1.0358883
       6582.1983       1.0363561
       6582.2157       1.0367585
       6582.2331       1.0370563
       6582.2506       1.0371855
       6582.2680       1.0370829
       6582.2854       1.0367173
       6582.3028       1.0361085
       6582.3202       1.0353208
       6582.3376       1.0344444
       6582.3550       1.0335707
       6582.3724       1.0327753
       6582.3898       1.0321122
       6582.4072       1.0316180
       6582.4247       1.0313187
       6582.4421       1.0312333
       6582.4595       1.0313707
       6582.4769       1.0317221
       6582.4943       1.0322522
       6582.5117       1.0328970
       6582.5291       1.0335711
       6582.5465       1.0341882
       6582.5639       1.0346882
       6582.5814       1.0350588
       6582.5988       1.0353390
       6582.6162       1.0355994
       6582.6336       1.0359051
       6582.6510       1.0362803
       6582.6684       1.0366950
       6582.6858       1.0370815
       6582.7032       1.0373741
       6582.7206       1.0375492
       6582.7380       1.0376424
       6582.7555       1.0377325
       6582.7729       1.0379008
       6582.7903       1.0381894
       6582.8077       1.0385823
       6582.8251       1.0390204
       6582.8425       1.0394388
       6582.8599       1.0398053
       6582.8773       1.0401362
       6582.8947       1.0404833
       6582.9121       1.0409027
       6582.9296       1.0414250
       6582.9470       1.0420425
       6582.9644       1.0427182
       6582.9818       1.0434054
       6582.9992       1.0440638
       6583.0166       1.0446670
       6583.0340       1.0452025
       6583.0514       1.0456711
       6583.0688       1.0460888
       6583.0862       1.0464904
       6583.1037       1.0469273
       6583.1211       1.0474548
       6583.1385       1.0481110
       6583.1559       1.0488940
       6583.1733       1.0497511
       6583.1907       1.0505871
       6583.2081       1.0512939
       6583.2255       1.0517909
       6583.2429       1.0520591
       6583.2604       1.0521541
       6583.2778       1.0521889
       6583.2952       1.0522929
       6583.3126       1.0525618
       6583.3300       1.0530174
       6583.3474       1.0535906
       6583.3648       1.0541318
       6583.3822       1.0544458
       6583.3996       1.0543364
       6583.4170       1.0536507
       6583.4345       1.0523089
       6583.4519       1.0503159
       6583.4693       1.0477532
       6583.4867       1.0447582
       6583.5041       1.0414956
       6583.5215       1.0381304
       6583.5389       1.0348041
       6583.5563       1.0316190
       6583.5737       1.0286326
       6583.5911       1.0258619
       6583.6086       1.0232988
       6583.6260       1.0209308
       6583.6434       1.0187564
       6583.6608       1.0167899
       6583.6782       1.0150541
       6583.6956       1.0135660
       6583.7130       1.0123251
       6583.7304       1.0113094
       6583.7478       1.0104808
       6583.7652       1.0097955
       6583.7827       1.0092141
       6583.8001       1.0087089
       6583.8175       1.0082711
       6583.8349       1.0079180
       6583.8523       1.0076998
       6583.8697       1.0076990
       6583.8871       1.0080184
       6583.9045       1.0087544
       6583.9219       1.0099647
       6583.9394       1.0116435
       6583.9568       1.0137161
       6583.9742       1.0160577
       6583.9916       1.0185309
       6584.0090       1.0210248
       6584.0264       1.0234803
       6584.0438       1.0258890
       6584.0612       1.0282665
       6584.0786       1.0306095
       6584.0960       1.0328566
       6584.1135       1.0348724
       6584.1309       1.0364657
       6584.1483       1.0374405
       6584.1657       1.0376653
       6584.1831       1.0371319
       6584.2005       1.0359816
       6584.2179       1.0344831
       6584.2353       1.0329707
       6584.2527       1.0317537
       6584.2701       1.0310380
       6584.2876       1.0308879
       6584.3050       1.0312311
       6584.3224       1.0319022
       6584.3398       1.0327041
       6584.3572       1.0334639
       6584.3746       1.0340661
       6584.3920       1.0344588
       6584.4094       1.0346397
       6584.4268       1.0346326
       6584.4442       1.0344679
       6584.4617       1.0341720
       6584.4791       1.0337684
       6584.4965       1.0332820
       6584.5139       1.0327421
       6584.5313       1.0321782
       6584.5487       1.0316084
       6584.5661       1.0310274
       6584.5835       1.0304000
       6584.6009       1.0296664
       6584.6184       1.0287606
       6584.6358       1.0276369
       6584.6532       1.0262972
       6584.6706       1.0248104
       6584.6880       1.0233136
       6584.7054       1.0219930
       6584.7228       1.0210423
       6584.7402       1.0206111
       6584.7576       1.0207588
       6584.7750       1.0214309
       6584.7925       1.0224691
       6584.8099       1.0236531
       6584.8273       1.0247599
       6584.8447       1.0256190
       6584.8621       1.0261465
       6584.8795       1.0263469
       6584.8969       1.0262952
       6584.9143       1.0260959
       6584.9317       1.0258474
       6584.9491       1.0256191
       6584.9666       1.0254416
       6584.9840       1.0253098
       6585.0014       1.0251935
