# Angstrom [air],  flux [abs.cor.cont.sub+1]
       6545.0076       1.0194586
       6545.0250       1.0196760
       6545.0425       1.0202779
       6545.0599       1.0211817
       6545.0773       1.0222639
       6545.0947       1.0233944
       6545.1121       1.0244683
       6545.1295       1.0254165
       6545.1469       1.0262002
       6545.1643       1.0267963
       6545.1817       1.0271871
       6545.1991       1.0273599
       6545.2166       1.0273166
       6545.2340       1.0270834
       6545.2514       1.0267126
       6545.2688       1.0262758
       6545.2862       1.0258497
       6545.3036       1.0255072
       6545.3210       1.0253171
       6545.3384       1.0253568
       6545.3558       1.0257333
       6545.3732       1.0266016
       6545.3907       1.0281674
       6545.4081       1.0306670
       6545.4255       1.0343249
       6545.4429       1.0393016
       6545.4603       1.0456524
       6545.4777       1.0533140
       6545.4951       1.0621216
       6545.5125       1.0718486
       6545.5299       1.0822487
       6545.5473       1.0930847
       6545.5648       1.1041383
       6545.5822       1.1152052
       6545.5996       1.1260891
       6545.6170       1.1366030
       6545.6344       1.1465795
       6545.6518       1.1558851
       6545.6692       1.1644273
       6545.6866       1.1721505
       6545.7040       1.1790198
       6545.7215       1.1850002
       6545.7389       1.1900376
       6545.7563       1.1940430
       6545.7737       1.1968917
       6545.7911       1.1984265
       6545.8085       1.1984684
       6545.8259       1.1968360
       6545.8433       1.1933741
       6545.8607       1.1879889
       6545.8781       1.1806833
       6545.8956       1.1715783
       6545.9130       1.1609095
       6545.9304       1.1489926
       6545.9478       1.1361644
       6545.9652       1.1227189
       6545.9826       1.1088602
       6546.0000       1.0946915
       6546.0174       1.0802447
       6546.0348       1.0655358
       6546.0522       1.0506227
       6546.0697       1.0356401
       6546.0871       1.0207978
       6546.1045       1.0063479
       6546.1219      0.99253687
       6546.1393      0.97956347
       6546.1567      0.96755620
       6546.1741      0.95657288
       6546.1915      0.94661644
       6546.2089      0.93765982
       6546.2263      0.92967504
       6546.2438      0.92266265
       6546.2612      0.91667641
       6546.2786      0.91183414
       6546.2960      0.90830576
       6546.3134      0.90627611
       6546.3308      0.90589117
       6546.3482      0.90720659
       6546.3656      0.91015903
       6546.3830      0.91457783
       6546.4004      0.92020574
       6546.4179      0.92676399
       6546.4353      0.93399443
       6546.4527      0.94167424
       6546.4701      0.94961048
       6546.4875      0.95762359
       6546.5049      0.96553467
       6546.5223      0.97316676
       6546.5397      0.98036096
       6546.5571      0.98700059
       6546.5745      0.99303249
       6546.5920      0.99847459
       6546.6094       1.0034028
       6546.6268       1.0079186
       6546.6442       1.0121076
       6546.6616       1.0160057
       6546.6790       1.0195869
       6546.6964       1.0227791
       6546.7138       1.0255006
       6546.7312       1.0277006
       6546.7486       1.0293880
       6546.7661       1.0306368
       6546.7835       1.0315673
       6546.8009       1.0323113
       6546.8183       1.0329740
       6546.8357       1.0336052
       6546.8531       1.0341921
       6546.8705       1.0346738
       6546.8879       1.0349752
       6546.9053       1.0350448
       6546.9228       1.0348835
       6546.9402       1.0345490
       6546.9576       1.0341362
       6546.9750       1.0337371
       6546.9924       1.0334006
       6547.0098       1.0331097
       6547.0272       1.0327867
       6547.0446       1.0323239
       6547.0620       1.0316287
       6547.0794       1.0306561
       6547.0969       1.0294202
       6547.1143       1.0279865
       6547.1317       1.0264529
       6547.1491       1.0249338
       6547.1665       1.0235518
       6547.1839       1.0224351
       6547.2013       1.0217143
       6547.2187       1.0215102
       6547.2361       1.0219136
       6547.2535       1.0229617
       6547.2710       1.0246188
       6547.2884       1.0267712
       6547.3058       1.0292394
       6547.3232       1.0318073
       6547.3406       1.0342613
       6547.3580       1.0364269
       6547.3754       1.0381934
       6547.3928       1.0395184
       6547.4102       1.0404138
       6547.4276       1.0409221
       6547.4451       1.0410939
       6547.4625       1.0409762
       6547.4799       1.0406120
       6547.4973       1.0400470
       6547.5147       1.0393371
       6547.5321       1.0385501
       6547.5495       1.0377620
       6547.5669       1.0370501
       6547.5843       1.0364870
       6547.6017       1.0361358
       6547.6192       1.0360456
       6547.6366       1.0362438
       6547.6540       1.0367271
       6547.6714       1.0374549
       6547.6888       1.0383537
       6547.7062       1.0393305
       6547.7236       1.0403025
       6547.7410       1.0412206
       6547.7584       1.0420819
       6547.7758       1.0429240
       6547.7933       1.0438026
       6547.8107       1.0447611
       6547.8281       1.0458016
       6547.8455       1.0468665
       6547.8629       1.0478343
       6547.8803       1.0485323
       6547.8977       1.0487618
       6547.9151       1.0483324
       6547.9325       1.0470956
       6547.9500       1.0449714
       6547.9674       1.0419586
       6547.9848       1.0381311
       6548.0022       1.0336234
       6548.0196       1.0286159
       6548.0370       1.0233286
       6548.0544       1.0180232
       6548.0718       1.0130062
       6548.0892       1.0086168
       6548.1066       1.0051918
       6548.1241       1.0030069
       6548.1415       1.0022147
       6548.1589       1.0028029
       6548.1763       1.0045950
       6548.1937       1.0072962
       6548.2111       1.0105675
       6548.2285       1.0140993
       6548.2459       1.0176586
       6548.2633       1.0210990
       6548.2807       1.0243395
       6548.2982       1.0273302
       6548.3156       1.0300268
       6548.3330       1.0323826
       6548.3504       1.0343615
       6548.3678       1.0359612
       6548.3852       1.0372212
       6548.4026       1.0382214
       6548.4200       1.0390608
       6548.4374       1.0398290
       6548.4548       1.0405811
       6548.4723       1.0413275
       6548.4897       1.0420413
       6548.5071       1.0426777
       6548.5245       1.0431986
       6548.5419       1.0435906
       6548.5593       1.0438719
       6548.5767       1.0440864
       6548.5941       1.0442886
       6548.6115       1.0445250
       6548.6289       1.0448214
       6548.6464       1.0451798
       6548.6638       1.0455868
       6548.6812       1.0460304
       6548.6986       1.0465160
       6548.7160       1.0470733
       6548.7334       1.0477499
       6548.7508       1.0485908
       6548.7682       1.0496129
       6548.7856       1.0507850
       6548.8030       1.0520245
       6548.8205       1.0532137
       6548.8379       1.0542290
       6548.8553       1.0549725
       6548.8727       1.0553916
       6548.8901       1.0554828
       6548.9075       1.0552815
       6548.9249       1.0548460
       6548.9423       1.0542434
       6548.9597       1.0535387
       6548.9772       1.0527888
       6548.9946       1.0520391
       6549.0120       1.0513181
       6549.0294       1.0506368
       6549.0468       1.0499861
       6549.0642       1.0493374
       6549.0816       1.0486461
       6549.0990       1.0478627
       6549.1164       1.0469483
       6549.1338       1.0458940
       6549.1513       1.0447320
       6549.1687       1.0435340
       6549.1861       1.0423925
       6549.2035       1.0413919
       6549.2209       1.0405810
       6549.2383       1.0399611
       6549.2557       1.0394962
       6549.2731       1.0391419
       6549.2905       1.0388787
       6549.3079       1.0387321
       6549.3254       1.0387659
       6549.3428       1.0390508
       6549.3602       1.0396208
       6549.3776       1.0404401
       6549.3950       1.0413986
       6549.4124       1.0423417
       6549.4298       1.0431234
       6549.4472       1.0436601
       6549.4646       1.0439601
       6549.4820       1.0441169
       6549.4995       1.0442683
       6549.5169       1.0445426
       6549.5343       1.0450152
       6549.5517       1.0456917
       6549.5691       1.0465200
       6549.5865       1.0474169
       6549.6039       1.0482949
       6549.6213       1.0490776
       6549.6387       1.0497062
       6549.6561       1.0501434
       6549.6736       1.0503787
       6549.6910       1.0504310
       6549.7084       1.0503442
       6549.7258       1.0501722
       6549.7432       1.0499544
       6549.7606       1.0496966
       6549.7780       1.0493684
       6549.7954       1.0489209
       6549.8128       1.0483173
       6549.8302       1.0475606
       6549.8477       1.0467017
       6549.8651       1.0458250
       6549.8825       1.0450191
       6549.8999       1.0443491
       6549.9173       1.0438427
       6549.9347       1.0434935
       6549.9521       1.0432743
       6549.9695       1.0431496
       6549.9869       1.0430826
       6550.0043       1.0430361
       6550.0218       1.0429750
       6550.0392       1.0428749
       6550.0566       1.0427350
       6550.0740       1.0425893
       6550.0914       1.0425055
       6550.1088       1.0425697
       6550.1262       1.0428593
       6550.1436       1.0434150
       6550.1610       1.0442257
       6550.1785       1.0452299
       6550.1959       1.0463346
       6550.2133       1.0474427
       6550.2307       1.0484777
       6550.2481       1.0493966
       6550.2655       1.0501880
       6550.2829       1.0508555
       6550.3003       1.0513941
       6550.3177       1.0517741
       6550.3351       1.0519391
       6550.3526       1.0518275
       6550.3700       1.0514090
       6550.3874       1.0507163
       6550.4048       1.0498537
       6550.4222       1.0489725
       6550.4396       1.0482209
       6550.4570       1.0476911
       6550.4744       1.0473894
       6550.4918       1.0472433
       6550.5092       1.0471437
       6550.5267       1.0470027
       6550.5441       1.0468031
       6550.5615       1.0466162
       6550.5789       1.0465810
       6550.5963       1.0468504
       6550.6137       1.0475269
       6550.6311       1.0486144
       6550.6485       1.0500082
       6550.6659       1.0515266
       6550.6833       1.0529698
       6550.7008       1.0541808
       6550.7182       1.0550833
       6550.7356       1.0556863
       6550.7530       1.0560596
       6550.7704       1.0562977
       6550.7878       1.0564910
       6550.8052       1.0567114
       6550.8226       1.0570134
       6550.8400       1.0574364
       6550.8574       1.0580000
       6550.8749       1.0586893
       6550.8923       1.0594403
       6550.9097       1.0601418
       6550.9271       1.0606644
       6550.9445       1.0609086
       6550.9619       1.0608592
       6550.9793       1.0606053
       6550.9967       1.0603155
       6551.0141       1.0601768
       6551.0315       1.0603199
       6551.0490       1.0607663
       6551.0664       1.0614200
       6551.0838       1.0621078
       6551.1012       1.0626473
       6551.1186       1.0629112
       6551.1360       1.0628611
       6551.1534       1.0625419
       6551.1708       1.0620464
       6551.1882       1.0614748
       6551.2057       1.0609071
       6551.2231       1.0603966
       6551.2405       1.0599767
       6551.2579       1.0596678
       6551.2753       1.0594744
       6551.2927       1.0593746
       6551.3101       1.0593102
       6551.3275       1.0591899
       6551.3449       1.0589102
       6551.3623       1.0583885
       6551.3798       1.0575969
       6551.3972       1.0565813
       6551.4146       1.0554559
       6551.4320       1.0543702
       6551.4494       1.0534600
       6551.4668       1.0528003
       6551.4842       1.0523831
       6551.5016       1.0521307
       6551.5190       1.0519410
       6551.5364       1.0517435
       6551.5539       1.0515406
       6551.5713       1.0514140
       6551.5887       1.0514957
       6551.6061       1.0519194
       6551.6235       1.0527633
       6551.6409       1.0540272
       6551.6583       1.0556292
       6551.6757       1.0574282
       6551.6931       1.0592577
       6551.7105       1.0609626
       6551.7280       1.0624290
       6551.7454       1.0636038
       6551.7628       1.0645011
       6551.7802       1.0651939
       6551.7976       1.0657927
       6551.8150       1.0664130
       6551.8324       1.0671385
       6551.8498       1.0679914
       6551.8672       1.0689164
       6551.8846       1.0697865
       6551.9021       1.0704270
       6551.9195       1.0706511
       6551.9369       1.0702972
       6551.9543       1.0692560
       6551.9717       1.0674851
       6551.9891       1.0650110
       6552.0065       1.0619229
       6552.0239       1.0583639
       6552.0413       1.0545224
       6552.0587       1.0506238
       6552.0762       1.0469191
       6552.0936       1.0436704
       6552.1110       1.0411312
       6552.1284       1.0395212
       6552.1458       1.0389985
       6552.1632       1.0396316
       6552.1806       1.0413773
       6552.1980       1.0440759
       6552.2154       1.0474707
       6552.2329       1.0512538
       6552.2503       1.0551281
       6552.2677       1.0588636
       6552.2851       1.0623283
       6552.3025       1.0654709
       6552.3199       1.0682733
       6552.3373       1.0706982
       6552.3547       1.0726601
       6552.3721       1.0740391
       6552.3895       1.0747307
       6552.4070       1.0747083
       6552.4244       1.0740664
       6552.4418       1.0730201
       6552.4592       1.0718609
       6552.4766       1.0708833
       6552.4940       1.0703127
       6552.5114       1.0702586
       6552.5288       1.0707074
       6552.5462       1.0715514
       6552.5636       1.0726364
       6552.5811       1.0738108
       6552.5985       1.0749593
       6552.6159       1.0760158
       6552.6333       1.0769584
       6552.6507       1.0777964
       6552.6681       1.0785573
       6552.6855       1.0792815
       6552.7029       1.0800245
       6552.7203       1.0808581
       6552.7377       1.0818634
       6552.7552       1.0831090
       6552.7726       1.0846220
       6552.7900       1.0863647
       6552.8074       1.0882324
       6552.8248       1.0900771
       6552.8422       1.0917477
       6552.8596       1.0931278
       6552.8770       1.0941541
       6552.8944       1.0948096
       6552.9118       1.0950986
       6552.9293       1.0950240
       6552.9467       1.0945744
       6552.9641       1.0937368
       6552.9815       1.0925207
       6552.9989       1.0909803
       6553.0163       1.0892204
       6553.0337       1.0873809
       6553.0511       1.0856056
       6553.0685       1.0840082
       6553.0859       1.0826457
       6553.1034       1.0815059
       6553.1208       1.0805071
       6553.1382       1.0795095
       6553.1556       1.0783372
       6553.1730       1.0768135
       6553.1904       1.0748072
       6553.2078       1.0722807
       6553.2252       1.0693222
       6553.2426       1.0661466
       6553.2600       1.0630591
       6553.2775       1.0603910
       6553.2949       1.0584292
       6553.3123       1.0573613
       6553.3297       1.0572517
       6553.3471       1.0580469
       6553.3645       1.0596029
       6553.3819       1.0617209
       6553.3993       1.0641840
       6553.4167       1.0667915
       6553.4342       1.0693875
       6553.4516       1.0718808
       6553.4690       1.0742472
       6553.4864       1.0765117
       6553.5038       1.0787130
       6553.5212       1.0808636
       6553.5386       1.0829215
       6553.5560       1.0847851
       6553.5734       1.0863212
       6553.5908       1.0874048
       6553.6083       1.0879613
       6553.6257       1.0879974
       6553.6431       1.0876109
       6553.6605       1.0869789
       6553.6779       1.0863285
       6553.6953       1.0858944
       6553.7127       1.0858748
       6553.7301       1.0863916
       6553.7475       1.0874649
       6553.7649       1.0890089
       6553.7824       1.0908503
       6553.7998       1.0927671
       6553.8172       1.0945378
       6553.8346       1.0959898
       6553.8520       1.0970313
       6553.8694       1.0976590
       6553.8868       1.0979393
       6553.9042       1.0979708
       6553.9216       1.0978422
       6553.9390       1.0975999
       6553.9565       1.0972372
       6553.9739       1.0967051
       6553.9913       1.0959418
       6554.0087       1.0949076
       6554.0261       1.0936123
       6554.0435       1.0921263
       6554.0609       1.0905712
       6554.0783       1.0890929
       6554.0957       1.0878279
       6554.1131       1.0868693
       6554.1306       1.0862430
       6554.1480       1.0858972
       6554.1654       1.0857101
       6554.1828       1.0855159
       6554.2002       1.0851457
       6554.2176       1.0844786
       6554.2350       1.0834886
       6554.2524       1.0822591
       6554.2698       1.0809700
       6554.2872       1.0798546
       6554.3047       1.0791418
       6554.3221       1.0790021
       6554.3395       1.0795138
       6554.3569       1.0806522
       6554.3743       1.0823009
       6554.3917       1.0842782
       6554.4091       1.0863733
       6554.4265       1.0883850
       6554.4439       1.0901586
       6554.4614       1.0916106
       6554.4788       1.0927373
       6554.4962       1.0936053
       6554.5136       1.0943291
       6554.5310       1.0950427
       6554.5484       1.0958717
       6554.5658       1.0969118
       6554.5832       1.0982147
       6554.6006       1.0997857
       6554.6180       1.1015924
       6554.6355       1.1035847
       6554.6529       1.1057159
       6554.6703       1.1079573
       6554.6877       1.1102961
       6554.7051       1.1127189
       6554.7225       1.1151908
       6554.7399       1.1176441
       6554.7573       1.1199864
       6554.7747       1.1221271
       6554.7921       1.1240109
       6554.8096       1.1256425
       6554.8270       1.1270928
       6554.8444       1.1284838
       6554.8618       1.1299606
       6554.8792       1.1316500
       6554.8966       1.1336300
       6554.9140       1.1359076
       6554.9314       1.1384099
       6554.9488       1.1409890
       6554.9662       1.1434403
       6554.9837       1.1455332
       6555.0011       1.1470492
       6555.0185       1.1478206
       6555.0359       1.1477610
       6555.0533       1.1468785
       6555.0707       1.1452665
       6555.0881       1.1430699
       6555.1055       1.1404362
       6555.1229       1.1374681
       6555.1403       1.1341938
       6555.1578       1.1305712
       6555.1752       1.1265244
       6555.1926       1.1219988
       6555.2100       1.1170115
       6555.2274       1.1116748
       6555.2448       1.1061845
       6555.2622       1.1007789
       6555.2796       1.0956856
       6555.2970       1.0910759
       6555.3144       1.0870429
       6555.3319       1.0836062
       6555.3493       1.0807366
       6555.3667       1.0783882
       6555.3841       1.0765207
       6555.4015       1.0751023
       6555.4189       1.0740966
       6555.4363       1.0734420
       6555.4537       1.0730433
       6555.4711       1.0727841
       6555.4885       1.0725588
       6555.5060       1.0723095
       6555.5234       1.0720523
       6555.5408       1.0718714
       6555.5582       1.0718864
       6555.5756       1.0722053
       6555.5930       1.0728833
       6555.6104       1.0739037
       6555.6278       1.0751853
       6555.6452       1.0766112
       6555.6627       1.0780622
       6555.6801       1.0794436
       6555.6975       1.0806970
       6555.7149       1.0817995
       6555.7323       1.0827540
       6555.7497       1.0835770
       6555.7671       1.0842875
       6555.7845       1.0848990
       6555.8019       1.0854172
       6555.8193       1.0858444
       6555.8368       1.0861880
       6555.8542       1.0864711
       6555.8716       1.0867384
       6555.8890       1.0870530
       6555.9064       1.0874850
       6555.9238       1.0880915
       6555.9412       1.0888943
       6555.9586       1.0898638
       6555.9760       1.0909174
       6555.9934       1.0919385
       6556.0109       1.0928117
       6556.0283       1.0934622
       6556.0457       1.0938807
       6556.0631       1.0941235
       6556.0805       1.0942843
       6556.0979       1.0944529
       6556.1153       1.0946800
       6556.1327       1.0949618
       6556.1501       1.0952521
       6556.1675       1.0954896
       6556.1850       1.0956337
       6556.2024       1.0956840
       6556.2198       1.0956846
       6556.2372       1.0957112
       6556.2546       1.0958509
       6556.2720       1.0961813
       6556.2894       1.0967558
       6556.3068       1.0975932
       6556.3242       1.0986712
       6556.3416       1.0999232
       6556.3591       1.1012405
       6556.3765       1.1024858
       6556.3939       1.1035174
       6556.4113       1.1042204
       6556.4287       1.1045338
       6556.4461       1.1044625
       6556.4635       1.1040652
       6556.4809       1.1034226
       6556.4983       1.1025955
       6556.5157       1.1015911
       6556.5332       1.1003529
       6556.5506       1.0987803
       6556.5680       1.0967740
       6556.5854       1.0942889
       6556.6028       1.0913752
       6556.6202       1.0881908
       6556.6376       1.0849800
       6556.6550       1.0820262
       6556.6724       1.0795960
       6556.6899       1.0778905
       6556.7073       1.0770167
       6556.7247       1.0769816
       6556.7421       1.0777043
       6556.7595       1.0790399
       6556.7769       1.0808057
       6556.7943       1.0828047
       6556.8117       1.0848423
       6556.8291       1.0867399
       6556.8465       1.0883508
       6556.8640       1.0895745
       6556.8814       1.0903747
       6556.8988       1.0907941
       6556.9162       1.0909551
       6556.9336       1.0910402
       6556.9510       1.0912522
       6556.9684       1.0917655
       6556.9858       1.0926844
       6557.0032       1.0940243
       6557.0206       1.0957197
       6557.0381       1.0976528
       6557.0555       1.0996881
       6557.0729       1.1017028
       6557.0903       1.1036054
       6557.1077       1.1053441
       6557.1251       1.1069075
       6557.1425       1.1083195
       6557.1599       1.1096329
       6557.1773       1.1109196
       6557.1947       1.1122594
       6557.2122       1.1137247
       6557.2296       1.1153587
       6557.2470       1.1171493
       6557.2644       1.1190105
       6557.2818       1.1207828
       6557.2992       1.1222635
       6557.3166       1.1232635
       6557.3340       1.1236711
       6557.3514       1.1234964
       6557.3688       1.1228738
       6557.3863       1.1220196
       6557.4037       1.1211585
       6557.4211       1.1204488
       6557.4385       1.1199312
       6557.4559       1.1195192
       6557.4733       1.1190318
       6557.4907       1.1182606
       6557.5081       1.1170501
       6557.5255       1.1153609
       6557.5429       1.1133046
       6557.5604       1.1111323
       6557.5778       1.1091830
       6557.5952       1.1078026
       6557.6126       1.1072609
       6557.6300       1.1076893
       6557.6474       1.1090564
       6557.6648       1.1111845
       6557.6822       1.1137975
       6557.6996       1.1165821
       6557.7171       1.1192452
       6557.7345       1.1215543
       6557.7519       1.1233595
       6557.7693       1.1245993
       6557.7867       1.1252973
       6557.8041       1.1255507
       6557.8215       1.1255098
       6557.8389       1.1253466
       6557.8563       1.1252155
       6557.8737       1.1252162
       6557.8912       1.1253729
       6557.9086       1.1256388
       6557.9260       1.1259247
       6557.9434       1.1261426
       6557.9608       1.1262448
       6557.9782       1.1262479
       6557.9956       1.1262334
       6558.0130       1.1263281
       6558.0304       1.1266692
       6558.0478       1.1273634
       6558.0653       1.1284490
       6558.0827       1.1298711
       6558.1001       1.1314814
       6558.1175       1.1330640
       6558.1349       1.1343892
       6558.1523       1.1352790
       6558.1697       1.1356565
       6558.1871       1.1355693
       6558.2045       1.1351753
       6558.2219       1.1346964
       6558.2394       1.1343537
       6558.2568       1.1343063
       6558.2742       1.1346094
       6558.2916       1.1352054
       6558.3090       1.1359458
       6558.3264       1.1366387
       6558.3438       1.1371067
       6558.3612       1.1372386
       6558.3786       1.1370189
       6558.3960       1.1365265
       6558.4135       1.1359022
       6558.4309       1.1352986
       6558.4483       1.1348288
       6558.4657       1.1345346
       6558.4831       1.1343853
       6558.5005       1.1343058
       6558.5179       1.1342208
       6558.5353       1.1340955
       6558.5527       1.1339538
       6558.5701       1.1338668
       6558.5876       1.1339185
       6558.6050       1.1341670
       6558.6224       1.1346209
       6558.6398       1.1352438
       6558.6572       1.1359814
       6558.6746       1.1367995
       6558.6920       1.1377104
       6558.7094       1.1387762
       6558.7268       1.1400864
       6558.7442       1.1417201
       6558.7617       1.1437112
       6558.7791       1.1460289
       6558.7965       1.1485836
       6558.8139       1.1512572
       6558.8313       1.1539398
       6558.8487       1.1565618
       6558.8661       1.1591101
       6558.8835       1.1616253
       6558.9009       1.1641778
       6558.9184       1.1668351
       6558.9358       1.1696288
       6558.9532       1.1725364
       6558.9706       1.1754849
       6558.9880       1.1783785
       6559.0054       1.1811386
       6559.0228       1.1837404
       6559.0402       1.1862264
       6559.0576       1.1886905
       6559.0750       1.1912346
       6559.0925       1.1939147
       6559.1099       1.1966991
       6559.1273       1.1994538
       6559.1447       1.2019613
       6559.1621       1.2039652
       6559.1795       1.2052235
       6559.1969       1.2055555
       6559.2143       1.2048694
       6559.2317       1.2031704
       6559.2491       1.2005495
       6559.2666       1.1971614
       6559.2840       1.1931950
       6559.3014       1.1888426
       6559.3188       1.1842742
       6559.3362       1.1796217
       6559.3536       1.1749783
       6559.3710       1.1704094
       6559.3884       1.1659705
       6559.4058       1.1617194
       6559.4232       1.1577208
       6559.4407       1.1540396
       6559.4581       1.1507330
       6559.4755       1.1478445
       6559.4929       1.1454033
       6559.5103       1.1434241
       6559.5277       1.1419078
       6559.5451       1.1408408
       6559.5625       1.1401959
       6559.5799       1.1399394
       6559.5973       1.1400406
       6559.6148       1.1404827
       6559.6322       1.1412674
       6559.6496       1.1424137
       6559.6670       1.1439538
       6559.6844       1.1459295
       6559.7018       1.1483911
       6559.7192       1.1513959
       6559.7366       1.1549957
       6559.7540       1.1592130
       6559.7714       1.1640078
       6559.7889       1.1692515
       6559.8063       1.1747258
       6559.8237       1.1801564
       6559.8411       1.1852773
       6559.8585       1.1899029
       6559.8759       1.1939801
       6559.8933       1.1975958
       6559.9107       1.2009351
       6559.9281       1.2042070
       6559.9456       1.2075689
       6559.9630       1.2110811
       6559.9804       1.2147042
       6559.9978       1.2183323
       6560.0152       1.2218411
       6560.0326       1.2251253
       6560.0500       1.2281156
       6560.0674       1.2307746
       6560.0848       1.2330848
       6560.1022       1.2350351
       6560.1197       1.2366100
       6560.1371       1.2377916
       6560.1545       1.2385701
       6560.1719       1.2389631
       6560.1893       1.2390328
       6560.2067       1.2388922
       6560.2241       1.2386889
       6560.2415       1.2385697
       6560.2589       1.2386400
       6560.2763       1.2389379
       6560.2938       1.2394387
       6560.3112       1.2400873
       6560.3286       1.2408421
       6560.3460       1.2417048
       6560.3634       1.2427222
       6560.3808       1.2439576
       6560.3982       1.2454537
       6560.4156       1.2472041
       6560.4330       1.2491489
       6560.4504       1.2511889
       6560.4679       1.2532069
       6560.4853       1.2550852
       6560.5027       1.2567150
       6560.5201       1.2580072
       6560.5375       1.2589087
       6560.5549       1.2594247
       6560.5723       1.2596371
       6560.5897       1.2597053
       6560.6071       1.2598450
       6560.6245       1.2602898
       6560.6420       1.2612508
       6560.6594       1.2628881
       6560.6768       1.2653010
       6560.6942       1.2685326
       6560.7116       1.2725783
       6560.7290       1.2773948
       6560.7464       1.2828833
       6560.7638       1.2889033
       6560.7812       1.2952735
       6560.7986       1.3017894
       6560.8161       1.3082511
       6560.8335       1.3144953
       6560.8509       1.3204212
       6560.8683       1.3260059
       6560.8857       1.3313037
       6560.9031       1.3364328
       6560.9205       1.3415500
       6560.9379       1.3468193
       6560.9553       1.3523788
       6560.9728       1.3583118
       6560.9902       1.3646281
       6561.0076       1.3712619
       6561.0250       1.3780895
       6561.0424       1.3849639
       6561.0598       1.3917593
       6561.0772       1.3984127
       6561.0946       1.4049508
       6561.1120       1.4114978
       6561.1294       1.4182623
       6561.1469       1.4255065
       6561.1643       1.4335078
       6561.1817       1.4425136
       6561.1991       1.4526996
       6561.2165       1.4641345
       6561.2339       1.4767585
       6561.2513       1.4903844
       6561.2687       1.5047238
       6561.2861       1.5194356
       6561.3035       1.5341882
       6561.3210       1.5487175
       6561.3384       1.5628696
       6561.3558       1.5766192
       6561.3732       1.5900630
       6561.3906       1.6034037
       6561.4080       1.6169109
       6561.4254       1.6308742
       6561.4428       1.6455545
       6561.4602       1.6611356
       6561.4776       1.6776914
       6561.4951       1.6951839
       6561.5125       1.7134961
       6561.5299       1.7324843
       6561.5473       1.7520240
       6561.5647       1.7720258
       6561.5821       1.7924125
       6561.5995       1.8130769
       6561.6169       1.8338501
       6561.6343       1.8545032
       6561.6517       1.8747879
       6561.6692       1.8944955
       6561.6866       1.9135076
       6561.7040       1.9318170
       6561.7214       1.9495124
       6561.7388       1.9667385
       6561.7562       1.9836464
       6561.7736       2.0003496
       6561.7910       2.0168959
       6561.8084       2.0332569
       6561.8258       2.0493379
       6561.8433       2.0650031
       6561.8607       2.0801074
       6561.8781       2.0945262
       6561.8955       2.1081741
       6561.9129       2.1210130
       6561.9303       2.1330531
       6561.9477       2.1443558
       6561.9651       2.1550370
       6561.9825       2.1652658
       6561.9999       2.1752465
       6562.0174       2.1851772
       6562.0348       2.1951918
       6562.0522       2.2052921
       6562.0696       2.2153315
       6562.0870       2.2250369
       6562.1044       2.2340837
       6562.1218       2.2421953
       6562.1392       2.2492327
       6562.1566       2.2552425
       6562.1741       2.2604505
       6562.1915       2.2652092
       6562.2089       2.2699199
       6562.2263       2.2749542
       6562.2437       2.2805928
       6562.2611       2.2869905
       6562.2785       2.2941703
       6562.2959       2.3020404
       6562.3133       2.3104276
       6562.3307       2.3191176
       6562.3482       2.3278945
       6562.3656       2.3365769
       6562.3830       2.3450499
       6562.4004       2.3532929
       6562.4178       2.3613962
       6562.4352       2.3695629
       6562.4526       2.3780851
       6562.4700       2.3872984
       6562.4874       2.3975201
       6562.5048       2.4089882
       6562.5223       2.4218142
       6562.5397       2.4359581
       6562.5571       2.4512290
       6562.5745       2.4673076
       6562.5919       2.4837884
       6562.6093       2.5002346
       6562.6267       2.5162351
       6562.6441       2.5314487
       6562.6615       2.5456223
       6562.6789       2.5585714
       6562.6964       2.5701528
       6562.7138       2.5802155
       6562.7312       2.5885660
       6562.7486       2.5949665
       6562.7660       2.5991579
       6562.7834       2.6008988
       6562.8008       2.6000061
       6562.8182       2.5963773
       6562.8356       2.5899871
       6562.8530       2.5808595
       6562.8705       2.5690329
       6562.8879       2.5545364
       6562.9053       2.5373926
       6562.9227       2.5176482
       6562.9401       2.4954187
       6562.9575       2.4709278
       6562.9749       2.4445256
       6562.9923       2.4166770
       6563.0097       2.3879241
       6563.0271       2.3588293
       6563.0446       2.3299133
       6563.0620       2.3015985
       6563.0794       2.2741706
       6563.0968       2.2477668
       6563.1142       2.2223914
       6563.1316       2.1979557
       6563.1490       2.1743287
       6563.1664       2.1513862
       6563.1838       2.1290419
       6563.2013       2.1072556
       6563.2187       2.0860177
       6563.2361       2.0653264
       6563.2535       2.0451721
       6563.2709       2.0255437
       6563.2883       2.0064554
       6563.3057       1.9879757
       6563.3231       1.9702353
       6563.3405       1.9533971
       6563.3579       1.9375845
       6563.3754       1.9228232
       6563.3928       1.9090084
       6563.4102       1.8959262
       6563.4276       1.8833201
       6563.4450       1.8709730
       6563.4624       1.8587691
       6563.4798       1.8467121
       6563.4972       1.8349009
       6563.5146       1.8234789
       6563.5320       1.8125823
       6563.5495       1.8023025
       6563.5669       1.7926714
       6563.5843       1.7836638
       6563.6017       1.7752102
       6563.6191       1.7672130
       6563.6365       1.7595629
       6563.6539       1.7521553
       6563.6713       1.7449046
       6563.6887       1.7377580
       6563.7061       1.7307026
       6563.7236       1.7237650
       6563.7410       1.7170000
       6563.7584       1.7104683
       6563.7758       1.7042096
       6563.7932       1.6982175
       6563.8106       1.6924257
       6563.8280       1.6867087
       6563.8454       1.6808948
       6563.8628       1.6747826
       6563.8802       1.6681550
       6563.8977       1.6607877
       6563.9151       1.6524574
       6563.9325       1.6429570
       6563.9499       1.6321195
       6563.9673       1.6198441
       6563.9847       1.6061077
       6564.0021       1.5909925
       6564.0195       1.5746598
       6564.0369       1.5573371
       6564.0543       1.5393037
       6564.0718       1.5208716
       6564.0892       1.5023560
       6564.1066       1.4840384
       6564.1240       1.4661289
       6564.1414       1.4487456
       6564.1588       1.4319210
       6564.1762       1.4156348
       6564.1936       1.3998570
       6564.2110       1.3845797
       6564.2285       1.3698270
       6564.2459       1.3556425
       6564.2633       1.3420712
       6564.2807       1.3291481
       6564.2981       1.3169007
       6564.3155       1.3053587
       6564.3329       1.2945596
       6564.3503       1.2845441
       6564.3677       1.2753411
       6564.3851       1.2669524
       6564.4026       1.2593451
       6564.4200       1.2524548
       6564.4374       1.2461967
       6564.4548       1.2404768
       6564.4722       1.2351951
       6564.4896       1.2302430
       6564.5070       1.2254998
       6564.5244       1.2208393
       6564.5418       1.2161521
       6564.5592       1.2113758
       6564.5767       1.2065208
       6564.5941       1.2016751
       6564.6115       1.1969844
       6564.6289       1.1926139
       6564.6463       1.1887076
       6564.6637       1.1853543
       6564.6811       1.1825825
       6564.6985       1.1803639
       6564.7159       1.1786251
       6564.7333       1.1772598
       6564.7508       1.1761394
       6564.7682       1.1751240
       6564.7856       1.1740755
       6564.8030       1.1728732
       6564.8204       1.1714316
       6564.8378       1.1697160
       6564.8552       1.1677544
       6564.8726       1.1656414
       6564.8900       1.1635337
       6564.9074       1.1616329
       6564.9249       1.1601563
       6564.9423       1.1592973
       6564.9597       1.1591828
       6564.9771       1.1598380
       6564.9945       1.1611713
       6565.0119       1.1629843
       6565.0293       1.1650089
       6565.0467       1.1669593
       6565.0641       1.1685837
       6565.0815       1.1697033
       6565.0990       1.1702286
       6565.1164       1.1701578
       6565.1338       1.1695628
       6565.1512       1.1685685
       6565.1686       1.1673268
       6565.1860       1.1659866
       6565.2034       1.1646640
       6565.2208       1.1634226
       6565.2382       1.1622736
       6565.2556       1.1611977
       6565.2731       1.1601772
       6565.2905       1.1592226
       6565.3079       1.1583771
       6565.3253       1.1576991
       6565.3427       1.1572354
       6565.3601       1.1569977
       6565.3775       1.1569572
       6565.3949       1.1570547
       6565.4123       1.1572194
       6565.4298       1.1573860
       6565.4472       1.1575070
       6565.4646       1.1575580
       6565.4820       1.1575419
       6565.4994       1.1574918
       6565.5168       1.1574702
       6565.5342       1.1575589
       6565.5516       1.1578350
       6565.5690       1.1583376
       6565.5864       1.1590358
       6565.6039       1.1598129
       6565.6213       1.1604784
       6565.6387       1.1608082
       6565.6561       1.1606034
       6565.6735       1.1597474
       6565.6909       1.1582425
       6565.7083       1.1562145
       6565.7257       1.1538828
       6565.7431       1.1515100
       6565.7605       1.1493463
       6565.7780       1.1475856
       6565.7954       1.1463420
       6565.8128       1.1456462
       6565.8302       1.1454591
       6565.8476       1.1456920
       6565.8650       1.1462300
       6565.8824       1.1469543
       6565.8998       1.1477595
       6565.9172       1.1485656
       6565.9346       1.1493228
       6565.9521       1.1500074
       6565.9695       1.1506117
       6565.9869       1.1511287
       6566.0043       1.1515408
       6566.0217       1.1518167
       6566.0391       1.1519186
       6566.0565       1.1518175
       6566.0739       1.1515100
       6566.0913       1.1510279
       6566.1087       1.1504360
       6566.1262       1.1498194
       6566.1436       1.1492659
       6566.1610       1.1488505
       6566.1784       1.1486263
       6566.1958       1.1486214
       6566.2132       1.1488352
       6566.2306       1.1492371
       6566.2480       1.1497648
       6566.2654       1.1503323
       6566.2828       1.1508451
       6566.3003       1.1512229
       6566.3177       1.1514177
       6566.3351       1.1514204
       6566.3525       1.1512518
       6566.3699       1.1509448
       6566.3873       1.1505272
       6566.4047       1.1500145
       6566.4221       1.1494138
       6566.4395       1.1487329
       6566.4570       1.1479856
       6566.4744       1.1471868
       6566.4918       1.1463417
       6566.5092       1.1454371
       6566.5266       1.1444432
       6566.5440       1.1433296
       6566.5614       1.1420861
       6566.5788       1.1407397
       6566.5962       1.1393563
       6566.6136       1.1380234
       6566.6311       1.1368218
       6566.6485       1.1358000
       6566.6659       1.1349610
       6566.6833       1.1342682
       6566.7007       1.1336659
       6566.7181       1.1331084
       6566.7355       1.1325839
       6566.7529       1.1321233
       6566.7703       1.1317877
       6566.7877       1.1316373
       6566.8052       1.1316925
       6566.8226       1.1319049
       6566.8400       1.1321537
       6566.8574       1.1322753
       6566.8748       1.1321191
       6566.8922       1.1316104
       6566.9096       1.1307928
       6566.9270       1.1298316
       6566.9444       1.1289730
       6566.9618       1.1284698
       6566.9793       1.1285021
       6566.9967       1.1291198
       6567.0141       1.1302287
       6567.0315       1.1316228
       6567.0489       1.1330501
       6567.0663       1.1342846
       6567.0837       1.1351785
       6567.1011       1.1356754
       6567.1185       1.1357865
       6567.1359       1.1355469
       6567.1534       1.1349777
       6567.1708       1.1340768
       6567.1882       1.1328416
       6567.2056       1.1313107
       6567.2230       1.1295966
       6567.2404       1.1278872
       6567.2578       1.1264071
       6567.2752       1.1253515
       6567.2926       1.1248349
       6567.3100       1.1248702
       6567.3275       1.1253859
       6567.3449       1.1262643
       6567.3623       1.1273764
       6567.3797       1.1285956
       6567.3971       1.1297938
       6567.4145       1.1308333
       6567.4319       1.1315731
       6567.4493       1.1318946
       6567.4667       1.1317356
       6567.4842       1.1311147
       6567.5016       1.1301295
       6567.5190       1.1289261
       6567.5364       1.1276530
       6567.5538       1.1264187
       6567.5712       1.1252712
       6567.5886       1.1242069
       6567.6060       1.1232009
       6567.6234       1.1222425
       6567.6408       1.1213581
       6567.6583       1.1206113
       6567.6757       1.1200814
       6567.6931       1.1198295
       6567.7105       1.1198687
       6567.7279       1.1201511
       6567.7453       1.1205776
       6567.7627       1.1210298
       6567.7801       1.1214098
       6567.7975       1.1216730
       6567.8149       1.1218384
       6567.8324       1.1219696
       6567.8498       1.1221354
       6567.8672       1.1223672
       6567.8846       1.1226355
       6567.9020       1.1228568
       6567.9194       1.1229309
       6567.9368       1.1227876
       6567.9542       1.1224209
       6567.9716       1.1218967
       6567.9890       1.1213300
       6568.0065       1.1208440
       6568.0239       1.1205252
       6568.0413       1.1203943
       6568.0587       1.1204023
       6568.0761       1.1204505
       6568.0935       1.1204246
       6568.1109       1.1202259
       6568.1283       1.1197885
       6568.1457       1.1190801
       6568.1631       1.1180948
       6568.1806       1.1168501
       6568.1980       1.1153970
       6568.2154       1.1138371
       6568.2328       1.1123333
       6568.2502       1.1110971
       6568.2676       1.1103467
       6568.2850       1.1102454
       6568.3024       1.1108450
       6568.3198       1.1120622
       6568.3372       1.1137059
       6568.3547       1.1155500
       6568.3721       1.1174249
       6568.3895       1.1192920
       6568.4069       1.1212675
       6568.4243       1.1235835
       6568.4417       1.1265023
       6568.4591       1.1302156
       6568.4765       1.1347694
       6568.4939       1.1400397
       6568.5113       1.1457662
       6568.5288       1.1516273
       6568.5462       1.1573258
       6568.5636       1.1626675
       6568.5810       1.1675903
       6568.5984       1.1721465
       6568.6158       1.1764543
       6568.6332       1.1806353
       6568.6506       1.1847648
       6568.6680       1.1888506
       6568.6855       1.1928399
       6568.7029       1.1966448
       6568.7203       1.2001643
       6568.7377       1.2032930
       6568.7551       1.2059128
       6568.7725       1.2078794
       6568.7899       1.2090168
       6568.8073       1.2091315
       6568.8247       1.2080450
       6568.8421       1.2056336
       6568.8596       1.2018584
       6568.8770       1.1967731
       6568.8944       1.1905062
       6568.9118       1.1832305
       6568.9292       1.1751346
       6568.9466       1.1664115
       6568.9640       1.1572624
       6568.9814       1.1479069
       6568.9988       1.1385809
       6569.0162       1.1295175
       6569.0337       1.1209112
       6569.0511       1.1128832
       6569.0685       1.1054642
       6569.0859       1.0986056
       6569.1033       1.0922155
       6569.1207       1.0862071
       6569.1381       1.0805356
       6569.1555       1.0752123
       6569.1729       1.0702887
       6569.1903       1.0658249
       6569.2078       1.0618590
       6569.2252       1.0583924
       6569.2426       1.0554030
       6569.2600       1.0528699
       6569.2774       1.0507966
       6569.2948       1.0492180
       6569.3122       1.0481897
       6569.3296       1.0477644
       6569.3470       1.0479700
       6569.3644       1.0488005
       6569.3819       1.0502225
       6569.3993       1.0521928
       6569.4167       1.0546760
       6569.4341       1.0576504
       6569.4515       1.0610980
       6569.4689       1.0649837
       6569.4863       1.0692328
       6569.5037       1.0737194
       6569.5211       1.0782707
       6569.5385       1.0826888
       6569.5560       1.0867821
       6569.5734       1.0903996
       6569.5908       1.0934571
       6569.6082       1.0959510
       6569.6256       1.0979531
       6569.6430       1.0995885
       6569.6604       1.1009994
       6569.6778       1.1023057
       6569.6952       1.1035727
       6569.7127       1.1047970
       6569.7301       1.1059148
       6569.7475       1.1068296
       6569.7649       1.1074478
       6569.7823       1.1077072
       6569.7997       1.1075899
       6569.8171       1.1071159
       6569.8345       1.1063248
       6569.8519       1.1052578
       6569.8693       1.1039548
       6569.8868       1.1024542
       6569.9042       1.1008037
       6569.9216       1.0990682
       6569.9390       1.0973317
       6569.9564       1.0956943
       6569.9738       1.0942665
       6569.9912       1.0931606
       6570.0086       1.0924773
       6570.0260       1.0922877
       6570.0434       1.0926132
       6570.0609       1.0934110
       6570.0783       1.0945733
       6570.0957       1.0959435
       6570.1131       1.0973466
       6570.1305       1.0986245
       6570.1479       1.0996649
       6570.1653       1.1004137
       6570.1827       1.1008682
       6570.2001       1.1010571
       6570.2175       1.1010180
       6570.2350       1.1007858
       6570.2524       1.1003958
       6570.2698       1.0998975
       6570.2872       1.0993644
       6570.3046       1.0988868
       6570.3220       1.0985454
       6570.3394       1.0983782
       6570.3568       1.0983584
       6570.3742       1.0983983
       6570.3916       1.0983775
       6570.4091       1.0981810
       6570.4265       1.0977278
       6570.4439       1.0969808
       6570.4613       1.0959408
       6570.4787       1.0946354
       6570.4961       1.0931121
       6570.5135       1.0914382
       6570.5309       1.0896992
       6570.5483       1.0879921
       6570.5657       1.0864160
       6570.5832       1.0850617
       6570.6006       1.0840045
       6570.6180       1.0832999
       6570.6354       1.0829797
       6570.6528       1.0830448
       6570.6702       1.0834554
       6570.6876       1.0841236
       6570.7050       1.0849149
       6570.7224       1.0856643
       6570.7398       1.0862075
       6570.7573       1.0864206
       6570.7747       1.0862552
       6570.7921       1.0857571
       6570.8095       1.0850566
       6570.8269       1.0843329
       6570.8443       1.0837611
       6570.8617       1.0834606
       6570.8791       1.0834622
       6570.8965       1.0837058
       6570.9140       1.0840704
       6570.9314       1.0844226
       6570.9488       1.0846653
       6570.9662       1.0847675
       6570.9836       1.0847644
       6571.0010       1.0847314
       6571.0184       1.0847476
       6571.0358       1.0848655
       6571.0532       1.0851000
       6571.0706       1.0854346
       6571.0881       1.0858374
       6571.1055       1.0862717
       6571.1229       1.0866988
       6571.1403       1.0870750
       6571.1577       1.0873505
       6571.1751       1.0874812
       6571.1925       1.0874440
       6571.2099       1.0872486
       6571.2273       1.0869371
       6571.2447       1.0865673
       6571.2622       1.0861871
       6571.2796       1.0858127
       6571.2970       1.0854193
       6571.3144       1.0849495
       6571.3318       1.0843328
       6571.3492       1.0835090
       6571.3666       1.0824438
       6571.3840       1.0811337
       6571.4014       1.0795985
       6571.4188       1.0778668
       6571.4363       1.0759605
       6571.4537       1.0738873
       6571.4711       1.0716435
       6571.4885       1.0692305
       6571.5059       1.0666786
       6571.5233       1.0640699
       6571.5407       1.0615471
       6571.5581       1.0593021
       6571.5755       1.0575446
       6571.5929       1.0564596
       6571.6104       1.0561685
       6571.6278       1.0567049
       6571.6452       1.0580096
       6571.6626       1.0599404
       6571.6800       1.0622908
       6571.6974       1.0648123
       6571.7148       1.0672394
       6571.7322       1.0693206
       6571.7496       1.0708534
       6571.7670       1.0717185
       6571.7845       1.0719025
       6571.8019       1.0715001
       6571.8193       1.0706992
       6571.8367       1.0697429
       6571.8541       1.0688855
       6571.8715       1.0683605
       6571.8889       1.0683554
       6571.9063       1.0689942
       6571.9237       1.0703241
       6571.9412       1.0723063
       6571.9586       1.0748137
       6571.9760       1.0776436
       6571.9934       1.0805476
       6572.0108       1.0832760
       6572.0282       1.0856270
       6572.0456       1.0874837
       6572.0630       1.0888300
       6572.0804       1.0897387
       6572.0978       1.0903398
       6572.1153       1.0907812
       6572.1327       1.0911925
       6572.1501       1.0916631
       6572.1675       1.0922344
       6572.1849       1.0929065
       6572.2023       1.0936533
       6572.2197       1.0944418
       6572.2371       1.0952479
       6572.2545       1.0960632
       6572.2719       1.0968897
       6572.2894       1.0977230
       6572.3068       1.0985339
       6572.3242       1.0992569
       6572.3416       1.0997941
       6572.3590       1.1000358
       6572.3764       1.0998921
       6572.3938       1.0993227
       6572.4112       1.0983520
       6572.4286       1.0970621
       6572.4460       1.0955641
       6572.4635       1.0939587
       6572.4809       1.0923013
       6572.4983       1.0905885
       6572.5157       1.0887713
       6572.5331       1.0867870
       6572.5505       1.0845958
       6572.5679       1.0822056
       6572.5853       1.0796765
       6572.6027       1.0771044
       6572.6201       1.0745933
       6572.6376       1.0722291
       6572.6550       1.0700624
       6572.6724       1.0681028
       6572.6898       1.0663216
       6572.7072       1.0646620
       6572.7246       1.0630546
       6572.7420       1.0614400
       6572.7594       1.0597917
       6572.7768       1.0581297
       6572.7942       1.0565176
       6572.8117       1.0550406
       6572.8291       1.0537771
       6572.8465       1.0527805
       6572.8639       1.0520806
       6572.8813       1.0517039
       6572.8987       1.0516947
       6572.9161       1.0521197
       6572.9335       1.0530455
       6572.9509       1.0544988
       6572.9684       1.0564293
       6572.9858       1.0586981
       6573.0032       1.0610992
       6573.0206       1.0634036
       6573.0380       1.0654059
       6573.0554       1.0669544
       6573.0728       1.0679609
       6573.0902       1.0683970
       6573.1076       1.0682880
       6573.1250       1.0677175
       6573.1425       1.0668212
       6573.1599       1.0657707
       6573.1773       1.0647459
       6573.1947       1.0639002
       6573.2121       1.0633321
       6573.2295       1.0630771
       6573.2469       1.0631183
       6573.2643       1.0634088
       6573.2817       1.0638922
       6573.2991       1.0645135
       6573.3166       1.0652211
       6573.3340       1.0659634
       6573.3514       1.0666866
       6573.3688       1.0673355
       6573.3862       1.0678601
       6573.4036       1.0682241
       6573.4210       1.0684128
       6573.4384       1.0684380
       6573.4558       1.0683353
       6573.4732       1.0681551
       6573.4907       1.0679520
       6573.5081       1.0677748
       6573.5255       1.0676657
       6573.5429       1.0676637
       6573.5603       1.0678100
       6573.5777       1.0681483
       6573.5951       1.0687167
       6573.6125       1.0695323
       6573.6299       1.0705770
       6573.6473       1.0717868
       6573.6648       1.0730534
       6573.6822       1.0742364
       6573.6996       1.0751873
       6573.7170       1.0757818
       6573.7344       1.0759534
       6573.7518       1.0757196
       6573.7692       1.0751881
       6573.7866       1.0745385
       6573.8040       1.0739707
       6573.8214       1.0736491
       6573.8389       1.0736529
       6573.8563       1.0739531
       6573.8737       1.0744233
       6573.8911       1.0748819
       6573.9085       1.0751487
       6573.9259       1.0750957
       6573.9433       1.0746759
       6573.9607       1.0739229
       6573.9781       1.0729281
       6573.9955       1.0718076
       6574.0130       1.0706745
       6574.0304       1.0696210
       6574.0478       1.0687090
       6574.0652       1.0679601
       6574.0826       1.0673447
       6574.1000       1.0667746
       6574.1174       1.0661103
       6574.1348       1.0651908
       6574.1522       1.0638785
       6574.1697       1.0621041
       6574.1871       1.0598888
       6574.2045       1.0573345
       6574.2219       1.0545877
       6574.2393       1.0517948
       6574.2567       1.0490727
       6574.2741       1.0465071
       6574.2915       1.0441783
       6574.3089       1.0422001
       6574.3263       1.0407495
       6574.3438       1.0400688
       6574.3612       1.0404296
       6574.3786       1.0420648
       6574.3960       1.0450943
       6574.4134       1.0494769
       6574.4308       1.0549853
       6574.4482       1.0612681
       6574.4656       1.0679329
       6574.4830       1.0746233
       6574.5004       1.0810688
       6574.5179       1.0870896
       6574.5353       1.0925667
       6574.5527       1.0974007
       6574.5701       1.1014828
       6574.5875       1.1046912
       6574.6049       1.1069113
       6574.6223       1.1080679
       6574.6397       1.1081556
       6574.6571       1.1072528
       6574.6745       1.1055144
       6574.6920       1.1031412
       6574.7094       1.1003341
       6574.7268       1.0972501
       6574.7442       1.0939747
       6574.7616       1.0905245
       6574.7790       1.0868762
       6574.7964       1.0830072
       6574.8138       1.0789308
       6574.8312       1.0747114
       6574.8486       1.0704620
       6574.8661       1.0663319
       6574.8835       1.0624892
       6574.9009       1.0591009
       6574.9183       1.0563028
       6574.9357       1.0541625
       6574.9531       1.0526446
       6574.9705       1.0515950
       6574.9879       1.0507583
       6575.0053       1.0498282
       6575.0227       1.0485169
       6575.0402       1.0466225
       6575.0576       1.0440719
       6575.0750       1.0409347
       6575.0924       1.0374062
       6575.1098       1.0337583
       6575.1272       1.0302945
       6575.1446       1.0273063
       6575.1620       1.0250393
       6575.1794       1.0236688
       6575.1969       1.0232842
       6575.2143       1.0238825
       6575.2317       1.0253721
       6575.2491       1.0275898
       6575.2665       1.0303295
       6575.2839       1.0333737
       6575.3013       1.0365205
       6575.3187       1.0395967
       6575.3361       1.0424589
       6575.3535       1.0449908
       6575.3710       1.0471031
       6575.3884       1.0487426
       6575.4058       1.0499040
       6575.4232       1.0506368
       6575.4406       1.0510377
       6575.4580       1.0512287
       6575.4754       1.0513287
       6575.4928       1.0514287
       6575.5102       1.0515808
       6575.5276       1.0518009
       6575.5451       1.0520801
       6575.5625       1.0523987
       6575.5799       1.0527384
       6575.5973       1.0530890
       6575.6147       1.0534527
       6575.6321       1.0538434
       6575.6495       1.0542824
       6575.6669       1.0547887
       6575.6843       1.0553666
       6575.7017       1.0559934
       6575.7192       1.0566127
       6575.7366       1.0571390
       6575.7540       1.0574771
       6575.7714       1.0575479
       6575.7888       1.0573135
       6575.8062       1.0567904
       6575.8236       1.0560447
       6575.8410       1.0551713
       6575.8584       1.0542664
       6575.8758       1.0534075
       6575.8933       1.0526454
       6575.9107       1.0520111
       6575.9281       1.0515300
       6575.9455       1.0512328
       6575.9629       1.0511562
       6575.9803       1.0513312
       6575.9977       1.0517627
       6576.0151       1.0524124
       6576.0325       1.0531935
       6576.0499       1.0539834
       6576.0674       1.0546484
       6576.0848       1.0550723
       6576.1022       1.0551757
       6576.1196       1.0549231
       6576.1370       1.0543206
       6576.1544       1.0534127
       6576.1718       1.0522826
       6576.1892       1.0510539
       6576.2066       1.0498826
       6576.2241       1.0489325
       6576.2415       1.0483348
       6576.2589       1.0481472
       6576.2763       1.0483326
       6576.2937       1.0487728
       6576.3111       1.0493146
       6576.3285       1.0498261
       6576.3459       1.0502351
       6576.3633       1.0505301
       6576.3807       1.0507291
       6576.3982       1.0508375
       6576.4156       1.0508224
       6576.4330       1.0506200
       6576.4504       1.0501656
       6576.4678       1.0494274
       6576.4852       1.0484245
       6576.5026       1.0472226
       6576.5200       1.0459140
       6576.5374       1.0445944
       6576.5548       1.0433490
       6576.5723       1.0422509
       6576.5897       1.0413683
       6576.6071       1.0407701
       6576.6245       1.0405216
       6576.6419       1.0406676
       6576.6593       1.0412079
       6576.6767       1.0420783
       6576.6941       1.0431486
       6576.7115       1.0442433
       6576.7289       1.0451783
       6576.7464       1.0458005
       6576.7638       1.0460145
       6576.7812       1.0457881
       6576.7986       1.0451416
       6576.8160       1.0441333
       6576.8334       1.0428508
       6576.8508       1.0414129
       6576.8682       1.0399717
       6576.8856       1.0387049
       6576.9030       1.0377911
       6576.9205       1.0373725
       6576.9379       1.0375208
       6576.9553       1.0382195
       6576.9727       1.0393725
       6576.9901       1.0408324
       6577.0075       1.0424379
       6577.0249       1.0440428
       6577.0423       1.0455312
       6577.0597       1.0468168
       6577.0771       1.0478322
       6577.0946       1.0485222
       6577.1120       1.0488463
       6577.1294       1.0487885
       6577.1468       1.0483658
       6577.1642       1.0476286
       6577.1816       1.0466490
       6577.1990       1.0455023
       6577.2164       1.0442538
       6577.2338       1.0429561
       6577.2512       1.0416587
       6577.2687       1.0404190
       6577.2861       1.0393057
       6577.3035       1.0383884
       6577.3209       1.0377179
       6577.3383       1.0373073
       6577.3557       1.0371263
       6577.3731       1.0371135
       6577.3905       1.0372029
       6577.4079       1.0373533
       6577.4254       1.0375650
       6577.4428       1.0378777
       6577.4602       1.0383480
       6577.4776       1.0390161
       6577.4950       1.0398776
       6577.5124       1.0408713
       6577.5298       1.0418899
       6577.5472       1.0428091
       6577.5646       1.0435234
       6577.5820       1.0439761
       6577.5995       1.0441738
       6577.6169       1.0441800
       6577.6343       1.0440938
       6577.6517       1.0440199
       6577.6691       1.0440406
       6577.6865       1.0441952
       6577.7039       1.0444714
       6577.7213       1.0448112
       6577.7387       1.0451255
       6577.7561       1.0453176
       6577.7736       1.0453137
       6577.7910       1.0450906
       6577.8084       1.0446924
       6577.8258       1.0442217
       6577.8432       1.0438058
       6577.8606       1.0435460
       6577.8780       1.0434731
       6577.8954       1.0435291
       6577.9128       1.0435860
       6577.9302       1.0434940
       6577.9477       1.0431385
       6577.9651       1.0424805
       6577.9825       1.0415692
       6577.9999       1.0405238
       6578.0173       1.0394999
       6578.0347       1.0386529
       6578.0521       1.0381128
       6578.0695       1.0379685
       6578.0869       1.0382606
       6578.1043       1.0389786
       6578.1218       1.0400606
       6578.1392       1.0413997
       6578.1566       1.0428594
       6578.1740       1.0442944
       6578.1914       1.0455731
       6578.2088       1.0465928
       6578.2262       1.0472871
       6578.2436       1.0476259
       6578.2610       1.0476139
       6578.2784       1.0472892
       6578.2959       1.0467219
       6578.3133       1.0460082
       6578.3307       1.0452598
       6578.3481       1.0445857
       6578.3655       1.0440737
       6578.3829       1.0437778
       6578.4003       1.0437124
       6578.4177       1.0438532
       6578.4351       1.0441443
       6578.4526       1.0445117
       6578.4700       1.0448790
       6578.4874       1.0451846
       6578.5048       1.0453931
       6578.5222       1.0454963
       6578.5396       1.0455057
       6578.5570       1.0454361
       6578.5744       1.0452892
       6578.5918       1.0450422
       6578.6092       1.0446457
       6578.6267       1.0440347
       6578.6441       1.0431507
       6578.6615       1.0419720
       6578.6789       1.0405410
       6578.6963       1.0389780
       6578.7137       1.0374693
       6578.7311       1.0362296
       6578.7485       1.0354493
       6578.7659       1.0352436
       6578.7833       1.0356245
       6578.8008       1.0365024
       6578.8182       1.0377148
       6578.8356       1.0390683
       6578.8530       1.0403785
       6578.8704       1.0414973
       6578.8878       1.0423248
       6578.9052       1.0428088
       6578.9226       1.0429378
       6578.9400       1.0427308
       6578.9574       1.0422307
       6578.9749       1.0414986
       6578.9923       1.0406147
       6579.0097       1.0396719
       6579.0271       1.0387661
       6579.0445       1.0379784
       6579.0619       1.0373544
       6579.0793       1.0368912
       6579.0967       1.0365408
       6579.1141       1.0362343
       6579.1315       1.0359194
       6579.1490       1.0355935
       6579.1664       1.0353176
       6579.1838       1.0352002
       6579.2012       1.0353580
       6579.2186       1.0358665
       6579.2360       1.0367232
       6579.2534       1.0378388
       6579.2708       1.0390619
       6579.2882       1.0402281
       6579.3056       1.0412133
       6579.3231       1.0419690
       6579.3405       1.0425281
       6579.3579       1.0429789
       6579.3753       1.0434198
       6579.3927       1.0439124
       6579.4101       1.0444491
       6579.4275       1.0449485
       6579.4449       1.0452829
       6579.4623       1.0453311
       6579.4798       1.0450385
       6579.4972       1.0444595
       6579.5146       1.0437609
       6579.5320       1.0431821
       6579.5494       1.0429635
       6579.5668       1.0432717
       6579.5842       1.0441476
       6579.6016       1.0454927
       6579.6190       1.0470944
       6579.6364       1.0486750
       6579.6539       1.0499568
       6579.6713       1.0507200
       6579.6887       1.0508405
       6579.7061       1.0503064
       6579.7235       1.0492097
       6579.7409       1.0477181
       6579.7583       1.0460348
       6579.7757       1.0443583
       6579.7931       1.0428505
       6579.8105       1.0416191
       6579.8280       1.0407112
       6579.8454       1.0401136
       6579.8628       1.0397572
       6579.8802       1.0395251
       6579.8976       1.0392689
       6579.9150       1.0388359
       6579.9324       1.0381043
       6579.9498       1.0370180
       6579.9672       1.0356072
       6579.9846       1.0339880
       6580.0021       1.0323357
       6580.0195       1.0308423
       6580.0369       1.0296688
       6580.0543       1.0289079
       6580.0717       1.0285675
       6580.0891       1.0285794
       6580.1065       1.0288278
       6580.1239       1.0291855
       6580.1413       1.0295457
       6580.1587       1.0298352
       6580.1762       1.0300114
       6580.1936       1.0300466
       6580.2110       1.0299150
       6580.2284       1.0295904
       6580.2458       1.0290571
       6580.2632       1.0283287
       6580.2806       1.0274616
       6580.2980       1.0265603
       6580.3154       1.0257603
       6580.3328       1.0252039
       6580.3503       1.0250106
       6580.3677       1.0252503
       6580.3851       1.0259263
       6580.4025       1.0269731
       6580.4199       1.0282698
       6580.4373       1.0296678
       6580.4547       1.0310261
       6580.4721       1.0322434
       6580.4895       1.0332772
       6580.5069       1.0341454
       6580.5244       1.0349089
       6580.5418       1.0356437
       6580.5592       1.0364146
       6580.5766       1.0372571
       6580.5940       1.0381755
       6580.6114       1.0391512
       6580.6288       1.0401577
       6580.6462       1.0411720
       6580.6636       1.0421818
       6580.6811       1.0431846
       6580.6985       1.0441802
       6580.7159       1.0451604
       6580.7333       1.0460976
       6580.7507       1.0469400
       6580.7681       1.0476159
       6580.7855       1.0480489
       6580.8029       1.0481762
       6580.8203       1.0479635
       6580.8377       1.0474111
       6580.8552       1.0465502
       6580.8726       1.0454370
       6580.8900       1.0441470
       6580.9074       1.0427718
       6580.9248       1.0414142
       6580.9422       1.0401758
       6580.9596       1.0391353
       6580.9770       1.0383301
       6580.9944       1.0377448
       6581.0118       1.0373149
       6581.0293       1.0369484
       6581.0467       1.0365604
       6581.0641       1.0361071
       6581.0815       1.0356064
       6581.0989       1.0351343
       6581.1163       1.0347953
       6581.1337       1.0346764
       6581.1511       1.0348017
       6581.1685       1.0351053
       6581.1859       1.0354372
       6581.2034       1.0356012
       6581.2208       1.0354159
       6581.2382       1.0347744
       6581.2556       1.0336838
       6581.2730       1.0322655
       6581.2904       1.0307196
       6581.3078       1.0292654
       6581.3252       1.0280833
       6581.3426       1.0272792
       6581.3600       1.0268826
       6581.3775       1.0268705
       6581.3949       1.0272023
       6581.4123       1.0278454
       6581.4297       1.0287820
       6581.4471       1.0299979
       6581.4645       1.0314627
       6581.4819       1.0331129
       6581.4993       1.0348457
       6581.5167       1.0365256
       6581.5341       1.0380024
       6581.5516       1.0391368
       6581.5690       1.0398299
       6581.5864       1.0400454
       6581.6038       1.0398328
       6581.6212       1.0393129
       6581.6386       1.0386518
       6581.6560       1.0380193
       6581.6734       1.0375456
       6581.6908       1.0372927
       6581.7083       1.0372483
       6581.7257       1.0373412
       6581.7431       1.0374713
       6581.7605       1.0375396
       6581.7779       1.0374723
       6581.7953       1.0372323
       6581.8127       1.0368200
       6581.8301       1.0362649
       6581.8475       1.0356128
       6581.8649       1.0349132
       6581.8824       1.0342112
       6581.8998       1.0335439
       6581.9172       1.0329398
       6581.9346       1.0324185
       6581.9520       1.0319875
       6581.9694       1.0316409
       6581.9868       1.0313610
       6582.0042       1.0311288
       6582.0216       1.0309394
       6582.0390       1.0308152
       6582.0565       1.0308088
       6582.0739       1.0309896
       6582.0913       1.0314163
       6582.1087       1.0321075
       6582.1261       1.0330221
       6582.1435       1.0340604
       6582.1609       1.0350859
       6582.1783       1.0359583
       6582.1957       1.0365671
       6582.2131       1.0368548
       6582.2306       1.0368245
       6582.2480       1.0365345
       6582.2654       1.0360783
       6582.2828       1.0355544
       6582.3002       1.0350405
       6582.3176       1.0345750
       6582.3350       1.0341543
       6582.3524       1.0337461
       6582.3698       1.0333157
       6582.3872       1.0328529
       6582.4047       1.0323890
       6582.4221       1.0319948
       6582.4395       1.0317588
       6582.4569       1.0317549
       6582.4743       1.0320114
       6582.4917       1.0324987
       6582.5091       1.0331407
       6582.5265       1.0338466
       6582.5439       1.0345453
       6582.5613       1.0352051
       6582.5788       1.0358284
       6582.5962       1.0364254
       6582.6136       1.0369856
       6582.6310       1.0374643
       6582.6484       1.0377923
       6582.6658       1.0379022
       6582.6832       1.0377552
       6582.7006       1.0373567
       6582.7180       1.0367544
       6582.7355       1.0360273
       6582.7529       1.0352733
       6582.7703       1.0346002
       6582.7877       1.0341180
       6582.8051       1.0339269
       6582.8225       1.0341002
       6582.8399       1.0346667
       6582.8573       1.0356016
       6582.8747       1.0368312
       6582.8921       1.0382492
       6582.9096       1.0397370
       6582.9270       1.0411849
       6582.9444       1.0425012
       6582.9618       1.0436181
       6582.9792       1.0444974
       6582.9966       1.0451362
       6583.0140       1.0455688
       6583.0314       1.0458611
       6583.0488       1.0460905
       6583.0662       1.0463167
       6583.0837       1.0465533
       6583.1011       1.0467553
       6583.1185       1.0468343
       6583.1359       1.0466986
       6583.1533       1.0463048
       6583.1707       1.0456952
       6583.1881       1.0450023
       6583.2055       1.0444133
       6583.2229       1.0441091
       6583.2403       1.0442025
       6583.2578       1.0447016
       6583.2752       1.0455100
       6583.2926       1.0464601
       6583.3100       1.0473625
       6583.3274       1.0480532
       6583.3448       1.0484222
       6583.3622       1.0484196
       6583.3796       1.0480425
       6583.3970       1.0473129
       6583.4144       1.0462606
       6583.4319       1.0449174
       6583.4493       1.0433251
       6583.4667       1.0415485
       6583.4841       1.0396832
       6583.5015       1.0378485
       6583.5189       1.0361682
       6583.5363       1.0347446
       6583.5537       1.0336343
       6583.5711       1.0328378
       6583.5885       1.0323083
       6583.6060       1.0319694
       6583.6234       1.0317362
       6583.6408       1.0315319
       6583.6582       1.0312929
       6583.6756       1.0309644
       6583.6930       1.0304963
       6583.7104       1.0298456
       6583.7278       1.0289915
       6583.7452       1.0279563
       6583.7626       1.0268217
       6583.7801       1.0257278
       6583.7975       1.0248498
       6583.8149       1.0243563
       6583.8323       1.0243624
       6583.8497       1.0248925
       6583.8671       1.0258670
       6583.8845       1.0271189
       6583.9019       1.0284349
       6583.9193       1.0296109
       6583.9368       1.0305046
       6583.9542       1.0310670
       6583.9716       1.0313448
       6583.9890       1.0314489
       6584.0064       1.0315041
       6584.0238       1.0315954
       6584.0412       1.0317370
       6584.0586       1.0318746
       6584.0760       1.0319212
       6584.0934       1.0318092
       6584.1109       1.0315352
       6584.1283       1.0311758
       6584.1457       1.0308699
       6584.1631       1.0307766
       6584.1805       1.0310269
       6584.1979       1.0316860
       6584.2153       1.0327232
       6584.2327       1.0340210
       6584.2501       1.0353915
       6584.2675       1.0366134
       6584.2850       1.0374806
       6584.3024       1.0378500
       6584.3198       1.0376746
       6584.3372       1.0370056
       6584.3546       1.0359659
       6584.3720       1.0347021
       6584.3894       1.0333372
       6584.4068       1.0319418
       6584.4242       1.0305320
       6584.4416       1.0290939
       6584.4591       1.0276196
       6584.4765       1.0261396
       6584.4939       1.0247352
       6584.5113       1.0235255
       6584.5287       1.0226300
       6584.5461       1.0221231
       6584.5635       1.0219987
       6584.5809       1.0221585
       6584.5983       1.0224322
       6584.6157       1.0226217
       6584.6332       1.0225570
       6584.6506       1.0221463
       6584.6680       1.0214067
       6584.6854       1.0204674
       6584.7028       1.0195430
       6584.7202       1.0188840
       6584.7376       1.0187165
       6584.7550       1.0191886
       6584.7724       1.0203366
       6584.7898       1.0220801
       6584.8073       1.0242436
       6584.8247       1.0265969
       6584.8421       1.0288995
       6584.8595       1.0309421
       6584.8769       1.0325771
       6584.8943       1.0337299
       6584.9117       1.0343981
       6584.9291       1.0346398
       6584.9465       1.0345523
       6584.9640       1.0342465
       6584.9814       1.0338210
       6584.9988       1.0333438
