# Angstrom [air],  flux [abs.cor.cont.sub+1]
       6545.0064       1.0207055
       6545.0239       1.0202861
       6545.0413       1.0200548
       6545.0587       1.0200092
       6545.0761       1.0200825
       6545.0935       1.0201626
       6545.1109       1.0201287
       6545.1283       1.0198933
       6545.1457       1.0194361
       6545.1631       1.0188189
       6545.1805       1.0181795
       6545.1980       1.0177050
       6545.2154       1.0175911
       6545.2328       1.0179933
       6545.2502       1.0189810
       6545.2676       1.0205100
       6545.2850       1.0224270
       6545.3024       1.0245125
       6545.3198       1.0265518
       6545.3372       1.0284121
       6545.3546       1.0300981
       6545.3721       1.0317672
       6545.3895       1.0336989
       6545.4069       1.0362318
       6545.4243       1.0396894
       6545.4417       1.0443180
       6545.4591       1.0502516
       6545.4765       1.0575065
       6545.4939       1.0659978
       6545.5113       1.0755666
       6545.5287       1.0860098
       6545.5462       1.0971044
       6545.5636       1.1086235
       6545.5810       1.1203399
       6545.5984       1.1320192
       6545.6158       1.1434068
       6545.6332       1.1542202
       6545.6506       1.1641588
       6545.6680       1.1729347
       6545.6854       1.1803172
       6545.7028       1.1861720
       6545.7203       1.1904772
       6545.7377       1.1933122
       6545.7551       1.1948054
       6545.7725       1.1950845
       6545.7899       1.1942343
       6545.8073       1.1922744
       6545.8247       1.1891587
       6545.8421       1.1847880
       6545.8595       1.1790335
       6545.8769       1.1717675
       6545.8944       1.1629041
       6545.9118       1.1524436
       6545.9292       1.1405075
       6545.9466       1.1273436
       6545.9640       1.1132905
       6545.9814       1.0987056
       6545.9988       1.0838829
       6546.0162       1.0689954
       6546.0336       1.0540871
       6546.0511       1.0391218
       6546.0685       1.0240655
       6546.0859       1.0089678
       6546.1033      0.99400663
       6546.1207      0.97947810
       6546.1381      0.96573663
       6546.1555      0.95311113
       6546.1729      0.94183083
       6546.1903      0.93198835
       6546.2077      0.92355110
       6546.2252      0.91641380
       6546.2426      0.91047115
       6546.2600      0.90568399
       6546.2774      0.90211558
       6546.2948      0.89992374
       6546.3122      0.89930921
       6546.3296      0.90043680
       6546.3470      0.90335894
       6546.3644      0.90798112
       6546.3818      0.91405711
       6546.3993      0.92127293
       6546.4167      0.92933550
       6546.4341      0.93803016
       6546.4515      0.94722486
       6546.4689      0.95681753
       6546.4863      0.96665749
       6546.5037      0.97648575
       6546.5211      0.98592801
       6546.5385      0.99454751
       6546.5559       1.0019369
       6546.5734       1.0078139
       6546.5908       1.0120867
       6546.6082       1.0148714
       6546.6256       1.0164589
       6546.6430       1.0172470
       6546.6604       1.0176596
       6546.6778       1.0180715
       6546.6952       1.0187565
       6546.7126       1.0198631
       6546.7300       1.0214166
       6546.7475       1.0233398
       6546.7649       1.0254849
       6546.7823       1.0276673
       6546.7997       1.0296974
       6546.8171       1.0314077
       6546.8345       1.0326751
       6546.8519       1.0334368
       6546.8693       1.0336988
       6546.8867       1.0335345
       6546.9041       1.0330726
       6546.9216       1.0324745
       6546.9390       1.0319042
       6546.9564       1.0314977
       6546.9738       1.0313370
       6546.9912       1.0314368
       6547.0086       1.0317476
       6547.0260       1.0321747
       6547.0434       1.0326085
       6547.0608       1.0329562
       6547.0782       1.0331574
       6547.0957       1.0331822
       6547.1131       1.0330139
       6547.1305       1.0326291
       6547.1479       1.0319898
       6547.1653       1.0310563
       6547.1827       1.0298181
       6547.2001       1.0283298
       6547.2175       1.0267321
       6547.2349       1.0252437
       6547.2523       1.0241167
       6547.2698       1.0235688
       6547.2872       1.0237117
       6547.3046       1.0245044
       6547.3220       1.0257514
       6547.3394       1.0271479
       6547.3568       1.0283555
       6547.3742       1.0290831
       6547.3916       1.0291476
       6547.4090       1.0285027
       6547.4264       1.0272386
       6547.4439       1.0255616
       6547.4613       1.0237599
       6547.4787       1.0221572
       6547.4961       1.0210549
       6547.5135       1.0206697
       6547.5309       1.0210825
       6547.5483       1.0222198
       6547.5657       1.0238793
       6547.5831       1.0257949
       6547.6006       1.0277173
       6547.6180       1.0294808
       6547.6354       1.0310313
       6547.6528       1.0324126
       6547.6702       1.0337236
       6547.6876       1.0350676
       6547.7050       1.0365102
       6547.7224       1.0380586
       6547.7398       1.0396579
       6547.7572       1.0411985
       6547.7747       1.0425336
       6547.7921       1.0435060
       6547.8095       1.0439803
       6547.8269       1.0438750
       6547.8443       1.0431852
       6547.8617       1.0419870
       6547.8791       1.0404204
       6547.8965       1.0386531
       6547.9139       1.0368317
       6547.9313       1.0350356
       6547.9488       1.0332498
       6547.9662       1.0313710
       6547.9836       1.0292507
       6548.0010       1.0267608
       6548.0184       1.0238561
       6548.0358       1.0206084
       6548.0532       1.0171986
       6548.0706       1.0138750
       6548.0880       1.0108976
       6548.1054       1.0084911
       6548.1229       1.0068159
       6548.1403       1.0059596
       6548.1577       1.0059406
       6548.1751       1.0067187
       6548.1925       1.0082088
       6548.2099       1.0102952
       6548.2273       1.0128445
       6548.2447       1.0157148
       6548.2621       1.0187630
       6548.2795       1.0218501
       6548.2970       1.0248483
       6548.3144       1.0276475
       6548.3318       1.0301650
       6548.3492       1.0323541
       6548.3666       1.0342018
       6548.3840       1.0357260
       6548.4014       1.0369677
       6548.4188       1.0379798
       6548.4362       1.0388179
       6548.4536       1.0395352
       6548.4711       1.0401806
       6548.4885       1.0407987
       6548.5059       1.0414276
       6548.5233       1.0420908
       6548.5407       1.0427854
       6548.5581       1.0434715
       6548.5755       1.0440703
       6548.5929       1.0444756
       6548.6103       1.0445796
       6548.6277       1.0443063
       6548.6452       1.0436407
       6548.6626       1.0426464
       6548.6800       1.0414642
       6548.6974       1.0402922
       6548.7148       1.0393539
       6548.7322       1.0388586
       6548.7496       1.0389636
       6548.7670       1.0397432
       6548.7844       1.0411713
       6548.8018       1.0431216
       6548.8193       1.0453854
       6548.8367       1.0477075
       6548.8541       1.0498298
       6548.8715       1.0515355
       6548.8889       1.0526788
       6548.9063       1.0531943
       6548.9237       1.0530824
       6548.9411       1.0523833
       6548.9585       1.0511529
       6548.9759       1.0494533
       6548.9934       1.0473711
       6549.0108       1.0450324
       6549.0282       1.0426197
       6549.0456       1.0403667
       6549.0630       1.0385285
       6549.0804       1.0373337
       6549.0978       1.0369340
       6549.1152       1.0373663
       6549.1326       1.0385410
       6549.1501       1.0402573
       6549.1675       1.0422438
       6549.1849       1.0442078
       6549.2023       1.0458829
       6549.2197       1.0470625
       6549.2371       1.0476181
       6549.2545       1.0475055
       6549.2719       1.0467639
       6549.2893       1.0455100
       6549.3067       1.0439253
       6549.3242       1.0422335
       6549.3416       1.0406690
       6549.3590       1.0394408
       6549.3764       1.0387012
       6549.3938       1.0385264
       6549.4112       1.0389109
       6549.4286       1.0397751
       6549.4460       1.0409806
       6549.4634       1.0423501
       6549.4808       1.0436909
       6549.4983       1.0448193
       6549.5157       1.0455861
       6549.5331       1.0459005
       6549.5505       1.0457500
       6549.5679       1.0452122
       6549.5853       1.0444513
       6549.6027       1.0436929
       6549.6201       1.0431776
       6549.6375       1.0430962
       6549.6549       1.0435263
       6549.6724       1.0444049
       6549.6898       1.0455358
       6549.7072       1.0466378
       6549.7246       1.0474161
       6549.7420       1.0476338
       6549.7594       1.0471637
       6549.7768       1.0460048
       6549.7942       1.0442664
       6549.8116       1.0421257
       6549.8290       1.0397776
       6549.8465       1.0373914
       6549.8639       1.0350872
       6549.8813       1.0329341
       6549.8987       1.0309647
       6549.9161       1.0291961
       6549.9335       1.0276493
       6549.9509       1.0263626
       6549.9683       1.0253985
       6549.9857       1.0248435
       6550.0031       1.0247967
       6550.0206       1.0253445
       6550.0380       1.0265221
       6550.0554       1.0282722
       6550.0728       1.0304206
       6550.0902       1.0326850
       6550.1076       1.0347276
       6550.1250       1.0362376
       6550.1424       1.0370190
       6550.1598       1.0370502
       6550.1772       1.0364940
       6550.1947       1.0356524
       6550.2121       1.0348842
       6550.2295       1.0345104
       6550.2469       1.0347376
       6550.2643       1.0356164
       6550.2817       1.0370441
       6550.2991       1.0387947
       6550.3165       1.0405981
       6550.3339       1.0422063
       6550.3513       1.0434519
       6550.3688       1.0442748
       6550.3862       1.0447146
       6550.4036       1.0448727
       6550.4210       1.0448641
       6550.4384       1.0447760
       6550.4558       1.0446486
       6550.4732       1.0444777
       6550.4906       1.0442357
       6550.5080       1.0438994
       6550.5254       1.0434765
       6550.5429       1.0430209
       6550.5603       1.0426322
       6550.5777       1.0424392
       6550.5951       1.0425720
       6550.6125       1.0431347
       6550.6299       1.0441856
       6550.6473       1.0457262
       6550.6647       1.0476966
       6550.6821       1.0499734
       6550.6995       1.0523736
       6550.7170       1.0546721
       6550.7344       1.0566392
       6550.7518       1.0580930
       6550.7692       1.0589472
       6550.7866       1.0592342
       6550.8040       1.0590894
       6550.8214       1.0587010
       6550.8388       1.0582476
       6550.8562       1.0578486
       6550.8737       1.0575470
       6550.8911       1.0573267
       6550.9085       1.0571490
       6550.9259       1.0569875
       6550.9433       1.0568443
       6550.9607       1.0567451
       6550.9781       1.0567201
       6550.9955       1.0567886
       6551.0129       1.0569525
       6551.0303       1.0572004
       6551.0478       1.0575161
       6551.0652       1.0578845
       6551.0826       1.0582910
       6551.1000       1.0587185
       6551.1174       1.0591420
       6551.1348       1.0595255
       6551.1522       1.0598235
       6551.1696       1.0599888
       6551.1870       1.0599877
       6551.2044       1.0598204
       6551.2219       1.0595378
       6551.2393       1.0592458
       6551.2567       1.0590889
       6551.2741       1.0592143
       6551.2915       1.0597265
       6551.3089       1.0606455
       6551.3263       1.0618841
       6551.3437       1.0632512
       6551.3611       1.0644841
       6551.3785       1.0653036
       6551.3960       1.0654795
       6551.4134       1.0648886
       6551.4308       1.0635498
       6551.4482       1.0616240
       6551.4656       1.0593817
       6551.4830       1.0571465
       6551.5004       1.0552345
       6551.5178       1.0539003
       6551.5352       1.0533003
       6551.5526       1.0534736
       6551.5701       1.0543411
       6551.5875       1.0557217
       6551.6049       1.0573639
       6551.6223       1.0590102
       6551.6397       1.0604515
       6551.6571       1.0615749
       6551.6745       1.0623808
       6551.6919       1.0629641
       6551.7093       1.0634642
       6551.7267       1.0640066
       6551.7442       1.0646579
       6551.7616       1.0654117
       6551.7790       1.0662043
       6551.7964       1.0669480
       6551.8138       1.0675632
       6551.8312       1.0679980
       6551.8486       1.0682317
       6551.8660       1.0682641
       6551.8834       1.0680962
       6551.9008       1.0677052
       6551.9183       1.0670211
       6551.9357       1.0659139
       6551.9531       1.0642045
       6551.9705       1.0617031
       6551.9879       1.0582702
       6552.0053       1.0538818
       6552.0227       1.0486733
       6552.0401       1.0429459
       6552.0575       1.0371299
       6552.0749       1.0317161
       6552.0924       1.0271776
       6552.1098       1.0239015
       6552.1272       1.0221443
       6552.1446       1.0220116
       6552.1620       1.0234587
       6552.1794       1.0263053
       6552.1968       1.0302599
       6552.2142       1.0349509
       6552.2316       1.0399633
       6552.2490       1.0448778
       6552.2665       1.0493267
       6552.2839       1.0530378
       6552.3013       1.0558719
       6552.3187       1.0578365
       6552.3361       1.0590662
       6552.3535       1.0597701
       6552.3709       1.0601671
       6552.3883       1.0604348
       6552.4057       1.0606904
       6552.4232       1.0610038
       6552.4406       1.0614241
       6552.4580       1.0619990
       6552.4754       1.0627781
       6552.4928       1.0638064
       6552.5102       1.0651191
       6552.5276       1.0667445
       6552.5450       1.0687040
       6552.5624       1.0709997
       6552.5798       1.0735872
       6552.5973       1.0763457
       6552.6147       1.0790706
       6552.6321       1.0815038
       6552.6495       1.0833971
       6552.6669       1.0845853
       6552.6843       1.0850377
       6552.7017       1.0848670
       6552.7191       1.0842933
       6552.7365       1.0835798
       6552.7539       1.0829655
       6552.7714       1.0826173
       6552.7888       1.0826117
       6552.8062       1.0829429
       6552.8236       1.0835468
       6552.8410       1.0843281
       6552.8584       1.0851808
       6552.8758       1.0859998
       6552.8932       1.0866855
       6552.9106       1.0871515
       6552.9280       1.0873374
       6552.9455       1.0872286
       6552.9629       1.0868762
       6552.9803       1.0864024
       6552.9977       1.0859789
       6553.0151       1.0857740
       6553.0325       1.0858843
       6553.0499       1.0862763
       6553.0673       1.0867683
       6553.0847       1.0870662
       6553.1021       1.0868443
       6553.1196       1.0858448
       6553.1370       1.0839581
       6553.1544       1.0812593
       6553.1718       1.0779898
       6553.1892       1.0744949
       6553.2066       1.0711395
       6553.2240       1.0682289
       6553.2414       1.0659554
       6553.2588       1.0643834
       6553.2762       1.0634717
       6553.2937       1.0631213
       6553.3111       1.0632296
       6553.3285       1.0637346
       6553.3459       1.0646352
       6553.3633       1.0659805
       6553.3807       1.0678298
       6553.3981       1.0701954
       6553.4155       1.0729905
       6553.4329       1.0760089
       6553.4503       1.0789563
       6553.4678       1.0815304
       6553.4852       1.0835183
       6553.5026       1.0848700
       6553.5200       1.0857094
       6553.5374       1.0862763
       6553.5548       1.0868272
       6553.5722       1.0875270
       6553.5896       1.0883970
       6553.6070       1.0893231
       6553.6244       1.0901170
       6553.6419       1.0905980
       6553.6593       1.0906649
       6553.6767       1.0903309
       6553.6941       1.0897174
       6553.7115       1.0890160
       6553.7289       1.0884372
       6553.7463       1.0881611
       6553.7637       1.0883018
       6553.7811       1.0888895
       6553.7985       1.0898700
       6553.8160       1.0911232
       6553.8334       1.0924947
       6553.8508       1.0938324
       6553.8682       1.0950148
       6553.8856       1.0959606
       6553.9030       1.0966179
       6553.9204       1.0969420
       6553.9378       1.0968782
       6553.9552       1.0963616
       6553.9727       1.0953411
       6553.9901       1.0938163
       6554.0075       1.0918728
       6554.0249       1.0896956
       6554.0423       1.0875523
       6554.0597       1.0857452
       6554.0771       1.0845472
       6554.0945       1.0841393
       6554.1119       1.0845722
       6554.1293       1.0857604
       6554.1468       1.0875113
       6554.1642       1.0895748
       6554.1816       1.0916953
       6554.1990       1.0936504
       6554.2164       1.0952749
       6554.2338       1.0964646
       6554.2512       1.0971761
       6554.2686       1.0974283
       6554.2860       1.0973024
       6554.3034       1.0969348
       6554.3209       1.0964945
       6554.3383       1.0961470
       6554.3557       1.0960122
       6554.3731       1.0961336
       6554.3905       1.0964725
       6554.4079       1.0969343
       6554.4253       1.0974162
       6554.4427       1.0978568
       6554.4601       1.0982631
       6554.4775       1.0986997
       6554.4950       1.0992478
       6554.5124       1.0999550
       6554.5298       1.1008054
       6554.5472       1.1017270
       6554.5646       1.1026323
       6554.5820       1.1034708
       6554.5994       1.1042645
       6554.6168       1.1051090
       6554.6342       1.1061429
       6554.6516       1.1075024
       6554.6691       1.1092829
       6554.6865       1.1115227
       6554.7039       1.1142085
       6554.7213       1.1172913
       6554.7387       1.1207031
       6554.7561       1.1243656
       6554.7735       1.1281945
       6554.7909       1.1321019
       6554.8083       1.1360027
       6554.8257       1.1398212
       6554.8432       1.1434956
       6554.8606       1.1469770
       6554.8780       1.1502209
       6554.8954       1.1531771
       6554.9128       1.1557850
       6554.9302       1.1579792
       6554.9476       1.1597082
       6554.9650       1.1609581
       6554.9824       1.1617685
       6554.9998       1.1622263
       6555.0173       1.1624308
       6555.0347       1.1624412
       6555.0521       1.1622270
       6555.0695       1.1616450
       6555.0869       1.1604561
       6555.1043       1.1583795
       6555.1217       1.1551687
       6555.1391       1.1506885
       6555.1565       1.1449745
       6555.1739       1.1382590
       6555.1914       1.1309548
       6555.2088       1.1235975
       6555.2262       1.1167531
       6555.2436       1.1109122
       6555.2610       1.1063952
       6555.2784       1.1032947
       6555.2958       1.1014708
       6555.3132       1.1006016
       6555.3306       1.1002734
       6555.3480       1.1000821
       6555.3655       1.0997154
       6555.3829       1.0989946
       6555.4003       1.0978735
       6555.4177       1.0964061
       6555.4351       1.0947081
       6555.4525       1.0929264
       6555.4699       1.0912215
       6555.4873       1.0897555
       6555.5047       1.0886723
       6555.5222       1.0880657
       6555.5396       1.0879537
       6555.5570       1.0882659
       6555.5744       1.0888586
       6555.5918       1.0895582
       6555.6092       1.0902172
       6555.6266       1.0907604
       6555.6440       1.0911987
       6555.6614       1.0916083
       6555.6788       1.0920848
       6555.6963       1.0926971
       6555.7137       1.0934633
       6555.7311       1.0943559
       6555.7485       1.0953284
       6555.7659       1.0963465
       6555.7833       1.0974053
       6555.8007       1.0985270
       6555.8181       1.0997404
       6555.8355       1.1010548
       6555.8529       1.1024402
       6555.8704       1.1038234
       6555.8878       1.1051058
       6555.9052       1.1061965
       6555.9226       1.1070517
       6555.9400       1.1076994
       6555.9574       1.1082366
       6555.9748       1.1087942
       6555.9922       1.1094834
       6556.0096       1.1103498
       6556.0270       1.1113593
       6556.0445       1.1124222
       6556.0619       1.1134438
       6556.0793       1.1143710
       6556.0967       1.1152113
       6556.1141       1.1160162
       6556.1315       1.1168416
       6556.1489       1.1177096
       6556.1663       1.1185909
       6556.1837       1.1194168
       6556.2011       1.1201113
       6556.2186       1.1206272
       6556.2360       1.1209743
       6556.2534       1.1212292
       6556.2708       1.1215222
       6556.2882       1.1220032
       6556.3056       1.1227954
       6556.3230       1.1239496
       6556.3404       1.1254147
       6556.3578       1.1270345
       6556.3752       1.1285723
       6556.3927       1.1297566
       6556.4101       1.1303369
       6556.4275       1.1301346
       6556.4449       1.1290764
       6556.4623       1.1272019
       6556.4797       1.1246447
       6556.4971       1.1215952
       6556.5145       1.1182604
       6556.5319       1.1148313
       6556.5493       1.1114664
       6556.5668       1.1082868
       6556.5842       1.1053805
       6556.6016       1.1028113
       6556.6190       1.1006281
       6556.6364       1.0988726
       6556.6538       1.0975811
       6556.6712       1.0967796
       6556.6886       1.0964761
       6556.7060       1.0966599
       6556.7234       1.0973098
       6556.7409       1.0984111
       6556.7583       1.0999686
       6556.7757       1.1020013
       6556.7931       1.1045160
       6556.8105       1.1074569
       6556.8279       1.1106704
       6556.8453       1.1138982
       6556.8627       1.1168088
       6556.8801       1.1190656
       6556.8975       1.1204086
       6556.9150       1.1207233
       6556.9324       1.1200760
       6556.9498       1.1187056
       6556.9672       1.1169744
       6556.9846       1.1152885
       6557.0020       1.1140072
       6557.0194       1.1133627
       6557.0368       1.1134161
       6557.0542       1.1140611
       6557.0717       1.1150758
       6557.0891       1.1162037
       6557.1065       1.1172356
       6557.1239       1.1180664
       6557.1413       1.1187117
       6557.1587       1.1192859
       6557.1761       1.1199527
       6557.1935       1.1208674
       6557.2109       1.1221258
       6557.2283       1.1237318
       6557.2458       1.1255926
       6557.2632       1.1275416
       6557.2806       1.1293860
       6557.2980       1.1309661
       6557.3154       1.1322047
       6557.3328       1.1331257
       6557.3502       1.1338289
       6557.3676       1.1344268
       6557.3850       1.1349686
       6557.4024       1.1353881
       6557.4199       1.1355017
       6557.4373       1.1350630
       6557.4547       1.1338517
       6557.4721       1.1317787
       6557.4895       1.1289273
       6557.5069       1.1255515
       6557.5243       1.1220189
       6557.5417       1.1187240
       6557.5591       1.1160025
       6557.5765       1.1140731
       6557.5940       1.1130197
       6557.6114       1.1128088
       6557.6288       1.1133300
       6557.6462       1.1144374
       6557.6636       1.1159789
       6557.6810       1.1178104
       6557.6984       1.1198027
       6557.7158       1.1218500
       6557.7332       1.1238845
       6557.7506       1.1258902
       6557.7681       1.1279025
       6557.7855       1.1299861
       6557.8029       1.1321934
       6557.8203       1.1345228
       6557.8377       1.1368958
       6557.8551       1.1391670
       6557.8725       1.1411630
       6557.8899       1.1427325
       6557.9073       1.1437881
       6557.9247       1.1443242
       6557.9422       1.1444138
       6557.9596       1.1441889
       6557.9770       1.1438161
       6557.9944       1.1434720
       6558.0118       1.1433167
       6558.0292       1.1434686
       6558.0466       1.1439796
       6558.0640       1.1448201
       6558.0814       1.1458815
       6558.0988       1.1469984
       6558.1163       1.1479917
       6558.1337       1.1487216
       6558.1511       1.1491256
       6558.1685       1.1492328
       6558.1859       1.1491477
       6558.2033       1.1490100
       6558.2207       1.1489496
       6558.2381       1.1490566
       6558.2555       1.1493772
       6558.2729       1.1499310
       6558.2904       1.1507363
       6558.3078       1.1518212
       6558.3252       1.1532138
       6558.3426       1.1549125
       6558.3600       1.1568540
       6558.3774       1.1588966
       6558.3948       1.1608323
       6558.4122       1.1624241
       6558.4296       1.1634572
       6558.4470       1.1637864
       6558.4645       1.1633663
       6558.4819       1.1622569
       6558.4993       1.1606090
       6558.5167       1.1586351
       6558.5341       1.1565759
       6558.5515       1.1546694
       6558.5689       1.1531265
       6558.5863       1.1521117
       6558.6037       1.1517265
       6558.6212       1.1519946
       6558.6386       1.1528524
       6558.6560       1.1541535
       6558.6734       1.1556947
       6558.6908       1.1572626
       6558.7082       1.1586894
       6558.7256       1.1598978
       6558.7430       1.1609163
       6558.7604       1.1618623
       6558.7778       1.1628958
       6558.7953       1.1641646
       6558.8127       1.1657692
       6558.8301       1.1677527
       6558.8475       1.1701110
       6558.8649       1.1728132
       6558.8823       1.1758193
       6558.8997       1.1790888
       6558.9171       1.1825818
       6558.9345       1.1862540
       6558.9519       1.1900481
       6558.9694       1.1938833
       6558.9868       1.1976450
       6559.0042       1.2011836
       6559.0216       1.2043277
       6559.0390       1.2069156
       6559.0564       1.2088318
       6559.0738       1.2100358
       6559.0912       1.2105658
       6559.1086       1.2105182
       6559.1260       1.2100108
       6559.1435       1.2091474
       6559.1609       1.2079949
       6559.1783       1.2065772
       6559.1957       1.2048817
       6559.2131       1.2028741
       6559.2305       1.2005197
       6559.2479       1.1978049
       6559.2653       1.1947565
       6559.2827       1.1914475
       6559.3001       1.1879854
       6559.3176       1.1844829
       6559.3350       1.1810231
       6559.3524       1.1776350
       6559.3698       1.1742935
       6559.3872       1.1709493
       6559.4046       1.1675761
       6559.4220       1.1642211
       6559.4394       1.1610214
       6559.4568       1.1581843
       6559.4742       1.1559299
       6559.4917       1.1544196
       6559.5091       1.1536965
       6559.5265       1.1536657
       6559.5439       1.1541207
       6559.5613       1.1548069
       6559.5787       1.1554987
       6559.5961       1.1560630
       6559.6135       1.1564906
       6559.6309       1.1568878
       6559.6483       1.1574346
       6559.6658       1.1583257
       6559.6832       1.1597174
       6559.7006       1.1616969
       6559.7180       1.1642821
       6559.7354       1.1674419
       6559.7528       1.1711219
       6559.7702       1.1752563
       6559.7876       1.1797619
       6559.8050       1.1845194
       6559.8224       1.1893625
       6559.8399       1.1940885
       6559.8573       1.1984965
       6559.8747       1.2024420
       6559.8921       1.2058852
       6559.9095       1.2089071
       6559.9269       1.2116828
       6559.9443       1.2144178
       6559.9617       1.2172737
       6559.9791       1.2203121
       6559.9965       1.2234780
       6560.0140       1.2266230
       6560.0314       1.2295537
       6560.0488       1.2320835
       6560.0662       1.2340798
       6560.0836       1.2354972
       6560.1010       1.2363859
       6560.1184       1.2368886
       6560.1358       1.2372163
       6560.1532       1.2376089
       6560.1706       1.2382894
       6560.1881       1.2394235
       6560.2055       1.2410941
       6560.2229       1.2432923
       6560.2403       1.2459224
       6560.2577       1.2488165
       6560.2751       1.2517561
       6560.2925       1.2545014
       6560.3099       1.2568241
       6560.3273       1.2585396
       6560.3448       1.2595337
       6560.3622       1.2597780
       6560.3796       1.2593347
       6560.3970       1.2583481
       6560.4144       1.2570263
       6560.4318       1.2556165
       6560.4492       1.2543769
       6560.4666       1.2535529
       6560.4840       1.2533554
       6560.5014       1.2539397
       6560.5189       1.2553820
       6560.5363       1.2576560
       6560.5537       1.2606222
       6560.5711       1.2640428
       6560.5885       1.2676263
       6560.6059       1.2710936
       6560.6233       1.2742408
       6560.6407       1.2769790
       6560.6581       1.2793405
       6560.6755       1.2814561
       6560.6930       1.2835199
       6560.7104       1.2857523
       6560.7278       1.2883582
       6560.7452       1.2914925
       6560.7626       1.2952300
       6560.7800       1.2995478
       6560.7974       1.3043291
       6560.8148       1.3093907
       6560.8322       1.3145224
       6560.8496       1.3195239
       6560.8671       1.3242288
       6560.8845       1.3285174
       6560.9019       1.3323266
       6560.9193       1.3356662
       6560.9367       1.3386360
       6560.9541       1.3414311
       6560.9715       1.3443212
       6560.9889       1.3476016
       6561.0063       1.3515286
       6561.0237       1.3562604
       6561.0412       1.3618274
       6561.0586       1.3681381
       6561.0760       1.3750205
       6561.0934       1.3822816
       6561.1108       1.3897690
       6561.1282       1.3974149
       6561.1456       1.4052547
       6561.1630       1.4134147
       6561.1804       1.4220746
       6561.1978       1.4314150
       6561.2153       1.4415658
       6561.2327       1.4525707
       6561.2501       1.4643785
       6561.2675       1.4768623
       6561.2849       1.4898552
       6561.3023       1.5031889
       6561.3197       1.5167205
       6561.3371       1.5303441
       6561.3545       1.5439921
       6561.3719       1.5576424
       6561.3894       1.5713313
       6561.4068       1.5851712
       6561.4242       1.5993645
       6561.4416       1.6141977
       6561.4590       1.6300091
       6561.4764       1.6471356
       6561.4938       1.6658506
       6561.5112       1.6863114
       6561.5286       1.7085262
       6561.5460       1.7323469
       6561.5635       1.7574821
       6561.5809       1.7835283
       6561.5983       1.8100118
       6561.6157       1.8364410
       6561.6331       1.8623635
       6561.6505       1.8874232
       6561.6679       1.9114068
       6561.6853       1.9342674
       6561.7027       1.9561202
       6561.7201       1.9772078
       6561.7376       1.9978435
       6561.7550       2.0183448
       6561.7724       2.0389710
       6561.7898       2.0598740
       6561.8072       2.0810711
       6561.8246       2.1024393
       6561.8420       2.1237316
       6561.8594       2.1446113
       6561.8768       2.1647003
       6561.8943       2.1836354
       6561.9117       2.2011259
       6561.9291       2.2170018
       6561.9465       2.2312415
       6561.9639       2.2439732
       6561.9813       2.2554478
       6561.9987       2.2659945
       6562.0161       2.2759728
       6562.0335       2.2857283
       6562.0509       2.2955542
       6562.0684       2.3056670
       6562.0858       2.3161843
       6562.1032       2.3271092
       6562.1206       2.3383308
       6562.1380       2.3496484
       6562.1554       2.3608172
       6562.1728       2.3716084
       6562.1902       2.3818676
       6562.2076       2.3915592
       6562.2250       2.4007859
       6562.2425       2.4097780
       6562.2599       2.4188502
       6562.2773       2.4283313
       6562.2947       2.4384818
       6562.3121       2.4494242
       6562.3295       2.4611124
       6562.3469       2.4733552
       6562.3643       2.4858898
       6562.3817       2.4984762
       6562.3991       2.5109809
       6562.4166       2.5234198
       6562.4340       2.5359532
       6562.4514       2.5488387
       6562.4688       2.5623609
       6562.4862       2.5767540
       6562.5036       2.5921362
       6562.5210       2.6084716
       6562.5384       2.6255716
       6562.5558       2.6431342
       6562.5732       2.6608059
       6562.5907       2.6782406
       6562.6081       2.6951302
       6562.6255       2.7112026
       6562.6429       2.7261997
       6562.6603       2.7398536
       6562.6777       2.7519013
       6562.6951       2.7621105
       6562.7125       2.7703105
       6562.7299       2.7764180
       6562.7473       2.7804342
       6562.7648       2.7824121
       6562.7822       2.7824057
       6562.7996       2.7804181
       6562.8170       2.7763632
       6562.8344       2.7700548
       6562.8518       2.7612265
       6562.8692       2.7495821
       6562.8866       2.7348684
       6562.9040       2.7169571
       6562.9214       2.6959144
       6562.9389       2.6720338
       6562.9563       2.6458169
       6562.9737       2.6178990
       6562.9911       2.5889408
       6563.0085       2.5595229
       6563.0259       2.5300767
       6563.0433       2.5008735
       6563.0607       2.4720605
       6563.0781       2.4437175
       6563.0955       2.4159028
       6563.1130       2.3886711
       6563.1304       2.3620674
       6563.1478       2.3361104
       6563.1652       2.3107849
       6563.1826       2.2860482
       6563.2000       2.2618510
       6563.2174       2.2381665
       6563.2348       2.2150206
       6563.2522       2.1925145
       6563.2696       2.1708305
       6563.2871       2.1502082
       6563.3045       2.1308930
       6563.3219       2.1130618
       6563.3393       2.0967335
       6563.3567       2.0817485
       6563.3741       2.0677783
       6563.3915       2.0543936
       6563.4089       2.0411646
       6563.4263       2.0277603
       6563.4438       2.0140199
       6563.4612       1.9999766
       6563.4786       1.9858351
       6563.4960       1.9719135
       6563.5134       1.9585663
       6563.5308       1.9461057
       6563.5482       1.9347351
       6563.5656       1.9245059
       6563.5830       1.9153092
       6563.6004       1.9069061
       6563.6179       1.8989947
       6563.6353       1.8912953
       6563.6527       1.8836281
       6563.6701       1.8759523
       6563.6875       1.8683528
       6563.7049       1.8609805
       6563.7223       1.8539747
       6563.7397       1.8474031
       6563.7571       1.8412437
       6563.7745       1.8354094
       6563.7920       1.8297927
       6563.8094       1.8243014
       6563.8268       1.8188605
       6563.8442       1.8133827
       6563.8616       1.8077259
       6563.8790       1.8016675
       6563.8964       1.7949172
       6563.9138       1.7871667
       6563.9312       1.7781605
       6563.9486       1.7677556
       6563.9661       1.7559415
       6563.9835       1.7428494
       6564.0009       1.7286914
       6564.0183       1.7137090
       6564.0357       1.6981340
       6564.0531       1.6821657
       6564.0705       1.6659660
       6564.0879       1.6496665
       6564.1053       1.6333779
       6564.1227       1.6171979
       6564.1402       1.6012112
       6564.1576       1.5854825
       6564.1750       1.5700406
       6564.1924       1.5548602
       6564.2098       1.5398490
       6564.2272       1.5248549
       6564.2446       1.5096978
       6564.2620       1.4942250
       6564.2794       1.4783735
       6564.2968       1.4622141
       6564.3143       1.4459595
       6564.3317       1.4299291
       6564.3491       1.4144813
       6564.3665       1.3999380
       6564.3839       1.3865248
       6564.4013       1.3743423
       6564.4187       1.3633699
       6564.4361       1.3534912
       6564.4535       1.3445309
       6564.4709       1.3362939
       6564.4884       1.3286004
       6564.5058       1.3213144
       6564.5232       1.3143577
       6564.5406       1.3077058
       6564.5580       1.3013657
       6564.5754       1.2953440
       6564.5928       1.2896216
       6564.6102       1.2841473
       6564.6276       1.2788544
       6564.6450       1.2736919
       6564.6625       1.2686528
       6564.6799       1.2637767
       6564.6973       1.2591294
       6564.7147       1.2547673
       6564.7321       1.2507088
       6564.7495       1.2469277
       6564.7669       1.2433729
       6564.7843       1.2400021
       6564.8017       1.2368126
       6564.8191       1.2338550
       6564.8366       1.2312239
       6564.8540       1.2290303
       6564.8714       1.2273642
       6564.8888       1.2262567
       6564.9062       1.2256559
       6564.9236       1.2254232
       6564.9410       1.2253549
       6564.9584       1.2252203
       6564.9758       1.2248022
       6564.9933       1.2239259
       6565.0107       1.2224719
       6565.0281       1.2203784
       6565.0455       1.2176480
       6565.0629       1.2143627
       6565.0803       1.2107036
       6565.0977       1.2069578
       6565.1151       1.2034937
       6565.1325       1.2006970
       6565.1499       1.1988799
       6565.1674       1.1981929
       6565.1848       1.1985749
       6565.2022       1.1997658
       6565.2196       1.2013799
       6565.2370       1.2030139
       6565.2544       1.2043456
       6565.2718       1.2051877
       6565.2892       1.2054982
       6565.3066       1.2053260
       6565.3240       1.2047504
       6565.3415       1.2038327
       6565.3589       1.2025958
       6565.3763       1.2010317
       6565.3937       1.1991238
       6565.4111       1.1968687
       6565.4285       1.1942903
       6565.4459       1.1914445
       6565.4633       1.1884219
       6565.4807       1.1853501
       6565.4981       1.1823913
       6565.5156       1.1797302
       6565.5330       1.1775452
       6565.5504       1.1759696
       6565.5678       1.1750509
       6565.5852       1.1747243
       6565.6026       1.1748121
       6565.6200       1.1750527
       6565.6374       1.1751551
       6565.6548       1.1748662
       6565.6722       1.1740316
       6565.6897       1.1726344
       6565.7071       1.1708026
       6565.7245       1.1687823
       6565.7419       1.1668885
       6565.7593       1.1654412
       6565.7767       1.1647040
       6565.7941       1.1648343
       6565.8115       1.1658591
       6565.8289       1.1676803
       6565.8463       1.1701078
       6565.8638       1.1729063
       6565.8812       1.1758373
       6565.8986       1.1786833
       6565.9160       1.1812478
       6565.9334       1.1833476
       6565.9508       1.1848125
       6565.9682       1.1854916
       6565.9856       1.1852818
       6566.0030       1.1841615
       6566.0204       1.1822170
       6566.0379       1.1796494
       6566.0553       1.1767546
       6566.0727       1.1738735
       6566.0901       1.1713244
       6566.1075       1.1693340
       6566.1249       1.1679913
       6566.1423       1.1672412
       6566.1597       1.1669194
       6566.1771       1.1668130
       6566.1945       1.1667193
       6566.2120       1.1664824
       6566.2294       1.1660001
       6566.2468       1.1652145
       6566.2642       1.1641063
       6566.2816       1.1627025
       6566.2990       1.1610964
       6566.3164       1.1594595
       6566.3338       1.1580299
       6566.3512       1.1570684
       6566.3686       1.1567947
       6566.3861       1.1573227
       6566.4035       1.1586198
       6566.4209       1.1605031
       6566.4383       1.1626732
       6566.4557       1.1647746
       6566.4731       1.1664678
       6566.4905       1.1674960
       6566.5079       1.1677307
       6566.5253       1.1671871
       6566.5428       1.1660055
       6566.5602       1.1644026
       6566.5776       1.1626111
       6566.5950       1.1608248
       6566.6124       1.1591630
       6566.6298       1.1576714
       6566.6472       1.1563447
       6566.6646       1.1551573
       6566.6820       1.1540898
       6566.6994       1.1531413
       6566.7169       1.1523287
       6566.7343       1.1516747
       6566.7517       1.1511918
       6566.7691       1.1508665
       6566.7865       1.1506478
       6566.8039       1.1504449
       6566.8213       1.1501362
       6566.8387       1.1495894
       6566.8561       1.1486879
       6566.8735       1.1473589
       6566.8910       1.1455969
       6566.9084       1.1434763
       6566.9258       1.1411508
       6566.9432       1.1388395
       6566.9606       1.1367989
       6566.9780       1.1352851
       6566.9954       1.1345091
       6567.0128       1.1345936
       6567.0302       1.1355384
       6567.0476       1.1372042
       6567.0651       1.1393226
       6567.0825       1.1415316
       6567.0999       1.1434340
       6567.1173       1.1446664
       6567.1347       1.1449675
       6567.1521       1.1442313
       6567.1695       1.1425333
       6567.1869       1.1401193
       6567.2043       1.1373546
       6567.2217       1.1346429
       6567.2392       1.1323330
       6567.2566       1.1306387
       6567.2740       1.1296131
       6567.2914       1.1291701
       6567.3088       1.1291438
       6567.3262       1.1293591
       6567.3436       1.1296881
       6567.3610       1.1300735
       6567.3784       1.1305218
       6567.3958       1.1310783
       6567.4133       1.1317973
       6567.4307       1.1327188
       6567.4481       1.1338514
       6567.4655       1.1351618
       6567.4829       1.1365704
       6567.5003       1.1379584
       6567.5177       1.1391881
       6567.5351       1.1401353
       6567.5525       1.1407232
       6567.5699       1.1409426
       6567.5874       1.1408490
       6567.6048       1.1405367
       6567.6222       1.1401019
       6567.6396       1.1396121
       6567.6570       1.1390937
       6567.6744       1.1385383
       6567.6918       1.1379172
       6567.7092       1.1371928
       6567.7266       1.1363216
       6567.7440       1.1352556
       6567.7615       1.1339523
       6567.7789       1.1323977
       6567.7963       1.1306360
       6567.8137       1.1287883
       6567.8311       1.1270443
       6567.8485       1.1256236
       6567.8659       1.1247192
       6567.8833       1.1244488
       6567.9007       1.1248196
       6567.9181       1.1257480
       6567.9356       1.1270848
       6567.9530       1.1286466
       6567.9704       1.1302368
       6567.9878       1.1316609
       6568.0052       1.1327443
       6568.0226       1.1333608
       6568.0400       1.1334643
       6568.0574       1.1331087
       6568.0748       1.1324406
       6568.0923       1.1316607
       6568.1097       1.1309675
       6568.1271       1.1305022
       6568.1445       1.1303159
       6568.1619       1.1303644
       6568.1793       1.1305304
       6568.1967       1.1306623
       6568.2141       1.1306208
       6568.2315       1.1303211
       6568.2489       1.1297633
       6568.2664       1.1290423
       6568.2838       1.1283341
       6568.3012       1.1278599
       6568.3186       1.1278349
       6568.3360       1.1284146
       6568.3534       1.1296524
       6568.3708       1.1314830
       6568.3882       1.1337403
       6568.4056       1.1362099
       6568.4230       1.1387029
       6568.4405       1.1411274
       6568.4579       1.1435303
       6568.4753       1.1460922
       6568.4927       1.1490753
       6568.5101       1.1527404
       6568.5275       1.1572654
       6568.5449       1.1626757
       6568.5623       1.1688272
       6568.5797       1.1754330
       6568.5971       1.1821192
       6568.6146       1.1884977
       6568.6320       1.1942364
       6568.6494       1.1991097
       6568.6668       1.2030176
       6568.6842       1.2059727
       6568.7016       1.2080629
       6568.7190       1.2094029
       6568.7364       1.2100916
       6568.7538       1.2101862
       6568.7712       1.2096979
       6568.7887       1.2086051
       6568.8061       1.2068743
       6568.8235       1.2044770
       6568.8409       1.2013953
       6568.8583       1.1976144
       6568.8757       1.1931096
       6568.8931       1.1878380
       6568.9105       1.1817465
       6568.9279       1.1747982
       6568.9453       1.1670119
       6568.9628       1.1584994
       6568.9802       1.1494852
       6568.9976       1.1402974
       6569.0150       1.1313267
       6569.0324       1.1229629
       6569.0498       1.1155246
       6569.0672       1.1092011
       6569.0846       1.1040199
       6569.1020       1.0998486
       6569.1194       1.0964302
       6569.1369       1.0934398
       6569.1543       1.0905498
       6569.1717       1.0874857
       6569.1891       1.0840648
       6569.2065       1.0802254
       6569.2239       1.0760206
       6569.2413       1.0716123
       6569.2587       1.0672490
       6569.2761       1.0632274
       6569.2935       1.0598397
       6569.3110       1.0573174
       6569.3284       1.0557884
       6569.3458       1.0552633
       6569.3632       1.0556528
       6569.3806       1.0568081
       6569.3980       1.0585640
       6569.4154       1.0607719
       6569.4328       1.0633163
       6569.4502       1.0661178
       6569.4676       1.0691309
       6569.4851       1.0723377
       6569.5025       1.0757388
       6569.5199       1.0793352
       6569.5373       1.0831060
       6569.5547       1.0869889
       6569.5721       1.0908752
       6569.5895       1.0946245
       6569.6069       1.0980951
       6569.6243       1.1011744
       6569.6417       1.1037954
       6569.6592       1.1059306
       6569.6766       1.1075712
       6569.6940       1.1087056
       6569.7114       1.1093144
       6569.7288       1.1093881
       6569.7462       1.1089585
       6569.7636       1.1081252
       6569.7810       1.1070598
       6569.7984       1.1059763
       6569.8159       1.1050748
       6569.8333       1.1044784
       6569.8507       1.1041808
       6569.8681       1.1040448
       6569.8855       1.1038483
       6569.9029       1.1033664
       6569.9203       1.1024617
       6569.9377       1.1011455
       6569.9551       1.0995842
       6569.9725       1.0980496
       6569.9900       1.0968339
       6570.0074       1.0961617
       6570.0248       1.0961300
       6570.0422       1.0966918
       6570.0596       1.0976794
       6570.0770       1.0988561
       6570.0944       1.0999736
       6570.1118       1.1008223
       6570.1292       1.1012612
       6570.1466       1.1012275
       6570.1641       1.1007296
       6570.1815       1.0998324
       6570.1989       1.0986437
       6570.2163       1.0973071
       6570.2337       1.0959968
       6570.2511       1.0949063
       6570.2685       1.0942233
       6570.2859       1.0940889
       6570.3033       1.0945545
       6570.3207       1.0955537
       6570.3382       1.0969085
       6570.3556       1.0983723
       6570.3730       1.0996963
       6570.3904       1.1006938
       6570.4078       1.1012778
       6570.4252       1.1014603
       6570.4426       1.1013183
       6570.4600       1.1009439
       6570.4774       1.1004001
       6570.4948       1.0996992
       6570.5123       1.0988115
       6570.5297       1.0976952
       6570.5471       1.0963367
       6570.5645       1.0947793
       6570.5819       1.0931288
       6570.5993       1.0915320
       6570.6167       1.0901374
       6570.6341       1.0890550
       6570.6515       1.0883298
       6570.6689       1.0879374
       6570.6864       1.0877976
       6570.7038       1.0878001
       6570.7212       1.0878320
       6570.7386       1.0878024
       6570.7560       1.0876596
       6570.7734       1.0873982
       6570.7908       1.0870552
       6570.8082       1.0866951
       6570.8256       1.0863916
       6570.8430       1.0862094
       6570.8605       1.0861917
       6570.8779       1.0863512
       6570.8953       1.0866652
       6570.9127       1.0870726
       6570.9301       1.0874800
       6570.9475       1.0877778
       6570.9649       1.0878675
       6570.9823       1.0876918
       6570.9997       1.0872547
       6571.0171       1.0866230
       6571.0346       1.0859088
       6571.0520       1.0852405
       6571.0694       1.0847356
       6571.0868       1.0844807
       6571.1042       1.0845219
       6571.1216       1.0848586
       6571.1390       1.0854379
       6571.1564       1.0861454
       6571.1738       1.0868185
       6571.1912       1.0872730
       6571.2087       1.0873503
       6571.2261       1.0869719
       6571.2435       1.0861775
       6571.2609       1.0851264
       6571.2783       1.0840551
       6571.2957       1.0832047
       6571.3131       1.0827406
       6571.3305       1.0826939
       6571.3479       1.0829417
       6571.3654       1.0832298
       6571.3828       1.0832282
       6571.4002       1.0826039
       6571.4176       1.0810944
       6571.4350       1.0785681
       6571.4524       1.0750575
       6571.4698       1.0707582
       6571.4872       1.0659892
       6571.5046       1.0611257
       6571.5220       1.0565241
       6571.5395       1.0524654
       6571.5569       1.0491353
       6571.5743       1.0466414
       6571.5917       1.0450476
       6571.6091       1.0444001
       6571.6265       1.0447265
       6571.6439       1.0460092
       6571.6613       1.0481534
       6571.6787       1.0509765
       6571.6961       1.0542297
       6571.7136       1.0576447
       6571.7310       1.0609829
       6571.7484       1.0640648
       6571.7658       1.0667722
       6571.7832       1.0690324
       6571.8006       1.0708071
       6571.8180       1.0720936
       6571.8354       1.0729333
       6571.8528       1.0734282
       6571.8702       1.0737416
       6571.8877       1.0740797
       6571.9051       1.0746498
       6571.9225       1.0756079
       6571.9399       1.0770090
       6571.9573       1.0787809
       6571.9747       1.0807343
       6571.9921       1.0826135
       6572.0095       1.0841717
       6572.0269       1.0852442
       6572.0443       1.0857909
       6572.0618       1.0858953
       6572.0792       1.0857261
       6572.0966       1.0854830
       6572.1140       1.0853508
       6572.1314       1.0854734
       6572.1488       1.0859477
       6572.1662       1.0868259
       6572.1836       1.0881157
       6572.2010       1.0897751
       6572.2184       1.0917062
       6572.2359       1.0937554
       6572.2533       1.0957283
       6572.2707       1.0974174
       6572.2881       1.0986404
       6572.3055       1.0992755
       6572.3229       1.0992862
       6572.3403       1.0987248
       6572.3577       1.0977132
       6572.3751       1.0964066
       6572.3925       1.0949519
       6572.4100       1.0934565
       6572.4274       1.0919786
       6572.4448       1.0905411
       6572.4622       1.0891518
       6572.4796       1.0878254
       6572.4970       1.0865823
       6572.5144       1.0854302
       6572.5318       1.0843433
       6572.5492       1.0832548
       6572.5666       1.0820725
       6572.5841       1.0807120
       6572.6015       1.0791306
       6572.6189       1.0773434
       6572.6363       1.0754145
       6572.6537       1.0734284
       6572.6711       1.0714576
       6572.6885       1.0695428
       6572.7059       1.0676906
       6572.7233       1.0658872
       6572.7407       1.0641163
       6572.7582       1.0623730
       6572.7756       1.0606651
       6572.7930       1.0590085
       6572.8104       1.0574192
       6572.8278       1.0559106
       6572.8452       1.0544970
       6572.8626       1.0532004
       6572.8800       1.0520568
       6572.8974       1.0511196
       6572.9149       1.0504576
       6572.9323       1.0501490
       6572.9497       1.0502712
       6572.9671       1.0508834
       6572.9845       1.0520066
       6573.0019       1.0536060
       6573.0193       1.0555859
       6573.0367       1.0578008
       6573.0541       1.0600819
       6573.0715       1.0622674
       6573.0890       1.0642259
       6573.1064       1.0658693
       6573.1238       1.0671511
       6573.1412       1.0680565
       6573.1586       1.0685965
       6573.1760       1.0688051
       6573.1934       1.0687392
       6573.2108       1.0684763
       6573.2282       1.0681067
       6573.2456       1.0677197
       6573.2631       1.0673853
       6573.2805       1.0671400
       6573.2979       1.0669790
       6573.3153       1.0668639
       6573.3327       1.0667431
       6573.3501       1.0665823
       6573.3675       1.0663914
       6573.3849       1.0662350
       6573.4023       1.0662152
       6573.4197       1.0664301
       6573.4372       1.0669234
       6573.4546       1.0676510
       6573.4720       1.0684828
       6573.4894       1.0692431
       6573.5068       1.0697722
       6573.5242       1.0699823
       6573.5416       1.0698837
       6573.5590       1.0695754
       6573.5764       1.0692059
       6573.5938       1.0689267
       6573.6113       1.0688525
       6573.6287       1.0690398
       6573.6461       1.0694847
       6573.6635       1.0701375
       6573.6809       1.0709269
       6573.6983       1.0717873
       6573.7157       1.0726777
       6573.7331       1.0735860
       6573.7505       1.0745145
       6573.7679       1.0754530
       6573.7854       1.0763555
       6573.8028       1.0771336
       6573.8202       1.0776695
       6573.8376       1.0778466
       6573.8550       1.0775816
       6573.8724       1.0768486
       6573.8898       1.0756882
       6573.9072       1.0742044
       6573.9246       1.0725541
       6573.9420       1.0709273
       6573.9595       1.0695170
       6573.9769       1.0684766
       6573.9943       1.0678741
       6574.0117       1.0676605
       6574.0291       1.0676721
       6574.0465       1.0676725
       6574.0639       1.0674213
       6574.0813       1.0667418
       6574.0987       1.0655599
       6574.1161       1.0639016
       6574.1336       1.0618578
       6574.1510       1.0595389
       6574.1684       1.0570424
       6574.1858       1.0544440
       6574.2032       1.0518100
       6574.2206       1.0492182
       6574.2380       1.0467738
       6574.2554       1.0446148
       6574.2728       1.0429057
       6574.2902       1.0418246
       6574.3077       1.0415483
       6574.3251       1.0422368
       6574.3425       1.0440163
       6574.3599       1.0469613
       6574.3773       1.0510755
       6574.3947       1.0562814
       6574.4121       1.0623976
       6574.4295       1.0691584
       6574.4469       1.0762405
       6574.4644       1.0833003
       6574.4818       1.0900173
       6574.4992       1.0961271
       6574.5166       1.1014326
       6574.5340       1.1057934
       6574.5514       1.1091049
       6574.5688       1.1112877
       6574.5862       1.1122966
       6574.6036       1.1121478
       6574.6210       1.1109437
       6574.6385       1.1088734
       6574.6559       1.1061758
       6574.6733       1.1030754
       6574.6907       1.0997173
       6574.7081       1.0961319
       6574.7255       1.0922501
       6574.7429       1.0879629
       6574.7603       1.0832016
       6574.7777       1.0780017
       6574.7951       1.0725252
       6574.8126       1.0670336
       6574.8300       1.0618279
       6574.8474       1.0571801
       6574.8648       1.0532796
       6574.8822       1.0502077
       6574.8996       1.0479356
       6574.9170       1.0463425
       6574.9344       1.0452437
       6574.9518       1.0444246
       6574.9692       1.0436774
       6574.9867       1.0428332
       6575.0041       1.0417846
       6575.0215       1.0404975
       6575.0389       1.0390114
       6575.0563       1.0374322
       6575.0737       1.0359129
       6575.0911       1.0346239
       6575.1085       1.0337183
       6575.1259       1.0332965
       6575.1433       1.0333851
       6575.1608       1.0339374
       6575.1782       1.0348542
       6575.1956       1.0360126
       6575.2130       1.0372887
       6575.2304       1.0385660
       6575.2478       1.0397338
       6575.2652       1.0406842
       6575.2826       1.0413174
       6575.3000       1.0415545
       6575.3174       1.0413524
       6575.3349       1.0407130
       6575.3523       1.0396858
       6575.3697       1.0383652
       6575.3871       1.0368868
       6575.4045       1.0354217
       6575.4219       1.0341652
       6575.4393       1.0333180
       6575.4567       1.0330602
       6575.4741       1.0335229
       6575.4915       1.0347624
       6575.5090       1.0367419
       6575.5264       1.0393270
       6575.5438       1.0422988
       6575.5612       1.0453866
       6575.5786       1.0483143
       6575.5960       1.0508470
       6575.6134       1.0528268
       6575.6308       1.0541874
       6575.6482       1.0549519
       6575.6656       1.0552170
       6575.6831       1.0551306
       6575.7005       1.0548612
       6575.7179       1.0545673
       6575.7353       1.0543632
       6575.7527       1.0543062
       6575.7701       1.0543991
       6575.7875       1.0546065
       6575.8049       1.0548732
       6575.8223       1.0551360
       6575.8397       1.0553308
       6575.8572       1.0553996
       6575.8746       1.0553038
       6575.8920       1.0550404
       6575.9094       1.0546508
       6575.9268       1.0542139
       6575.9442       1.0538239
       6575.9616       1.0535600
       6575.9790       1.0534642
       6575.9964       1.0535366
       6576.0139       1.0537477
       6576.0313       1.0540589
       6576.0487       1.0544377
       6576.0661       1.0548572
       6576.0835       1.0552798
       6576.1009       1.0556377
       6576.1183       1.0558263
       6576.1357       1.0557233
       6576.1531       1.0552307
       6576.1705       1.0543209
       6576.1880       1.0530622
       6576.2054       1.0516069
       6576.2228       1.0501441
       6576.2402       1.0488378
       6576.2576       1.0477755
       6576.2750       1.0469508
       6576.2924       1.0462838
       6576.3098       1.0456706
       6576.3272       1.0450386
       6576.3446       1.0443853
       6576.3621       1.0437831
       6576.3795       1.0433445
       6576.3969       1.0431659
       6576.4143       1.0432770
       6576.4317       1.0436180
       6576.4491       1.0440534
       6576.4665       1.0444147
       6576.4839       1.0445515
       6576.5013       1.0443714
       6576.5187       1.0438615
       6576.5362       1.0430897
       6576.5536       1.0421946
       6576.5710       1.0413654
       6576.5884       1.0408136
       6576.6058       1.0407336
       6576.6232       1.0412547
       6576.6406       1.0423936
       6576.6580       1.0440242
       6576.6754       1.0458821
       6576.6928       1.0476134
       6576.7103       1.0488617
       6576.7277       1.0493681
       6576.7451       1.0490495
       6576.7625       1.0480244
       6576.7799       1.0465758
       6576.7973       1.0450633
       6576.8147       1.0438175
       6576.8321       1.0430531
       6576.8495       1.0428275
       6576.8669       1.0430518
       6576.8844       1.0435414
       6576.9018       1.0440839
       6576.9192       1.0444988
       6576.9366       1.0446751
       6576.9540       1.0445796
       6576.9714       1.0442426
       6576.9888       1.0437306
       6577.0062       1.0431184
       6577.0236       1.0424715
       6577.0410       1.0418367
       6577.0585       1.0412471
       6577.0759       1.0407272
       6577.0933       1.0402928
       6577.1107       1.0399417
       6577.1281       1.0396391
       6577.1455       1.0393089
       6577.1629       1.0388432
       6577.1803       1.0381346
       6577.1977       1.0371250
       6577.2151       1.0358495
       6577.2326       1.0344526
       6577.2500       1.0331642
       6577.2674       1.0322374
       6577.2848       1.0318732
       6577.3022       1.0321617
       6577.3196       1.0330625
       6577.3370       1.0344287
       6577.3544       1.0360589
       6577.3718       1.0377544
       6577.3892       1.0393601
       6577.4067       1.0407792
       6577.4241       1.0419643
       6577.4415       1.0428947
       6577.4589       1.0435572
       6577.4763       1.0439403
       6577.4937       1.0440478
       6577.5111       1.0439213
       6577.5285       1.0436538
       6577.5459       1.0433786
       6577.5634       1.0432304
       6577.5808       1.0432964
       6577.5982       1.0435803
       6577.6156       1.0439996
       6577.6330       1.0444169
       6577.6504       1.0446880
       6577.6678       1.0447050
       6577.6852       1.0444177
       6577.7026       1.0438257
       6577.7200       1.0429674
       6577.7375       1.0419140
       6577.7549       1.0407781
       6577.7723       1.0397217
       6577.7897       1.0389461
       6577.8071       1.0386498
       6577.8245       1.0389608
       6577.8419       1.0398713
       6577.8593       1.0412086
       6577.8767       1.0426659
       6577.8941       1.0438870
       6577.9116       1.0445723
       6577.9290       1.0445643
       6577.9464       1.0438777
       6577.9638       1.0426718
       6577.9812       1.0411842
       6577.9986       1.0396613
       6578.0160       1.0383110
       6578.0334       1.0372861
       6578.0508       1.0366851
       6578.0682       1.0365553
       6578.0857       1.0368865
       6578.1031       1.0376000
       6578.1205       1.0385464
       6578.1379       1.0395252
       6578.1553       1.0403286
       6578.1727       1.0407966
       6578.1901       1.0408624
       6578.2075       1.0405692
       6578.2249       1.0400528
       6578.2423       1.0394982
       6578.2598       1.0390874
       6578.2772       1.0389554
       6578.2946       1.0391655
       6578.3120       1.0397066
       6578.3294       1.0404987
       6578.3468       1.0414232
       6578.3642       1.0423461
       6578.3816       1.0431417
       6578.3990       1.0437117
       6578.4164       1.0440000
       6578.4339       1.0440027
       6578.4513       1.0437737
       6578.4687       1.0434191
       6578.4861       1.0430765
       6578.5035       1.0428766
       6578.5209       1.0428964
       6578.5383       1.0431205
       6578.5557       1.0434308
       6578.5731       1.0436320
       6578.5905       1.0435111
       6578.6080       1.0429112
       6578.6254       1.0417949
       6578.6428       1.0402733
       6578.6602       1.0385876
       6578.6776       1.0370474
       6578.6950       1.0359459
       6578.7124       1.0354814
       6578.7298       1.0357131
       6578.7472       1.0365620
       6578.7646       1.0378512
       6578.7821       1.0393641
       6578.7995       1.0408971
       6578.8169       1.0422943
       6578.8343       1.0434584
       6578.8517       1.0443431
       6578.8691       1.0449352
       6578.8865       1.0452314
       6578.9039       1.0452201
       6578.9213       1.0448717
       6578.9387       1.0441426
       6578.9562       1.0429896
       6578.9736       1.0413973
       6578.9910       1.0393996
       6579.0084       1.0370947
       6579.0258       1.0346510
       6579.0432       1.0322960
       6579.0606       1.0302870
       6579.0780       1.0288648
       6579.0954       1.0282026
       6579.1128       1.0283638
       6579.1303       1.0292831
       6579.1477       1.0307779
       6579.1651       1.0325871
       6579.1825       1.0344259
       6579.1999       1.0360430
       6579.2173       1.0372651
       6579.2347       1.0380186
       6579.2521       1.0383238
       6579.2695       1.0382664
       6579.2870       1.0379604
       6579.3044       1.0375155
       6579.3218       1.0370210
       6579.3392       1.0365435
       6579.3566       1.0361324
       6579.3740       1.0358239
       6579.3914       1.0356383
       6579.4088       1.0355751
       6579.4262       1.0356116
       6579.4436       1.0357103
       6579.4611       1.0358349
       6579.4785       1.0359710
       6579.4959       1.0361421
       6579.5133       1.0364103
       6579.5307       1.0368574
       6579.5481       1.0375484
       6579.5655       1.0384904
       6579.5829       1.0396059
       6579.6003       1.0407357
       6579.6177       1.0416721
       6579.6352       1.0422196
       6579.6526       1.0422499
       6579.6700       1.0417386
       6579.6874       1.0407753
       6579.7048       1.0395468
       6579.7222       1.0382995
       6579.7396       1.0372871
       6579.7570       1.0367142
       6579.7744       1.0366864
       6579.7918       1.0371830
       6579.8093       1.0380634
       6579.8267       1.0391100
       6579.8441       1.0400938
       6579.8615       1.0408401
       6579.8789       1.0412701
       6579.8963       1.0414049
       6579.9137       1.0413349
       6579.9311       1.0411716
       6579.9485       1.0410034
       6579.9659       1.0408724
       6579.9834       1.0407743
       6580.0008       1.0406723
       6580.0182       1.0405127
       6580.0356       1.0402322
       6580.0530       1.0397566
       6580.0704       1.0390011
       6580.0878       1.0378799
       6580.1052       1.0363304
       6580.1226       1.0343442
       6580.1400       1.0319907
       6580.1575       1.0294200
       6580.1749       1.0268384
       6580.1923       1.0244638
       6580.2097       1.0224765
       6580.2271       1.0209840
       6580.2445       1.0200147
       6580.2619       1.0195416
       6580.2793       1.0195146
       6580.2967       1.0199011
       6580.3141       1.0206991
       6580.3316       1.0219237
       6580.3490       1.0235752
       6580.3664       1.0256089
       6580.3838       1.0279215
       6580.4012       1.0303633
       6580.4186       1.0327700
       6580.4360       1.0350027
       6580.4534       1.0369797
       6580.4708       1.0386895
       6580.4882       1.0401806
       6580.5057       1.0415314
       6580.5231       1.0428115
       6580.5405       1.0440473
       6580.5579       1.0452065
       6580.5753       1.0462065
       6580.5927       1.0469452
       6580.6101       1.0473421
       6580.6275       1.0473751
       6580.6449       1.0470997
       6580.6623       1.0466404
       6580.6798       1.0461566
       6580.6972       1.0457919
       6580.7146       1.0456256
       6580.7320       1.0456442
       6580.7494       1.0457462
       6580.7668       1.0457767
       6580.7842       1.0455804
       6580.8016       1.0450499
       6580.8190       1.0441528
       6580.8365       1.0429315
       6580.8539       1.0414817
       6580.8713       1.0399237
       6580.8887       1.0383829
       6580.9061       1.0369842
       6580.9235       1.0358570
       6580.9409       1.0351306
       6580.9583       1.0349235
       6580.9757       1.0353120
       6580.9931       1.0362942
       6581.0106       1.0377654
       6581.0280       1.0395166
       6581.0454       1.0412613
       6581.0628       1.0426859
       6581.0802       1.0435120
       6581.0976       1.0435569
       6581.1150       1.0427793
       6581.1324       1.0412960
       6581.1498       1.0393628
       6581.1672       1.0373166
       6581.1847       1.0354947
       6581.2021       1.0341508
       6581.2195       1.0333989
       6581.2369       1.0332017
       6581.2543       1.0334067
       6581.2717       1.0338110
       6581.2891       1.0342285
       6581.3065       1.0345339
       6581.3239       1.0346762
       6581.3413       1.0346649
       6581.3588       1.0345438
       6581.3762       1.0343670
       6581.3936       1.0341823
       6581.4110       1.0340245
       6581.4284       1.0339164
       6581.4458       1.0338733
       6581.4632       1.0339072
       6581.4806       1.0340283
       6581.4980       1.0342389
       6581.5154       1.0345247
       6581.5329       1.0348477
       6581.5503       1.0351487
       6581.5677       1.0353586
       6581.5851       1.0354200
       6581.6025       1.0353037
       6581.6199       1.0350156
       6581.6373       1.0345962
       6581.6547       1.0341113
       6581.6721       1.0336407
       6581.6895       1.0332669
       6581.7070       1.0330637
       6581.7244       1.0330868
       6581.7418       1.0333651
       6581.7592       1.0338957
       6581.7766       1.0346428
       6581.7940       1.0355410
       6581.8114       1.0365017
       6581.8288       1.0374229
       6581.8462       1.0381997
       6581.8636       1.0387363
       6581.8811       1.0389571
       6581.8985       1.0388162
       6581.9159       1.0383022
       6581.9333       1.0374387
       6581.9507       1.0362808
       6581.9681       1.0349132
       6581.9855       1.0334495
       6582.0029       1.0320344
       6582.0203       1.0308381
       6582.0377       1.0300365
       6582.0552       1.0297721
       6582.0726       1.0301074
       6582.0900       1.0309894
       6582.1074       1.0322467
       6582.1248       1.0336273
       6582.1422       1.0348652
       6582.1596       1.0357524
       6582.1770       1.0361840
       6582.1944       1.0361660
       6582.2118       1.0357854
       6582.2293       1.0351707
       6582.2467       1.0344577
       6582.2641       1.0337744
       6582.2815       1.0332430
       6582.2989       1.0329753
       6582.3163       1.0330490
       6582.3337       1.0334691
       6582.3511       1.0341377
       6582.3685       1.0348576
       6582.3860       1.0353816
       6582.4034       1.0354950
       6582.4208       1.0350938
       6582.4382       1.0342242
       6582.4556       1.0330647
       6582.4730       1.0318628
       6582.4904       1.0308557
       6582.5078       1.0302098
       6582.5252       1.0299952
       6582.5426       1.0301935
       6582.5601       1.0307249
       6582.5775       1.0314781
       6582.5949       1.0323362
       6582.6123       1.0331961
       6582.6297       1.0339817
       6582.6471       1.0346509
       6582.6645       1.0351953
       6582.6819       1.0356329
       6582.6993       1.0359985
       6582.7167       1.0363334
       6582.7342       1.0366722
       6582.7516       1.0370257
       6582.7690       1.0373595
       6582.7864       1.0375822
       6582.8038       1.0375564
       6582.8212       1.0371421
       6582.8386       1.0362618
       6582.8560       1.0349599
       6582.8734       1.0334273
       6582.8908       1.0319758
       6582.9083       1.0309491
       6582.9257       1.0306271
       6582.9431       1.0311441
       6582.9605       1.0324534
       6582.9779       1.0343504
       6582.9953       1.0365418
       6583.0127       1.0387340
       6583.0301       1.0407065
       6583.0475       1.0423471
       6583.0649       1.0436434
       6583.0824       1.0446445
       6583.0998       1.0454165
       6583.1172       1.0460119
       6583.1346       1.0464619
       6583.1520       1.0467844
       6583.1694       1.0469935
       6583.1868       1.0470986
       6583.2042       1.0470917
       6583.2216       1.0469311
       6583.2390       1.0465381
       6583.2565       1.0458134
       6583.2739       1.0446758
       6583.2913       1.0431056
       6583.3087       1.0411737
       6583.3261       1.0390419
       6583.3435       1.0369305
       6583.3609       1.0350663
       6583.3783       1.0336296
       6583.3957       1.0327157
       6583.4131       1.0323183
       6583.4306       1.0323337
       6583.4480       1.0325828
       6583.4654       1.0328473
       6583.4828       1.0329165
       6583.5002       1.0326336
       6583.5176       1.0319305
       6583.5350       1.0308460
       6583.5524       1.0295123
       6583.5698       1.0281169
       6583.5872       1.0268573
       6583.6047       1.0258929
       6583.6221       1.0253040
       6583.6395       1.0250712
       6583.6569       1.0250818
       6583.6743       1.0251666
       6583.6917       1.0251573
       6583.7091       1.0249441
       6583.7265       1.0245117
       6583.7439       1.0239389
       6583.7613       1.0233631
       6583.7788       1.0229290
       6583.7962       1.0227424
       6583.8136       1.0228499
       6583.8310       1.0232451
       6583.8484       1.0238926
       6583.8658       1.0247512
       6583.8832       1.0257843
       6583.9006       1.0269579
       6583.9180       1.0282325
       6583.9355       1.0295612
       6583.9529       1.0308974
       6583.9703       1.0322073
       6583.9877       1.0334779
       6584.0051       1.0347109
       6584.0225       1.0359022
       6584.0399       1.0370202
       6584.0573       1.0379949
       6584.0747       1.0387337
       6584.0921       1.0391585
       6584.1096       1.0392494
       6584.1270       1.0390707
       6584.1444       1.0387600
       6584.1618       1.0384793
       6584.1792       1.0383474
       6584.1966       1.0383787
       6584.2140       1.0384725
       6584.2314       1.0384496
       6584.2488       1.0381251
       6584.2662       1.0373843
       6584.2837       1.0362277
       6584.3011       1.0347666
       6584.3185       1.0331767
       6584.3359       1.0316351
       6584.3533       1.0302712
       6584.3707       1.0291507
       6584.3881       1.0282895
       6584.4055       1.0276808
       6584.4229       1.0273155
       6584.4403       1.0271856
       6584.4578       1.0272753
       6584.4752       1.0275472
       6584.4926       1.0279369
       6584.5100       1.0283555
       6584.5274       1.0286987
       6584.5448       1.0288589
       6584.5622       1.0287397
       6584.5796       1.0282711
       6584.5970       1.0274256
       6584.6144       1.0262287
       6584.6319       1.0247593
       6584.6493       1.0231398
       6584.6667       1.0215191
       6584.6841       1.0200551
       6584.7015       1.0188992
       6584.7189       1.0181830
       6584.7363       1.0180035
       6584.7537       1.0184075
       6584.7711       1.0193806
       6584.7885       1.0208456
       6584.8060       1.0226759
       6584.8234       1.0247198
       6584.8408       1.0268258
       6584.8582       1.0288661
       6584.8756       1.0307419
       6584.8930       1.0323775
       6584.9104       1.0337089
       6584.9278       1.0346782
       6584.9452       1.0352370
       6584.9626       1.0353602
       6584.9801       1.0350605
       6584.9975       1.0343923
