# Angstrom [air],  flux [abs.cor.cont.sub+1]
       6544.9914       1.0283825
       6545.0088       1.0282686
       6545.0262       1.0279827
       6545.0436       1.0276230
       6545.0611       1.0272896
       6545.0785       1.0270589
       6545.0959       1.0269610
       6545.1133       1.0269684
       6545.1307       1.0270072
       6545.1481       1.0269852
       6545.1655       1.0268282
       6545.1829       1.0265101
       6545.2003       1.0260660
       6545.2177       1.0255837
       6545.2352       1.0251803
       6545.2526       1.0249750
       6545.2700       1.0250690
       6545.2874       1.0255368
       6545.3048       1.0264275
       6545.3222       1.0277698
       6545.3396       1.0295747
       6545.3570       1.0318382
       6545.3744       1.0345437
       6545.3918       1.0376698
       6545.4093       1.0412012
       6545.4267       1.0451419
       6545.4441       1.0495234
       6545.4615       1.0544075
       6545.4789       1.0598801
       6545.4963       1.0660383
       6545.5137       1.0729703
       6545.5311       1.0807308
       6545.5485       1.0893160
       6545.5660       1.0986452
       6545.5834       1.1085560
       6545.6008       1.1188190
       6545.6182       1.1291686
       6545.6356       1.1393436
       6545.6530       1.1491231
       6545.6704       1.1583443
       6545.6878       1.1668948
       6545.7052       1.1746823
       6545.7226       1.1815974
       6545.7401       1.1874909
       6545.7575       1.1921811
       6545.7749       1.1954968
       6545.7923       1.1973306
       6545.8097       1.1976761
       6545.8271       1.1966230
       6545.8445       1.1943106
       6545.8619       1.1908581
       6545.8793       1.1863060
       6545.8967       1.1805959
       6545.9142       1.1736001
       6545.9316       1.1651851
       6545.9490       1.1552831
       6545.9664       1.1439437
       6545.9838       1.1313461
       6546.0012       1.1177700
       6546.0186       1.1035369
       6546.0360       1.0889423
       6546.0534       1.0742025
       6546.0708       1.0594331
       6546.0883       1.0446636
       6546.1057       1.0298833
       6546.1231       1.0150981
       6546.1405       1.0003806
       6546.1579      0.98589565
       6546.1753      0.97189629
       6546.1927      0.95869266
       6546.2101      0.94660675
       6546.2275      0.93592709
       6546.2449      0.92687525
       6546.2624      0.91958929
       6546.2798      0.91412296
       6546.2972      0.91045578
       6546.3146      0.90850915
       6546.3320      0.90816532
       6546.3494      0.90928727
       6546.3668      0.91173699
       6546.3842      0.91538840
       6546.4016      0.92013575
       6546.4191      0.92587611
       6546.4365      0.93250537
       6546.4539      0.93990598
       6546.4713      0.94793574
       6546.4887      0.95642392
       6546.5061      0.96517006
       6546.5235      0.97394310
       6546.5409      0.98248315
       6546.5583      0.99051335
       6546.5757      0.99776975
       6546.5932       1.0040484
       6546.6106       1.0092554
       6546.6280       1.0134370
       6546.6454       1.0167690
       6546.6628       1.0195018
       6546.6802       1.0218809
       6546.6976       1.0240736
       6546.7150       1.0261316
       6546.7324       1.0280011
       6546.7498       1.0295710
       6546.7673       1.0307326
       6546.7847       1.0314267
       6546.8021       1.0316631
       6546.8195       1.0315117
       6546.8369       1.0310797
       6546.8543       1.0304872
       6546.8717       1.0298531
       6546.8891       1.0292921
       6546.9065       1.0289129
       6546.9239       1.0288112
       6546.9414       1.0290522
       6546.9588       1.0296471
       6546.9762       1.0305356
       6546.9936       1.0315828
       6547.0110       1.0325990
       6547.0284       1.0333758
       6547.0458       1.0337319
       6547.0632       1.0335572
       6547.0806       1.0328515
       6547.0980       1.0317231
       6547.1155       1.0303721
       6547.1329       1.0290452
       6547.1503       1.0279765
       6547.1677       1.0273276
       6547.1851       1.0271492
       6547.2025       1.0273770
       6547.2199       1.0278668
       6547.2373       1.0284564
       6547.2547       1.0290285
       6547.2722       1.0295482
       6547.2896       1.0300599
       6547.3070       1.0306484
       6547.3244       1.0313864
       6547.3418       1.0322951
       6547.3592       1.0333337
       6547.3766       1.0344156
       6547.3940       1.0354377
       6547.4114       1.0363070
       6547.4288       1.0369578
       6547.4463       1.0373609
       6547.4637       1.0375289
       6547.4811       1.0375187
       6547.4985       1.0374247
       6547.5159       1.0373606
       6547.5333       1.0374297
       6547.5507       1.0376936
       6547.5681       1.0381534
       6547.5855       1.0387507
       6547.6029       1.0393900
       6547.6204       1.0399725
       6547.6378       1.0404258
       6547.6552       1.0407216
       6547.6726       1.0408754
       6547.6900       1.0409327
       6547.7074       1.0409511
       6547.7248       1.0409836
       6547.7422       1.0410672
       6547.7596       1.0412218
       6547.7770       1.0414563
       6547.7945       1.0417786
       6547.8119       1.0422030
       6547.8293       1.0427493
       6547.8467       1.0434293
       6547.8641       1.0442245
       6547.8815       1.0450665
       6547.8989       1.0458312
       6547.9163       1.0463529
       6547.9337       1.0464547
       6547.9511       1.0459844
       6547.9686       1.0448413
       6547.9860       1.0429889
       6548.0034       1.0404546
       6548.0208       1.0373239
       6548.0382       1.0337353
       6548.0556       1.0298797
       6548.0730       1.0259988
       6548.0904       1.0223742
       6548.1078       1.0193039
       6548.1253       1.0170634
       6548.1427       1.0158609
       6548.1601       1.0157946
       6548.1775       1.0168257
       6548.1949       1.0187733
       6548.2123       1.0213392
       6548.2297       1.0241581
       6548.2471       1.0268664
       6548.2645       1.0291721
       6548.2819       1.0309080
       6548.2994       1.0320506
       6548.3168       1.0327003
       6548.3342       1.0330303
       6548.3516       1.0332244
       6548.3690       1.0334270
       6548.3864       1.0337176
       6548.4038       1.0341174
       6548.4212       1.0346128
       6548.4386       1.0351791
       6548.4560       1.0357927
       6548.4735       1.0364330
       6548.4909       1.0370774
       6548.5083       1.0377013
       6548.5257       1.0382848
       6548.5431       1.0388252
       6548.5605       1.0393481
       6548.5779       1.0399102
       6548.5953       1.0405901
       6548.6127       1.0414669
       6548.6301       1.0425927
       6548.6476       1.0439688
       6548.6650       1.0455354
       6548.6824       1.0471789
       6548.6998       1.0487571
       6548.7172       1.0501325
       6548.7346       1.0512033
       6548.7520       1.0519229
       6548.7694       1.0523044
       6548.7868       1.0524106
       6548.8042       1.0523339
       6548.8217       1.0521712
       6548.8391       1.0520014
       6548.8565       1.0518705
       6548.8739       1.0517897
       6548.8913       1.0517444
       6548.9087       1.0517085
       6548.9261       1.0516561
       6548.9435       1.0515632
       6548.9609       1.0514023
       6548.9784       1.0511353
       6548.9958       1.0507139
       6549.0132       1.0500894
       6549.0306       1.0492344
       6549.0480       1.0481586
       6549.0654       1.0469171
       6549.0828       1.0456060
       6549.1002       1.0443462
       6549.1176       1.0432615
       6549.1350       1.0424539
       6549.1525       1.0419840
       6549.1699       1.0418582
       6549.1873       1.0420301
       6549.2047       1.0424137
       6549.2221       1.0429054
       6549.2395       1.0434071
       6549.2569       1.0438428
       6549.2743       1.0441660
       6549.2917       1.0443583
       6549.3091       1.0444238
       6549.3266       1.0443819
       6549.3440       1.0442615
       6549.3614       1.0440956
       6549.3788       1.0439183
       6549.3962       1.0437629
       6549.4136       1.0436603
       6549.4310       1.0436364
       6549.4484       1.0437073
       6549.4658       1.0438732
       6549.4832       1.0441162
       6549.5007       1.0444054
       6549.5181       1.0447107
       6549.5355       1.0450202
       6549.5529       1.0453520
       6549.5703       1.0457522
       6549.5877       1.0462770
       6549.6051       1.0469635
       6549.6225       1.0478043
       6549.6399       1.0487350
       6549.6573       1.0496450
       6549.6748       1.0504088
       6549.6922       1.0509287
       6549.7096       1.0511670
       6549.7270       1.0511583
       6549.7444       1.0509941
       6549.7618       1.0507871
       6549.7792       1.0506269
       6549.7966       1.0505464
       6549.8140       1.0505113
       6549.8315       1.0504353
       6549.8489       1.0502156
       6549.8663       1.0497738
       6549.8837       1.0490871
       6549.9011       1.0482018
       6549.9185       1.0472247
       6549.9359       1.0462975
       6549.9533       1.0455631
       6549.9707       1.0451316
       6549.9881       1.0450557
       6550.0056       1.0453205
       6550.0230       1.0458490
       6550.0404       1.0465207
       6550.0578       1.0471952
       6550.0752       1.0477368
       6550.0926       1.0480343
       6550.1100       1.0480161
       6550.1274       1.0476602
       6550.1448       1.0469970
       6550.1622       1.0461021
       6550.1797       1.0450782
       6550.1971       1.0440311
       6550.2145       1.0430510
       6550.2319       1.0422064
       6550.2493       1.0415505
       6550.2667       1.0411302
       6550.2841       1.0409854
       6550.3015       1.0411343
       6550.3189       1.0415547
       6550.3363       1.0421699
       6550.3538       1.0428692
       6550.3712       1.0435400
       6550.3886       1.0441041
       6550.4060       1.0445371
       6550.4234       1.0448617
       6550.4408       1.0451196
       6550.4582       1.0453388
       6550.4756       1.0455152
       6550.4930       1.0456172
       6550.5104       1.0456114
       6550.5279       1.0454952
       6550.5453       1.0453211
       6550.5627       1.0451976
       6550.5801       1.0452656
       6550.5975       1.0456562
       6550.6149       1.0464436
       6550.6323       1.0476146
       6550.6497       1.0490630
       6550.6671       1.0506161
       6550.6846       1.0520798
       6550.7020       1.0532866
       6550.7194       1.0541272
       6550.7368       1.0545594
       6550.7542       1.0545975
       6550.7716       1.0542951
       6550.7890       1.0537312
       6550.8064       1.0530051
       6550.8238       1.0522329
       6550.8412       1.0515408
       6550.8587       1.0510514
       6550.8761       1.0508648
       6550.8935       1.0510440
       6550.9109       1.0516072
       6550.9283       1.0525296
       6550.9457       1.0537506
       6550.9631       1.0551838
       6550.9805       1.0567236
       6550.9979       1.0582581
       6551.0153       1.0596799
       6551.0328       1.0608984
       6551.0502       1.0618519
       6551.0676       1.0625174
       6551.0850       1.0629111
       6551.1024       1.0630805
       6551.1198       1.0630872
       6551.1372       1.0629864
       6551.1546       1.0628124
       6551.1720       1.0625758
       6551.1894       1.0622739
       6551.2069       1.0619036
       6551.2243       1.0614704
       6551.2417       1.0609844
       6551.2591       1.0604504
       6551.2765       1.0598603
       6551.2939       1.0591973
       6551.3113       1.0584505
       6551.3287       1.0576322
       6551.3461       1.0567862
       6551.3635       1.0559780
       6551.3810       1.0552729
       6551.3984       1.0547086
       6551.4158       1.0542787
       6551.4332       1.0539342
       6551.4506       1.0536036
       6551.4680       1.0532261
       6551.4854       1.0527864
       6551.5028       1.0523391
       6551.5202       1.0520141
       6551.5377       1.0519935
       6551.5551       1.0524640
       6551.5725       1.0535540
       6551.5899       1.0552758
       6551.6073       1.0574971
       6551.6247       1.0599547
       6551.6421       1.0623133
       6551.6595       1.0642567
       6551.6769       1.0655645
       6551.6943       1.0661615
       6551.7118       1.0661246
       6551.7292       1.0656480
       6551.7466       1.0649834
       6551.7640       1.0643718
       6551.7814       1.0639891
       6551.7988       1.0639148
       6551.8162       1.0641312
       6551.8336       1.0645473
       6551.8510       1.0650372
       6551.8684       1.0654786
       6551.8859       1.0657793
       6551.9033       1.0658864
       6551.9207       1.0657817
       6551.9381       1.0654653
       6551.9555       1.0649376
       6551.9729       1.0641846
       6551.9903       1.0631737
       6552.0077       1.0618654
       6552.0251       1.0602381
       6552.0425       1.0583195
       6552.0600       1.0562102
       6552.0774       1.0540855
       6552.0948       1.0521714
       6552.1122       1.0506989
       6552.1296       1.0498504
       6552.1470       1.0497161
       6552.1644       1.0502736
       6552.1818       1.0513971
       6552.1992       1.0528904
       6552.2167       1.0545330
       6552.2341       1.0561217
       6552.2515       1.0574973
       6552.2689       1.0585496
       6552.2863       1.0592164
       6552.3037       1.0594759
       6552.3211       1.0593511
       6552.3385       1.0589240
       6552.3559       1.0583466
       6552.3733       1.0578314
       6552.3908       1.0576146
       6552.4082       1.0578976
       6552.4256       1.0587886
       6552.4430       1.0602690
       6552.4604       1.0622016
       6552.4778       1.0643796
       6552.4952       1.0665962
       6552.5126       1.0687074
       6552.5300       1.0706617
       6552.5474       1.0724897
       6552.5649       1.0742616
       6552.5823       1.0760379
       6552.5997       1.0778361
       6552.6171       1.0796249
       6552.6345       1.0813425
       6552.6519       1.0829262
       6552.6693       1.0843364
       6552.6867       1.0855665
       6552.7041       1.0866392
       6552.7215       1.0875919
       6552.7390       1.0884611
       6552.7564       1.0892680
       6552.7738       1.0900118
       6552.7912       1.0906707
       6552.8086       1.0912115
       6552.8260       1.0916050
       6552.8434       1.0918408
       6552.8608       1.0919338
       6552.8782       1.0919179
       6552.8956       1.0918268
       6552.9131       1.0916725
       6552.9305       1.0914297
       6552.9479       1.0910398
       6552.9653       1.0904318
       6552.9827       1.0895504
       6553.0001       1.0883796
       6553.0175       1.0869497
       6553.0349       1.0853264
       6553.0523       1.0835846
       6553.0698       1.0817808
       6553.0872       1.0799347
       6553.1046       1.0780303
       6553.1220       1.0760367
       6553.1394       1.0739415
       6553.1568       1.0717801
       6553.1742       1.0696473
       6553.1916       1.0676848
       6553.2090       1.0660506
       6553.2264       1.0648860
       6553.2439       1.0642948
       6553.2613       1.0643378
       6553.2787       1.0650374
       6553.2961       1.0663786
       6553.3135       1.0683008
       6553.3309       1.0706854
       6553.3483       1.0733526
       6553.3657       1.0760787
       6553.3831       1.0786335
       6553.4005       1.0808258
       6553.4180       1.0825395
       6553.4354       1.0837446
       6553.4528       1.0844848
       6553.4702       1.0848473
       6553.4876       1.0849286
       6553.5050       1.0848073
       6553.5224       1.0845295
       6553.5398       1.0841088
       6553.5572       1.0835379
       6553.5746       1.0828090
       6553.5921       1.0819385
       6553.6095       1.0809783
       6553.6269       1.0800154
       6553.6443       1.0791577
       6553.6617       1.0785148
       6553.6791       1.0781810
       6553.6965       1.0782294
       6553.7139       1.0787128
       6553.7313       1.0796659
       6553.7487       1.0811013
       6553.7662       1.0829967
       6553.7836       1.0852811
       6553.8010       1.0878251
       6553.8184       1.0904473
       6553.8358       1.0929352
       6553.8532       1.0950800
       6553.8706       1.0967154
       6553.8880       1.0977498
       6553.9054       1.0981808
       6553.9229       1.0980877
       6553.9403       1.0976005
       6553.9577       1.0968584
       6553.9751       1.0959692
       6553.9925       1.0949884
       6554.0099       1.0939198
       6554.0273       1.0927369
       6554.0447       1.0914085
       6554.0621       1.0899182
       6554.0795       1.0882712
       6554.0970       1.0864934
       6554.1144       1.0846300
       6554.1318       1.0827492
       6554.1492       1.0809467
       6554.1666       1.0793426
       6554.1840       1.0780630
       6554.2014       1.0772091
       6554.2188       1.0768248
       6554.2362       1.0768748
       6554.2536       1.0772488
       6554.2711       1.0777970
       6554.2885       1.0783713
       6554.3059       1.0788657
       6554.3233       1.0792396
       6554.3407       1.0795164
       6554.3581       1.0797652
       6554.3755       1.0800725
       6554.3929       1.0805186
       6554.4103       1.0811632
       6554.4277       1.0820396
       6554.4452       1.0831529
       6554.4626       1.0844790
       6554.4800       1.0859647
       6554.4974       1.0875321
       6554.5148       1.0890918
       6554.5322       1.0905625
       6554.5496       1.0918931
       6554.5670       1.0930763
       6554.5844       1.0941505
       6554.6018       1.0951863
       6554.6193       1.0962646
       6554.6367       1.0974535
       6554.6541       1.0987966
       6554.6715       1.1003146
       6554.6889       1.1020203
       6554.7063       1.1039348
       6554.7237       1.1060953
       6554.7411       1.1085459
       6554.7585       1.1113148
       6554.7760       1.1143887
       6554.7934       1.1177006
       6554.8108       1.1211401
       6554.8282       1.1245864
       6554.8456       1.1279484
       6554.8630       1.1311920
       6554.8804       1.1343401
       6554.8978       1.1374405
       6554.9152       1.1405169
       6554.9326       1.1435312
       6554.9501       1.1463736
       6554.9675       1.1488841
       6554.9849       1.1508971
       6555.0023       1.1522868
       6555.0197       1.1529954
       6555.0371       1.1530350
       6555.0545       1.1524657
       6555.0719       1.1513630
       6555.0893       1.1497880
       6555.1067       1.1477729
       6555.1242       1.1453261
       6555.1416       1.1424526
       6555.1590       1.1391789
       6555.1764       1.1355675
       6555.1938       1.1317122
       6555.2112       1.1277151
       6555.2286       1.1236572
       6555.2460       1.1195770
       6555.2634       1.1154707
       6555.2808       1.1113132
       6555.2983       1.1070922
       6555.3157       1.1028369
       6555.3331       1.0986300
       6555.3505       1.0945926
       6555.3679       1.0908483
       6555.3853       1.0874804
       6555.4027       1.0845010
       6555.4201       1.0818495
       6555.4375       1.0794241
       6555.4549       1.0771328
       6555.4724       1.0749410
       6555.4898       1.0728887
       6555.5072       1.0710712
       6555.5246       1.0695937
       6555.5420       1.0685217
       6555.5594       1.0678582
       6555.5768       1.0675583
       6555.5942       1.0675625
       6555.6116       1.0678290
       6555.6291       1.0683484
       6555.6465       1.0691344
       6555.6639       1.0702023
       6555.6813       1.0715493
       6555.6987       1.0731463
       6555.7161       1.0749440
       6555.7335       1.0768865
       6555.7509       1.0789242
       6555.7683       1.0810212
       6555.7857       1.0831550
       6555.8032       1.0853118
       6555.8206       1.0874815
       6555.8380       1.0896548
       6555.8554       1.0918197
       6555.8728       1.0939558
       6555.8902       1.0960243
       6555.9076       1.0979593
       6555.9250       1.0996650
       6555.9424       1.1010269
       6555.9598       1.1019341
       6555.9773       1.1023052
       6555.9947       1.1021090
       6556.0121       1.1013721
       6556.0295       1.1001750
       6556.0469       1.0986413
       6556.0643       1.0969258
       6556.0817       1.0952017
       6556.0991       1.0936468
       6556.1165       1.0924237
       6556.1339       1.0916569
       6556.1514       1.0914117
       6556.1688       1.0916844
       6556.1862       1.0924110
       6556.2036       1.0934837
       6556.2210       1.0947922
       6556.2384       1.0962469
       6556.2558       1.0977895
       6556.2732       1.0993859
       6556.2906       1.1010046
       6556.3080       1.1025957
       6556.3255       1.1040787
       6556.3429       1.1053481
       6556.3603       1.1062930
       6556.3777       1.1068229
       6556.3951       1.1068854
       6556.4125       1.1064703
       6556.4299       1.1056003
       6556.4473       1.1043149
       6556.4647       1.1026582
       6556.4822       1.1006761
       6556.4996       1.0984216
       6556.5170       1.0959631
       6556.5344       1.0933895
       6556.5518       1.0908092
       6556.5692       1.0883447
       6556.5866       1.0861257
       6556.6040       1.0842834
       6556.6214       1.0829429
       6556.6388       1.0822092
       6556.6563       1.0821454
       6556.6737       1.0827483
       6556.6911       1.0839335
       6556.7085       1.0855408
       6556.7259       1.0873643
       6556.7433       1.0891967
       6556.7607       1.0908720
       6556.7781       1.0922895
       6556.7955       1.0934141
       6556.8129       1.0942567
       6556.8304       1.0948504
       6556.8478       1.0952397
       6556.8652       1.0954794
       6556.8826       1.0956428
       6556.9000       1.0958258
       6556.9174       1.0961366
       6556.9348       1.0966707
       6556.9522       1.0974822
       6556.9696       1.0985633
       6556.9870       1.0998407
       6557.0045       1.1011918
       6557.0219       1.1024740
       6557.0393       1.1035611
       6557.0567       1.1043766
       6557.0741       1.1049175
       6557.0915       1.1052577
       6557.1089       1.1055293
       6557.1263       1.1058836
       6557.1437       1.1064426
       6557.1611       1.1072613
       6557.1786       1.1083113
       6557.1960       1.1094930
       6557.2134       1.1106669
       6557.2308       1.1116925
       6557.2482       1.1124601
       6557.2656       1.1129091
       6557.2830       1.1130317
       6557.3004       1.1128653
       6557.3178       1.1124792
       6557.3353       1.1119623
       6557.3527       1.1114145
       6557.3701       1.1109429
       6557.3875       1.1106585
       6557.4049       1.1106695
       6557.4223       1.1110665
       6557.4397       1.1119028
       6557.4571       1.1131743
       6557.4745       1.1148098
       6557.4919       1.1166745
       6557.5094       1.1185867
       6557.5268       1.1203513
       6557.5442       1.1217839
       6557.5616       1.1227319
       6557.5790       1.1230904
       6557.5964       1.1228156
       6557.6138       1.1219366
       6557.6312       1.1205611
       6557.6486       1.1188686
       6557.6660       1.1170849
       6557.6835       1.1154422
       6557.7009       1.1141343
       6557.7183       1.1132841
       6557.7357       1.1129323
       6557.7531       1.1130497
       6557.7705       1.1135647
       6557.7879       1.1143941
       6557.8053       1.1154649
       6557.8227       1.1167243
       6557.8401       1.1181383
       6557.8576       1.1196813
       6557.8750       1.1213231
       6557.8924       1.1230156
       6557.9098       1.1246863
       6557.9272       1.1262417
       6557.9446       1.1275809
       6557.9620       1.1286146
       6557.9794       1.1292811
       6557.9968       1.1295554
       6558.0142       1.1294510
       6558.0317       1.1290167
       6558.0491       1.1283319
       6558.0665       1.1274981
       6558.0839       1.1266252
       6558.1013       1.1258153
       6558.1187       1.1251469
       6558.1361       1.1246694
       6558.1535       1.1244009
       6558.1709       1.1243370
       6558.1884       1.1244560
       6558.2058       1.1247231
       6558.2232       1.1250969
       6558.2406       1.1255417
       6558.2580       1.1260446
       6558.2754       1.1266299
       6558.2928       1.1273582
       6558.3102       1.1283069
       6558.3276       1.1295362
       6558.3450       1.1310530
       6558.3625       1.1327905
       6558.3799       1.1346102
       6558.3973       1.1363292
       6558.4147       1.1377634
       6558.4321       1.1387747
       6558.4495       1.1393082
       6558.4669       1.1394125
       6558.4843       1.1392326
       6558.5017       1.1389787
       6558.5191       1.1388728
       6558.5366       1.1390905
       6558.5540       1.1397144
       6558.5714       1.1407168
       6558.5888       1.1419764
       6558.6062       1.1433225
       6558.6236       1.1445862
       6558.6410       1.1456414
       6558.6584       1.1464244
       6558.6758       1.1469362
       6558.6932       1.1472334
       6558.7107       1.1474170
       6558.7281       1.1476175
       6558.7455       1.1479767
       6558.7629       1.1486230
       6558.7803       1.1496449
       6558.7977       1.1510676
       6558.8151       1.1528405
       6558.8325       1.1548460
       6558.8499       1.1569234
       6558.8674       1.1589079
       6558.8848       1.1606773
       6558.9022       1.1621929
       6558.9196       1.1635182
       6558.9370       1.1648070
       6558.9544       1.1662611
       6558.9718       1.1680730
       6558.9892       1.1703714
       6559.0066       1.1731875
       6559.0240       1.1764472
       6559.0415       1.1799878
       6559.0589       1.1835893
       6559.0763       1.1870124
       6559.0937       1.1900350
       6559.1111       1.1924825
       6559.1285       1.1942453
       6559.1459       1.1952840
       6559.1633       1.1956220
       6559.1807       1.1953311
       6559.1981       1.1945157
       6559.2156       1.1932970
       6559.2330       1.1917959
       6559.2504       1.1901153
       6559.2678       1.1883210
       6559.2852       1.1864265
       6559.3026       1.1843890
       6559.3200       1.1821190
       6559.3374       1.1795035
       6559.3548       1.1764388
       6559.3722       1.1728644
       6559.3897       1.1687897
       6559.4071       1.1643063
       6559.4245       1.1595823
       6559.4419       1.1548372
       6559.4593       1.1503060
       6559.4767       1.1461916
       6559.4941       1.1426328
       6559.5115       1.1396899
       6559.5289       1.1373507
       6559.5463       1.1355541
       6559.5638       1.1342209
       6559.5812       1.1332822
       6559.5986       1.1326975
       6559.6160       1.1324618
       6559.6334       1.1326048
       6559.6508       1.1331846
       6559.6682       1.1342772
       6559.6856       1.1359621
       6559.7030       1.1383036
       6559.7205       1.1413316
       6559.7379       1.1450274
       6559.7553       1.1493196
       6559.7727       1.1540916
       6559.7901       1.1591977
       6559.8075       1.1644817
       6559.8249       1.1697946
       6559.8423       1.1750095
       6559.8597       1.1800350
       6559.8771       1.1848240
       6559.8946       1.1893756
       6559.9120       1.1937254
       6559.9294       1.1979238
       6559.9468       1.2020073
       6559.9642       1.2059734
       6559.9816       1.2097703
       6559.9990       1.2133068
       6560.0164       1.2164831
       6560.0338       1.2192282
       6560.0512       1.2215322
       6560.0687       1.2234551
       6560.0861       1.2251092
       6560.1035       1.2266205
       6560.1209       1.2280840
       6560.1383       1.2295392
       6560.1557       1.2309770
       6560.1731       1.2323709
       6560.1905       1.2337149
       6560.2079       1.2350449
       6560.2253       1.2364314
       6560.2428       1.2379476
       6560.2602       1.2396291
       6560.2776       1.2414487
       6560.2950       1.2433153
       6560.3124       1.2450960
       6560.3298       1.2466486
       6560.3472       1.2478499
       6560.3646       1.2486138
       6560.3820       1.2488986
       6560.3994       1.2487104
       6560.4169       1.2481063
       6560.4343       1.2471970
       6560.4517       1.2461429
       6560.4691       1.2451395
       6560.4865       1.2443875
       6560.5039       1.2440545
       6560.5213       1.2442374
       6560.5387       1.2449414
       6560.5561       1.2460848
       6560.5736       1.2475326
       6560.5910       1.2491461
       6560.6084       1.2508314
       6560.6258       1.2525641
       6560.6432       1.2543845
       6560.6606       1.2563680
       6560.6780       1.2585898
       6560.6954       1.2611035
       6560.7128       1.2639400
       6560.7302       1.2671190
       6560.7477       1.2706592
       6560.7651       1.2745616
       6560.7825       1.2787941
       6560.7999       1.2832705
       6560.8173       1.2878532
       6560.8347       1.2923830
       6560.8521       1.2967247
       6560.8695       1.3008080
       6560.8869       1.3046462
       6560.9043       1.3083302
       6560.9218       1.3120041
       6560.9392       1.3158383
       6560.9566       1.3200061
       6560.9740       1.3246654
       6560.9914       1.3299386
       6561.0088       1.3358888
       6561.0262       1.3424936
       6561.0436       1.3496296
       6561.0610       1.3570772
       6561.0784       1.3645554
       6561.0959       1.3717822
       6561.1133       1.3785442
       6561.1307       1.3847554
       6561.1481       1.3904823
       6561.1655       1.3959300
       6561.1829       1.4013926
       6561.2003       1.4071873
       6561.2177       1.4135941
       6561.2351       1.4208159
       6561.2525       1.4289664
       6561.2700       1.4380810
       6561.2874       1.4481390
       6561.3048       1.4590866
       6561.3222       1.4708512
       6561.3396       1.4833471
       6561.3570       1.4964753
       6561.3744       1.5101252
       6561.3918       1.5241808
       6561.4092       1.5385352
       6561.4267       1.5531151
       6561.4441       1.5679045
       6561.4615       1.5829647
       6561.4789       1.5984388
       6561.4963       1.6145337
       6561.5137       1.6314751
       6561.5311       1.6494424
       6561.5485       1.6685027
       6561.5659       1.6885680
       6561.5833       1.7093938
       6561.6008       1.7306275
       6561.6182       1.7518936
       6561.6356       1.7728879
       6561.6530       1.7934495
       6561.6704       1.8135829
       6561.6878       1.8334264
       6561.7052       1.8531796
       6561.7226       1.8730208
       6561.7400       1.8930451
       6561.7574       1.9132411
       6561.7749       1.9335039
       6561.7923       1.9536689
       6561.8097       1.9735457
       6561.8271       1.9929401
       6561.8445       2.0116648
       6561.8619       2.0295475
       6561.8793       2.0464438
       6561.8967       2.0622593
       6561.9141       2.0769741
       6561.9315       2.0906610
       6561.9490       2.1034884
       6561.9664       2.1157039
       6561.9838       2.1275993
       6562.0012       2.1394643
       6562.0186       2.1515374
       6562.0360       2.1639669
       6562.0534       2.1767933
       6562.0708       2.1899367
       6562.0882       2.2032332
       6562.1056       2.2164598
       6562.1231       2.2293634
       6562.1405       2.2416881
       6562.1579       2.2532028
       6562.1753       2.2637362
       6562.1927       2.2732171
       6562.2101       2.2817092
       6562.2275       2.2894226
       6562.2449       2.2966894
       6562.2623       2.3039001
       6562.2798       2.3114194
       6562.2972       2.3195045
       6562.3146       2.3282564
       6562.3320       2.3376184
       6562.3494       2.3474216
       6562.3668       2.3574599
       6562.3842       2.3675679
       6562.4016       2.3776768
       6562.4190       2.3878341
       6562.4364       2.3981872
       6562.4539       2.4089401
       6562.4713       2.4203037
       6562.4887       2.4324524
       6562.5061       2.4455034
       6562.5235       2.4595166
       6562.5409       2.4745109
       6562.5583       2.4904805
       6562.5757       2.5073968
       6562.5931       2.5251904
       6562.6105       2.5437190
       6562.6280       2.5627402
       6562.6454       2.5819060
       6562.6628       2.6007862
       6562.6802       2.6189155
       6562.6976       2.6358413
       6562.7150       2.6511768
       6562.7324       2.6646225
       6562.7498       2.6759582
       6562.7672       2.6850273
       6562.7846       2.6917111
       6562.8021       2.6959036
       6562.8195       2.6974924
       6562.8369       2.6963495
       6562.8543       2.6923300
       6562.8717       2.6852763
       6562.8891       2.6750291
       6562.9065       2.6614473
       6562.9239       2.6444440
       6562.9413       2.6240381
       6562.9587       2.6004108
       6562.9762       2.5739446
       6562.9936       2.5452243
       6563.0110       2.5149887
       6563.0284       2.4840409
       6563.0458       2.4531416
       6563.0632       2.4229100
       6563.0806       2.3937576
       6563.0980       2.3658629
       6563.1154       2.3391917
       6563.1329       2.3135506
       6563.1503       2.2886613
       6563.1677       2.2642328
       6563.1851       2.2400188
       6563.2025       2.2158522
       6563.2199       2.1916612
       6563.2373       2.1674741
       6563.2547       2.1434179
       6563.2721       2.1197095
       6563.2895       2.0966346
       6563.3070       2.0745119
       6563.3244       2.0536438
       6563.3418       2.0342626
       6563.3592       2.0164776
       6563.3766       2.0002194
       6563.3940       1.9852521
       6563.4114       1.9711990
       6563.4288       1.9576143
       6563.4462       1.9440770
       6563.4636       1.9302810
       6563.4811       1.9160945
       6563.4985       1.9015726
       6563.5159       1.8869257
       6563.5333       1.8724575
       6563.5507       1.8584901
       6563.5681       1.8452970
       6563.5855       1.8330577
       6563.6029       1.8218416
       6563.6203       1.8116188
       6563.6377       1.8022884
       6563.6552       1.7937080
       6563.6726       1.7857154
       6563.6900       1.7781376
       6563.7074       1.7707939
       6563.7248       1.7634994
       6563.7422       1.7560742
       6563.7596       1.7483566
       6563.7770       1.7402151
       6563.7944       1.7315565
       6563.8118       1.7223283
       6563.8293       1.7125147
       6563.8467       1.7021284
       6563.8641       1.6911999
       6563.8815       1.6797686
       6563.8989       1.6678770
       6563.9163       1.6555704
       6563.9337       1.6429001
       6563.9511       1.6299264
       6563.9685       1.6167181
       6563.9860       1.6033493
       6564.0034       1.5898921
       6564.0208       1.5764155
       6564.0382       1.5629819
       6564.0556       1.5496532
       6564.0730       1.5364998
       6564.0904       1.5236087
       6564.1078       1.5110845
       6564.1252       1.4990365
       6564.1426       1.4875510
       6564.1601       1.4766546
       6564.1775       1.4662838
       6564.1949       1.4562794
       6564.2123       1.4464173
       6564.2297       1.4364694
       6564.2471       1.4262736
       6564.2645       1.4157813
       6564.2819       1.4050602
       6564.2993       1.3942534
       6564.3167       1.3835180
       6564.3342       1.3729740
       6564.3516       1.3626855
       6564.3690       1.3526796
       6564.3864       1.3429844
       6564.4038       1.3336628
       6564.4212       1.3248216
       6564.4386       1.3165883
       6564.4560       1.3090615
       6564.4734       1.3022556
       6564.4908       1.2960656
       6564.5083       1.2902716
       6564.5257       1.2845898
       6564.5431       1.2787588
       6564.5605       1.2726307
       6564.5779       1.2662347
       6564.5953       1.2597832
       6564.6127       1.2536149
       6564.6301       1.2480876
       6564.6475       1.2434617
       6564.6649       1.2398101
       6564.6824       1.2369903
       6564.6998       1.2347128
       6564.7172       1.2326394
       6564.7346       1.2304921
       6564.7520       1.2281244
       6564.7694       1.2255374
       6564.7868       1.2228446
       6564.8042       1.2202096
       6564.8216       1.2177848
       6564.8391       1.2156677
       6564.8565       1.2138841
       6564.8739       1.2123949
       6564.8913       1.2111201
       6564.9087       1.2099725
       6564.9261       1.2088889
       6564.9435       1.2078482
       6564.9609       1.2068684
       6564.9783       1.2059868
       6564.9957       1.2052309
       6565.0132       1.2045966
       6565.0306       1.2040424
       6565.0480       1.2035010
       6565.0654       1.2029020
       6565.0828       1.2021944
       6565.1002       1.2013609
       6565.1176       1.2004180
       6565.1350       1.1994016
       6565.1524       1.1983424
       6565.1698       1.1972406
       6565.1873       1.1960527
       6565.2047       1.1947012
       6565.2221       1.1931061
       6565.2395       1.1912277
       6565.2569       1.1891009
       6565.2743       1.1868435
       6565.2917       1.1846332
       6565.3091       1.1826642
       6565.3265       1.1810903
       6565.3439       1.1799883
       6565.3614       1.1793420
       6565.3788       1.1790483
       6565.3962       1.1789385
       6565.4136       1.1788116
       6565.4310       1.1784745
       6565.4484       1.1777852
       6565.4658       1.1766907
       6565.4832       1.1752473
       6565.5006       1.1736120
       6565.5181       1.1719999
       6565.5355       1.1706210
       6565.5529       1.1696162
       6565.5703       1.1690195
       6565.5877       1.1687604
       6565.6051       1.1687030
       6565.6225       1.1687005
       6565.6399       1.1686409
       6565.6573       1.1684623
       6565.6747       1.1681374
       6565.6922       1.1676410
       6565.7096       1.1669241
       6565.7270       1.1659098
       6565.7444       1.1645184
       6565.7618       1.1627109
       6565.7792       1.1605293
       6565.7966       1.1581152
       6565.8140       1.1556939
       6565.8314       1.1535268
       6565.8488       1.1518491
       6565.8663       1.1508122
       6565.8837       1.1504516
       6565.9011       1.1506857
       6565.9185       1.1513439
       6565.9359       1.1522114
       6565.9533       1.1530784
       6565.9707       1.1537807
       6565.9881       1.1542261
       6566.0055       1.1543930
       6566.0229       1.1543129
       6566.0404       1.1540460
       6566.0578       1.1536621
       6566.0752       1.1532344
       6566.0926       1.1528440
       6566.1100       1.1525804
       6566.1274       1.1525272
       6566.1448       1.1527291
       6566.1622       1.1531543
       6566.1796       1.1536749
       6566.1970       1.1540825
       6566.2145       1.1541413
       6566.2319       1.1536610
       6566.2493       1.1525621
       6566.2667       1.1509101
       6566.2841       1.1489075
       6566.3015       1.1468495
       6566.3189       1.1450562
       6566.3363       1.1437994
       6566.3537       1.1432433
       6566.3712       1.1434117
       6566.3886       1.1441919
       6566.4060       1.1453733
       6566.4234       1.1467075
       6566.4408       1.1479697
       6566.4582       1.1489991
       6566.4756       1.1497071
       6566.4930       1.1500588
       6566.5104       1.1500433
       6566.5278       1.1496562
       6566.5453       1.1489008
       6566.5627       1.1478058
       6566.5801       1.1464401
       6566.5975       1.1449129
       6566.6149       1.1433543
       6566.6323       1.1418860
       6566.6497       1.1405987
       6566.6671       1.1395472
       6566.6845       1.1387586
       6566.7019       1.1382439
       6566.7194       1.1380045
       6566.7368       1.1380285
       6566.7542       1.1382799
       6566.7716       1.1386860
       6566.7890       1.1391301
       6566.8064       1.1394564
       6566.8238       1.1394904
       6566.8412       1.1390757
       6566.8586       1.1381185
       6566.8760       1.1366271
       6566.8935       1.1347278
       6566.9109       1.1326478
       6566.9283       1.1306689
       6566.9457       1.1290641
       6566.9631       1.1280401
       6566.9805       1.1277005
       6566.9979       1.1280352
       6567.0153       1.1289319
       6567.0327       1.1302047
       6567.0501       1.1316309
       6567.0676       1.1329930
       6567.0850       1.1341171
       6567.1024       1.1348983
       6567.1198       1.1353035
       6567.1372       1.1353520
       6567.1546       1.1350832
       6567.1720       1.1345312
       6567.1894       1.1337196
       6567.2068       1.1326774
       6567.2243       1.1314641
       6567.2417       1.1301837
       6567.2591       1.1289780
       6567.2765       1.1279982
       6567.2939       1.1273663
       6567.3113       1.1271475
       6567.3287       1.1273368
       6567.3461       1.1278581
       6567.3635       1.1285756
       6567.3809       1.1293119
       6567.3984       1.1298742
       6567.4158       1.1300892
       6567.4332       1.1298422
       6567.4506       1.1291116
       6567.4680       1.1279846
       6567.4854       1.1266479
       6567.5028       1.1253492
       6567.5202       1.1243395
       6567.5376       1.1238111
       6567.5550       1.1238460
       6567.5725       1.1243911
       6567.5899       1.1252644
       6567.6073       1.1261941
       6567.6247       1.1268796
       6567.6421       1.1270612
       6567.6595       1.1265802
       6567.6769       1.1254129
       6567.6943       1.1236716
       6567.7117       1.1215743
       6567.7291       1.1193920
       6567.7466       1.1173901
       6567.7640       1.1157769
       6567.7814       1.1146722
       6567.7988       1.1141004
       6567.8162       1.1140097
       6567.8336       1.1143103
       6567.8510       1.1149164
       6567.8684       1.1157763
       6567.8858       1.1168783
       6567.9032       1.1182288
       6567.9207       1.1198136
       6567.9381       1.1215570
       6567.9555       1.1233104
       6567.9729       1.1248659
       6567.9903       1.1259996
       6568.0077       1.1265272
       6568.0251       1.1263543
       6568.0425       1.1255049
       6568.0599       1.1241209
       6568.0774       1.1224338
       6568.0948       1.1207147
       6568.1122       1.1192142
       6568.1296       1.1181090
       6568.1470       1.1174670
       6568.1644       1.1172442
       6568.1818       1.1173145
       6568.1992       1.1175239
       6568.2166       1.1177495
       6568.2340       1.1179435
       6568.2515       1.1181488
       6568.2689       1.1184816
       6568.2863       1.1190903
       6568.3037       1.1201042
       6568.3211       1.1215880
       6568.3385       1.1235146
       6568.3559       1.1257653
       6568.3733       1.1281600
       6568.3907       1.1305122
       6568.4081       1.1326915
       6568.4256       1.1346724
       6568.4430       1.1365492
       6568.4604       1.1385092
       6568.4778       1.1407734
       6568.4952       1.1435284
       6568.5126       1.1468760
       6568.5300       1.1508165
       6568.5474       1.1552689
       6568.5648       1.1601103
       6568.5822       1.1652147
       6568.5997       1.1704728
       6568.6171       1.1757884
       6568.6345       1.1810595
       6568.6519       1.1861625
       6568.6693       1.1909485
       6568.6867       1.1952545
       6568.7041       1.1989239
       6568.7215       1.2018286
       6568.7389       1.2038871
       6568.7563       1.2050757
       6568.7738       1.2054317
       6568.7912       1.2050415
       6568.8086       1.2040142
       6568.8260       1.2024426
       6568.8434       1.2003643
       6568.8608       1.1977400
       6568.8782       1.1944590
       6568.8956       1.1903745
       6568.9130       1.1853565
       6568.9305       1.1793445
       6568.9479       1.1723820
       6568.9653       1.1646232
       6568.9827       1.1563103
       6569.0001       1.1477283
       6569.0175       1.1391508
       6569.0349       1.1307890
       6569.0523       1.1227598
       6569.0697       1.1150794
       6569.0871       1.1076879
       6569.1046       1.1004950
       6569.1220       1.0934355
       6569.1394       1.0865126
       6569.1568       1.0798154
       6569.1742       1.0735043
       6569.1916       1.0677687
       6569.2090       1.0627764
       6569.2264       1.0586297
       6569.2438       1.0553381
       6569.2612       1.0528382
       6569.2787       1.0510284
       6569.2961       1.0498186
       6569.3135       1.0491739
       6569.3309       1.0491342
       6569.3483       1.0498011
       6569.3657       1.0512926
       6569.3831       1.0536816
       6569.4005       1.0569399
       6569.4179       1.0609119
       6569.4353       1.0653307
       6569.4528       1.0698727
       6569.4702       1.0742309
       6569.4876       1.0781800
       6569.5050       1.0816088
       6569.5224       1.0845120
       6569.5398       1.0869502
       6569.5572       1.0890000
       6569.5746       1.0907159
       6569.5920       1.0921193
       6569.6094       1.0932151
       6569.6269       1.0940217
       6569.6443       1.0945970
       6569.6617       1.0950464
       6569.6791       1.0955076
       6569.6965       1.0961202
       6569.7139       1.0969904
       6569.7313       1.0981650
       6569.7487       1.0996172
       6569.7661       1.1012484
       6569.7836       1.1029019
       6569.8010       1.1043881
       6569.8184       1.1055181
       6569.8358       1.1061406
       6569.8532       1.1061737
       6569.8706       1.1056169
       6569.8880       1.1045562
       6569.9054       1.1031342
       6569.9228       1.1015223
       6569.9402       1.0998995
       6569.9577       1.0984365
       6569.9751       1.0972858
       6569.9925       1.0965699
       6570.0099       1.0963665
       6570.0273       1.0966945
       6570.0447       1.0975070
       6570.0621       1.0986971
       6570.0795       1.1001158
       6570.0969       1.1015983
       6570.1143       1.1029904
       6570.1318       1.1041709
       6570.1492       1.1050656
       6570.1666       1.1056507
       6570.1840       1.1059445
       6570.2014       1.1059896
       6570.2188       1.1058300
       6570.2362       1.1054924
       6570.2536       1.1049809
       6570.2710       1.1042870
       6570.2884       1.1034104
       6570.3059       1.1023797
       6570.3233       1.1012606
       6570.3407       1.1001470
       6570.3581       1.0991377
       6570.3755       1.0983077
       6570.3929       1.0976881
       6570.4103       1.0972584
       6570.4277       1.0969538
       6570.4451       1.0966782
       6570.4625       1.0963187
       6570.4800       1.0957570
       6570.4974       1.0948809
       6570.5148       1.0935995
       6570.5322       1.0918670
       6570.5496       1.0897092
       6570.5670       1.0872331
       6570.5844       1.0846250
       6570.6018       1.0821261
       6570.6192       1.0799902
       6570.6367       1.0784330
       6570.6541       1.0775885
       6570.6715       1.0774828
       6570.6889       1.0780339
       6570.7063       1.0790744
       6570.7237       1.0803886
       6570.7411       1.0817535
       6570.7585       1.0829708
       6570.7759       1.0838894
       6570.7933       1.0844170
       6570.8108       1.0845254
       6570.8282       1.0842513
       6570.8456       1.0836921
       6570.8630       1.0829917
       6570.8804       1.0823175
       6570.8978       1.0818293
       6570.9152       1.0816473
       6570.9326       1.0818267
       6570.9500       1.0823463
       6570.9674       1.0831136
       6570.9849       1.0839863
       6571.0023       1.0848045
       6571.0197       1.0854255
       6571.0371       1.0857525
       6571.0545       1.0857507
       6571.0719       1.0854498
       6571.0893       1.0849333
       6571.1067       1.0843196
       6571.1241       1.0837387
       6571.1415       1.0833070
       6571.1590       1.0831049
       6571.1764       1.0831643
       6571.1938       1.0834622
       6571.2112       1.0839388
       6571.2286       1.0845175
       6571.2460       1.0851238
       6571.2634       1.0856926
       6571.2808       1.0861652
       6571.2982       1.0864817
       6571.3156       1.0865791
       6571.3331       1.0863995
       6571.3505       1.0859031
       6571.3679       1.0850791
       6571.3853       1.0839494
       6571.4027       1.0825650
       6571.4201       1.0810002
       6571.4375       1.0793465
       6571.4549       1.0777052
       6571.4723       1.0761745
       6571.4898       1.0748317
       6571.5072       1.0737163
       6571.5246       1.0728247
       6571.5420       1.0721189
       6571.5594       1.0715505
       6571.5768       1.0710874
       6571.5942       1.0707315
       6571.6116       1.0705199
       6571.6290       1.0705087
       6571.6464       1.0707486
       6571.6639       1.0712634
       6571.6813       1.0720388
       6571.6987       1.0730225
       6571.7161       1.0741320
       6571.7335       1.0752637
       6571.7509       1.0763025
       6571.7683       1.0771321
       6571.7857       1.0776502
       6571.8031       1.0777845
       6571.8205       1.0775049
       6571.8380       1.0768297
       6571.8554       1.0758201
       6571.8728       1.0745667
       6571.8902       1.0731845
       6571.9076       1.0718114
       6571.9250       1.0706050
       6571.9424       1.0697298
       6571.9598       1.0693304
       6571.9772       1.0694973
       6571.9946       1.0702382
       6572.0121       1.0714690
       6572.0295       1.0730315
       6572.0469       1.0747332
       6572.0643       1.0763958
       6572.0817       1.0778982
       6572.0991       1.0792000
       6572.1165       1.0803419
       6572.1339       1.0814251
       6572.1513       1.0825787
       6572.1688       1.0839258
       6572.1862       1.0855560
       6572.2036       1.0875087
       6572.2210       1.0897645
       6572.2384       1.0922422
       6572.2558       1.0948005
       6572.2732       1.0972475
       6572.2906       1.0993618
       6572.3080       1.1009272
       6572.3254       1.1017781
       6572.3429       1.1018425
       6572.3603       1.1011703
       6572.3777       1.0999301
       6572.3951       1.0983716
       6572.4125       1.0967600
       6572.4299       1.0953030
       6572.4473       1.0940976
       6572.4647       1.0931160
       6572.4821       1.0922350
       6572.4995       1.0912921
       6572.5170       1.0901525
       6572.5344       1.0887476
       6572.5518       1.0870831
       6572.5692       1.0852220
       6572.5866       1.0832558
       6572.6040       1.0812763
       6572.6214       1.0793579
       6572.6388       1.0775504
       6572.6562       1.0758797
       6572.6736       1.0743526
       6572.6911       1.0729615
       6572.7085       1.0716874
       6572.7259       1.0705002
       6572.7433       1.0693608
       6572.7607       1.0682257
       6572.7781       1.0670602
       6572.7955       1.0658553
       6572.8129       1.0646446
       6572.8303       1.0635089
       6572.8477       1.0625650
       6572.8652       1.0619349
       6572.8826       1.0617080
       6572.9000       1.0619093
       6572.9174       1.0624887
       6572.9348       1.0633361
       6572.9522       1.0643157
       6572.9696       1.0653028
       6572.9870       1.0662092
       6573.0044       1.0669891
       6573.0219       1.0676287
       6573.0393       1.0681302
       6573.0567       1.0684983
       6573.0741       1.0687332
       6573.0915       1.0688322
       6573.1089       1.0687944
       6573.1263       1.0686283
       6573.1437       1.0683584
       6573.1611       1.0680231
       6573.1785       1.0676666
       6573.1960       1.0673284
       6573.2134       1.0670362
       6573.2308       1.0668077
       6573.2482       1.0666605
       6573.2656       1.0666200
       6573.2830       1.0667158
       6573.3004       1.0669654
       6573.3178       1.0673523
       6573.3352       1.0678134
       6573.3526       1.0682465
       6573.3701       1.0685392
       6573.3875       1.0686072
       6573.4049       1.0684255
       6573.4223       1.0680380
       6573.4397       1.0675427
       6573.4571       1.0670601
       6573.4745       1.0666988
       6573.4919       1.0665309
       6573.5093       1.0665831
       6573.5267       1.0668429
       6573.5442       1.0672695
       6573.5616       1.0678049
       6573.5790       1.0683790
       6573.5964       1.0689135
       6573.6138       1.0693261
       6573.6312       1.0695423
       6573.6486       1.0695115
       6573.6660       1.0692261
       6573.6834       1.0687339
       6573.7008       1.0681397
       6573.7183       1.0675911
       6573.7357       1.0672501
       6573.7531       1.0672581
       6573.7705       1.0677019
       6573.7879       1.0685923
       6573.8053       1.0698512
       6573.8227       1.0713352
       6573.8401       1.0728623
       6573.8575       1.0742476
       6573.8750       1.0753370
       6573.8924       1.0760308
       6573.9098       1.0762946
       6573.9272       1.0761546
       6573.9446       1.0756824
       6573.9620       1.0749720
       6573.9794       1.0741176
       6573.9968       1.0731953
       6574.0142       1.0722542
       6574.0316       1.0713160
       6574.0491       1.0703812
       6574.0665       1.0694374
       6574.0839       1.0684663
       6574.1013       1.0674505
       6574.1187       1.0663798
       6574.1361       1.0652554
       6574.1535       1.0640908
       6574.1709       1.0629051
       6574.1883       1.0617121
       6574.2057       1.0605109
       6574.2232       1.0592874
       6574.2406       1.0580302
       6574.2580       1.0567583
       6574.2754       1.0555484
       6574.2928       1.0545492
       6574.3102       1.0539721
       6574.3276       1.0540558
       6574.3450       1.0550119
       6574.3624       1.0569676
       6574.3798       1.0599233
       6574.3973       1.0637428
       6574.4147       1.0681799
       6574.4321       1.0729360
       6574.4495       1.0777236
       6574.4669       1.0823266
       6574.4843       1.0866244
       6574.5017       1.0905848
       6574.5191       1.0942351
       6574.5365       1.0976229
       6574.5539       1.1007787
       6574.5714       1.1036875
       6574.5888       1.1062733
       6574.6062       1.1083987
       6574.6236       1.1098839
       6574.6410       1.1105427
       6574.6584       1.1102292
       6574.6758       1.1088794
       6574.6932       1.1065327
       6574.7106       1.1033222
       6574.7281       1.0994391
       6574.7455       1.0950846
       6574.7629       1.0904304
       6574.7803       1.0856021
       6574.7977       1.0806902
       6574.8151       1.0757759
       6574.8325       1.0709555
       6574.8499       1.0663500
       6574.8673       1.0620924
       6574.8847       1.0583012
       6574.9022       1.0550512
       6574.9196       1.0523550
       6574.9370       1.0501615
       6574.9544       1.0483694
       6574.9718       1.0468491
       6574.9892       1.0454659
       6575.0066       1.0441006
       6575.0240       1.0426668
       6575.0414       1.0411275
       6575.0588       1.0395090
       6575.0763       1.0379063
       6575.0937       1.0364722
       6575.1111       1.0353814
       6575.1285       1.0347884
       6575.1459       1.0347860
       6575.1633       1.0353817
       6575.1807       1.0364984
       6575.1981       1.0379961
       6575.2155       1.0397008
       6575.2329       1.0414316
       6575.2504       1.0430198
       6575.2678       1.0443236
       6575.2852       1.0452411
       6575.3026       1.0457238
       6575.3200       1.0457860
       6575.3374       1.0455037
       6575.3548       1.0449984
       6575.3722       1.0444097
       6575.3896       1.0438646
       6575.4070       1.0434547
       6575.4245       1.0432277
       6575.4419       1.0431936
       6575.4593       1.0433401
       6575.4767       1.0436487
       6575.4941       1.0441021
       6575.5115       1.0446842
       6575.5289       1.0453735
       6575.5463       1.0461386
       6575.5637       1.0469401
       6575.5812       1.0477384
       6575.5986       1.0485052
       6575.6160       1.0492318
       6575.6334       1.0499317
       6575.6508       1.0506363
       6575.6682       1.0513860
       6575.6856       1.0522186
       6575.7030       1.0531567
       6575.7204       1.0541968
       6575.7378       1.0553008
       6575.7553       1.0563935
       6575.7727       1.0573698
       6575.7901       1.0581095
       6575.8075       1.0585007
       6575.8249       1.0584677
       6575.8423       1.0579957
       6575.8597       1.0571467
       6575.8771       1.0560574
       6575.8945       1.0549176
       6575.9119       1.0539320
       6575.9294       1.0532733
       6575.9468       1.0530417
       6575.9642       1.0532411
       6575.9816       1.0537812
       6575.9990       1.0545054
       6576.0164       1.0552368
       6576.0338       1.0558282
       6576.0512       1.0561983
       6576.0686       1.0563435
       6576.0860       1.0563176
       6576.1035       1.0561895
       6576.1209       1.0559942
       6576.1383       1.0557009
       6576.1557       1.0552126
       6576.1731       1.0544016
       6576.1905       1.0531647
       6576.2079       1.0514759
       6576.2253       1.0494111
       6576.2427       1.0471353
       6576.2601       1.0448621
       6576.2776       1.0428047
       6576.2950       1.0411417
       6576.3124       1.0400033
       6576.3298       1.0394704
       6576.3472       1.0395732
       6576.3646       1.0402802
       6576.3820       1.0414847
       6576.3994       1.0429990
       6576.4168       1.0445805
       6576.4343       1.0459870
       6576.4517       1.0470347
       6576.4691       1.0476431
       6576.4865       1.0478450
       6576.5039       1.0477594
       6576.5213       1.0475411
       6576.5387       1.0473294
       6576.5561       1.0472134
       6576.5735       1.0472210
       6576.5909       1.0473280
       6576.6084       1.0474756
       6576.6258       1.0475915
       6576.6432       1.0476085
       6576.6606       1.0474820
       6576.6780       1.0472041
       6576.6954       1.0468095
       6576.7128       1.0463689
       6576.7302       1.0459677
       6576.7476       1.0456785
       6576.7650       1.0455373
       6576.7825       1.0455359
       6576.7999       1.0456317
       6576.8173       1.0457684
       6576.8347       1.0458967
       6576.8521       1.0459863
       6576.8695       1.0460260
       6576.8869       1.0460195
       6576.9043       1.0459790
       6576.9217       1.0459249
       6576.9391       1.0458864
       6576.9566       1.0459002
       6576.9740       1.0460036
       6576.9914       1.0462212
       6577.0088       1.0465511
       6577.0262       1.0469573
       6577.0436       1.0473727
       6577.0610       1.0477137
       6577.0784       1.0479010
       6577.0958       1.0478758
       6577.1132       1.0476073
       6577.1307       1.0470920
       6577.1481       1.0463480
       6577.1655       1.0454093
       6577.1829       1.0443252
       6577.2003       1.0431642
       6577.2177       1.0420165
       6577.2351       1.0409922
       6577.2525       1.0402067
       6577.2699       1.0397560
       6577.2874       1.0396874
       6577.3048       1.0399744
       6577.3222       1.0405089
       6577.3396       1.0411168
       6577.3570       1.0415971
       6577.3744       1.0417760
       6577.3918       1.0415594
       6577.4092       1.0409658
       6577.4266       1.0401244
       6577.4440       1.0392385
       6577.4615       1.0385246
       6577.4789       1.0381501
       6577.4963       1.0381948
       6577.5137       1.0386453
       6577.5311       1.0394206
       6577.5485       1.0404114
       6577.5659       1.0415116
       6577.5833       1.0426308
       6577.6007       1.0436880
       6577.6181       1.0445982
       6577.6356       1.0452676
       6577.6530       1.0456065
       6577.6704       1.0455595
       6577.6878       1.0451375
       6577.7052       1.0444404
       6577.7226       1.0436433
       6577.7400       1.0429516
       6577.7574       1.0425419
       6577.7748       1.0425056
       6577.7922       1.0428182
       6577.8097       1.0433439
       6577.8271       1.0438748
       6577.8445       1.0441903
       6577.8619       1.0441193
       6577.8793       1.0435855
       6577.8967       1.0426266
       6577.9141       1.0413823
       6577.9315       1.0400584
       6577.9489       1.0388781
       6577.9663       1.0380363
       6577.9838       1.0376669
       6578.0012       1.0378274
       6578.0186       1.0384994
       6578.0360       1.0396001
       6578.0534       1.0410001
       6578.0708       1.0425460
       6578.0882       1.0440844
       6578.1056       1.0454849
       6578.1230       1.0466576
       6578.1405       1.0475577
       6578.1579       1.0481789
       6578.1753       1.0485351
       6578.1927       1.0486428
       6578.2101       1.0485110
       6578.2275       1.0481432
       6578.2449       1.0475507
       6578.2623       1.0467666
       6578.2797       1.0458531
       6578.2971       1.0448973
       6578.3146       1.0439962
       6578.3320       1.0432381
       6578.3494       1.0426902
       6578.3668       1.0423863
       6578.3842       1.0423336
       6578.4016       1.0425137
       6578.4190       1.0428828
       6578.4364       1.0433678
       6578.4538       1.0438646
       6578.4712       1.0442491
       6578.4887       1.0444042
       6578.5061       1.0442568
       6578.5235       1.0438094
       6578.5409       1.0431494
       6578.5583       1.0424271
       6578.5757       1.0418112
       6578.5931       1.0414381
       6578.6105       1.0413748
       6578.6279       1.0416079
       6578.6453       1.0420573
       6578.6628       1.0426035
       6578.6802       1.0431183
       6578.6976       1.0434881
       6578.7150       1.0436286
       6578.7324       1.0434917
       6578.7498       1.0430673
       6578.7672       1.0423820
       6578.7846       1.0414948
       6578.8020       1.0404897
       6578.8195       1.0394659
       6578.8369       1.0385265
       6578.8543       1.0377641
       6578.8717       1.0372472
       6578.8891       1.0370079
       6578.9065       1.0370352
       6578.9239       1.0372780
       6578.9413       1.0376566
       6578.9587       1.0380801
       6578.9761       1.0384640
       6578.9936       1.0387450
       6579.0110       1.0388926
       6579.0284       1.0389166
       6579.0458       1.0388676
       6579.0632       1.0388281
       6579.0806       1.0388911
       6579.0980       1.0391271
       6579.1154       1.0395533
       6579.1328       1.0401203
       6579.1502       1.0407273
       6579.1677       1.0412624
       6579.1851       1.0416511
       6579.2025       1.0418885
       6579.2199       1.0420391
       6579.2373       1.0422045
       6579.2547       1.0424736
       6579.2721       1.0428813
       6579.2895       1.0433935
       6579.3069       1.0439236
       6579.3243       1.0443721
       6579.3418       1.0446676
       6579.3592       1.0447915
       6579.3766       1.0447759
       6579.3940       1.0446798
       6579.4114       1.0445567
       6579.4288       1.0444333
       6579.4462       1.0443063
       6579.4636       1.0441578
       6579.4810       1.0439758
       6579.4984       1.0437679
       6579.5159       1.0435635
       6579.5333       1.0434062
       6579.5507       1.0433446
       6579.5681       1.0434264
       6579.5855       1.0436949
       6579.6029       1.0441827
       6579.6203       1.0449017
       6579.6377       1.0458297
       6579.6551       1.0469024
       6579.6726       1.0480165
       6579.6900       1.0490526
       6579.7074       1.0499018
       6579.7248       1.0504910
       6579.7422       1.0507947
       6579.7596       1.0508307
       6579.7770       1.0506434
       6579.7944       1.0502865
       6579.8118       1.0498111
       6579.8292       1.0492627
       6579.8467       1.0486792
       6579.8641       1.0480873
       6579.8815       1.0474944
       6579.8989       1.0468839
       6579.9163       1.0462214
       6579.9337       1.0454711
       6579.9511       1.0446157
       6579.9685       1.0436675
       6579.9859       1.0426636
       6580.0033       1.0416504
       6580.0208       1.0406694
       6580.0382       1.0397523
       6580.0556       1.0389267
       6580.0730       1.0382243
       6580.0904       1.0376811
       6580.1078       1.0373292
       6580.1252       1.0371846
       6580.1426       1.0372363
       6580.1600       1.0374444
       6580.1774       1.0377452
       6580.1949       1.0380642
       6580.2123       1.0383330
       6580.2297       1.0385081
       6580.2471       1.0385844
       6580.2645       1.0385977
       6580.2819       1.0386121
       6580.2993       1.0386962
       6580.3167       1.0388980
       6580.3341       1.0392322
       6580.3515       1.0396849
       6580.3690       1.0402309
       6580.3864       1.0408509
       6580.4038       1.0415388
       6580.4212       1.0422936
       6580.4386       1.0431010
       6580.4560       1.0439174
       6580.4734       1.0446676
       6580.4908       1.0452635
       6580.5082       1.0456383
       6580.5257       1.0457825
       6580.5431       1.0457621
       6580.5605       1.0457082
       6580.5779       1.0457784
       6580.5953       1.0461030
       6580.6127       1.0467391
       6580.6301       1.0476472
       6580.6475       1.0487001
       6580.6649       1.0497163
       6580.6823       1.0505067
       6580.6998       1.0509199
       6580.7172       1.0508762
       6580.7346       1.0503820
       6580.7520       1.0495250
       6580.7694       1.0484485
       6580.7868       1.0473118
       6580.8042       1.0462460
       6580.8216       1.0453176
       6580.8390       1.0445135
       6580.8564       1.0437525
       6580.8739       1.0429220
       6580.8913       1.0419256
       6580.9087       1.0407260
       6580.9261       1.0393644
       6580.9435       1.0379519
       6580.9609       1.0366372
       6580.9783       1.0355582
       6580.9957       1.0348044
       6581.0131       1.0343948
       6581.0305       1.0342767
       6581.0480       1.0343442
       6581.0654       1.0344697
       6581.0828       1.0345364
       6581.1002       1.0344644
       6581.1176       1.0342232
       6581.1350       1.0338292
       6581.1524       1.0333319
       6581.1698       1.0327944
       6581.1872       1.0322706
       6581.2046       1.0317870
       6581.2221       1.0313309
       6581.2395       1.0308536
       6581.2569       1.0302883
       6581.2743       1.0295821
       6581.2917       1.0287301
       6581.3091       1.0277973
       6581.3265       1.0269167
       6581.3439       1.0262578
       6581.3613       1.0259777
       6581.3788       1.0261699
       6581.3962       1.0268322
       6581.4136       1.0278631
       6581.4310       1.0290865
       6581.4484       1.0302961
       6581.4658       1.0313030
       6581.4832       1.0319753
       6581.5006       1.0322595
       6581.5180       1.0321816
       6581.5354       1.0318309
       6581.5529       1.0313322
       6581.5703       1.0308168
       6581.5877       1.0303983
       6581.6051       1.0301584
       6581.6225       1.0301362
       6581.6399       1.0303309
       6581.6573       1.0307085
       6581.6747       1.0312141
       6581.6921       1.0317858
       6581.7095       1.0323673
       6581.7270       1.0329129
       6581.7444       1.0333861
       6581.7618       1.0337546
       6581.7792       1.0339886
       6581.7966       1.0340648
       6581.8140       1.0339747
       6581.8314       1.0337301
       6581.8488       1.0333649
       6581.8662       1.0329287
       6581.8836       1.0324780
       6581.9011       1.0320667
       6581.9185       1.0317398
       6581.9359       1.0315280
       6581.9533       1.0314443
       6581.9707       1.0314826
       6581.9881       1.0316185
       6582.0055       1.0318135
       6582.0229       1.0320234
       6582.0403       1.0322057
       6582.0577       1.0323267
       6582.0752       1.0323652
       6582.0926       1.0323164
       6582.1100       1.0321946
       6582.1274       1.0320364
       6582.1448       1.0318993
       6582.1622       1.0318520
       6582.1796       1.0319560
       6582.1970       1.0322410
       6582.2144       1.0326821
       6582.2319       1.0331885
       6582.2493       1.0336115
       6582.2667       1.0337746
       6582.2841       1.0335286
       6582.3015       1.0328046
       6582.3189       1.0316570
       6582.3363       1.0302725
       6582.3537       1.0289352
       6582.3711       1.0279532
       6582.3885       1.0275682
       6582.4060       1.0278839
       6582.4234       1.0288389
       6582.4408       1.0302340
       6582.4582       1.0317984
       6582.4756       1.0332692
       6582.4930       1.0344542
       6582.5104       1.0352640
       6582.5278       1.0357112
       6582.5452       1.0358834
       6582.5626       1.0359038
       6582.5801       1.0358890
       6582.5975       1.0359186
       6582.6149       1.0360237
       6582.6323       1.0361968
       6582.6497       1.0364149
       6582.6671       1.0366604
       6582.6845       1.0369273
       6582.7019       1.0372106
       6582.7193       1.0374887
       6582.7367       1.0377158
       6582.7542       1.0378355
       6582.7716       1.0378103
       6582.7890       1.0376514
       6582.8064       1.0374286
       6582.8238       1.0372518
       6582.8412       1.0372328
       6582.8586       1.0374482
       6582.8760       1.0379235
       6582.8934       1.0386434
       6582.9108       1.0395791
       6582.9283       1.0407082
       6582.9457       1.0420186
       6582.9631       1.0434890
       6582.9805       1.0450629
       6582.9979       1.0466349
       6583.0153       1.0480597
       6583.0327       1.0491811
       6583.0501       1.0498680
       6583.0675       1.0500453
       6583.0850       1.0497077
       6583.1024       1.0489172
       6583.1198       1.0477888
       6583.1372       1.0464691
       6583.1546       1.0451150
       6583.1720       1.0438746
       6583.1894       1.0428708
       6583.2068       1.0421896
       6583.2242       1.0418743
       6583.2416       1.0419253
       6583.2591       1.0423068
       6583.2765       1.0429570
       6583.2939       1.0437984
       6583.3113       1.0447463
       6583.3287       1.0457166
       6583.3461       1.0466342
       6583.3635       1.0474408
       6583.3809       1.0480990
       6583.3983       1.0485882
       6583.4157       1.0488901
       6583.4332       1.0489693
       6583.4506       1.0487611
       6583.4680       1.0481736
       6583.4854       1.0471093
       6583.5028       1.0454971
       6583.5202       1.0433242
       6583.5376       1.0406525
       6583.5550       1.0376108
       6583.5724       1.0343701
       6583.5898       1.0310997
       6583.6073       1.0279309
       6583.6247       1.0249425
       6583.6421       1.0221677
       6583.6595       1.0196172
       6583.6769       1.0173045
       6583.6943       1.0152603
       6583.7117       1.0135319
       6583.7291       1.0121727
       6583.7465       1.0112299
       6583.7639       1.0107372
       6583.7814       1.0107137
       6583.7988       1.0111633
       6583.8162       1.0120734
       6583.8336       1.0134111
       6583.8510       1.0151191
       6583.8684       1.0171135
       6583.8858       1.0192854
       6583.9032       1.0215067
       6583.9206       1.0236437
       6583.9381       1.0255758
       6583.9555       1.0272186
       6583.9729       1.0285422
       6583.9903       1.0295767
       6584.0077       1.0304015
       6584.0251       1.0311199
       6584.0425       1.0318269
       6584.0599       1.0325825
       6584.0773       1.0333962
       6584.0947       1.0342276
       6584.1122       1.0350001
       6584.1296       1.0356250
       6584.1470       1.0360300
       6584.1644       1.0361844
       6584.1818       1.0361151
       6584.1992       1.0359031
       6584.2166       1.0356613
       6584.2340       1.0354952
       6584.2514       1.0354632
       6584.2688       1.0355563
       6584.2863       1.0357023
       6584.3037       1.0357966
       6584.3211       1.0357433
       6584.3385       1.0354916
       6584.3559       1.0350512
       6584.3733       1.0344841
       6584.3907       1.0338789
       6584.4081       1.0333187
       6584.4255       1.0328541
       6584.4429       1.0324884
       6584.4604       1.0321783
       6584.4778       1.0318514
       6584.4952       1.0314346
       6584.5126       1.0308861
       6584.5300       1.0302157
       6584.5474       1.0294842
       6584.5648       1.0287775
       6584.5822       1.0281691
       6584.5996       1.0276882
       6584.6170       1.0273121
       6584.6345       1.0269831
       6584.6519       1.0266417
       6584.6693       1.0262548
       6584.6867       1.0258268
       6584.7041       1.0253880
       6584.7215       1.0249727
       6584.7389       1.0245982
       6584.7563       1.0242585
       6584.7737       1.0239334
       6584.7912       1.0236093
       6584.8086       1.0232994
       6584.8260       1.0230527
       6584.8434       1.0229473
       6584.8608       1.0230702
       6584.8782       1.0234868
       6584.8956       1.0242147
       6584.9130       1.0252087
       6584.9304       1.0263569
       6584.9478       1.0274917
       6584.9653       1.0284170
       6584.9827       1.0289451
       6585.0001       1.0289412
