# Angstrom [air],  flux [abs.cor.cont.sub+1]
       6544.9962       1.0235189
       6545.0136       1.0231797
       6545.0310       1.0223314
       6545.0484       1.0212212
       6545.0658       1.0201331
       6545.0832       1.0193143
       6545.1006       1.0189273
       6545.1180       1.0190361
       6545.1355       1.0196207
       6545.1529       1.0206026
       6545.1703       1.0218670
       6545.1877       1.0232742
       6545.2051       1.0246703
       6545.2225       1.0259004
       6545.2399       1.0268293
       6545.2573       1.0273701
       6545.2747       1.0275104
       6545.2921       1.0273230
       6545.3096       1.0269540
       6545.3270       1.0265900
       6545.3444       1.0264136
       6545.3618       1.0265643
       6545.3792       1.0271180
       6545.3966       1.0280882
       6545.4140       1.0294464
       6545.4314       1.0311480
       6545.4488       1.0331564
       6545.4663       1.0354581
       6545.4837       1.0380711
       6545.5011       1.0410487
       6545.5185       1.0444820
       6545.5359       1.0484980
       6545.5533       1.0532532
       6545.5707       1.0589144
       6545.5881       1.0656295
       6545.6055       1.0734891
       6545.6229       1.0824921
       6545.6404       1.0925254
       6545.6578       1.1033691
       6545.6752       1.1147252
       6545.6926       1.1262594
       6545.7100       1.1376418
       6545.7274       1.1485727
       6545.7448       1.1587886
       6545.7622       1.1680565
       6545.7796       1.1761646
       6545.7971       1.1829239
       6545.8145       1.1881795
       6545.8319       1.1918275
       6545.8493       1.1938337
       6545.8667       1.1942173
       6545.8841       1.1930255
       6545.9015       1.1902945
       6545.9189       1.1860144
       6545.9363       1.1801179
       6545.9537       1.1724992
       6545.9712       1.1630588
       6545.9886       1.1517571
       6546.0060       1.1386572
       6546.0234       1.1239427
       6546.0408       1.1079061
       6546.0582       1.0909173
       6546.0756       1.0733816
       6546.0930       1.0556996
       6546.1104       1.0382352
       6546.1278       1.0212921
       6546.1453       1.0051010
       6546.1627      0.98982067
       6546.1801      0.97555254
       6546.1975      0.96236744
       6546.2149      0.95033689
       6546.2323      0.93955832
       6546.2497      0.93016565
       6546.2671      0.92232268
       6546.2845      0.91620236
       6546.3020      0.91195851
       6546.3194      0.90969715
       6546.3368      0.90945348
       6546.3542      0.91117931
       6546.3716      0.91474341
       6546.3890      0.91994309
       6546.4064      0.92652153
       6546.4238      0.93418391
       6546.4412      0.94260880
       6546.4586      0.95145736
       6546.4761      0.96038497
       6546.4935      0.96906456
       6546.5109      0.97722139
       6546.5283      0.98466024
       6546.5457      0.99128385
       6546.5631      0.99709066
       6546.5805       1.0021498
       6546.5979       1.0065599
       6546.6153       1.0104055
       6546.6328       1.0137265
       6546.6502       1.0165128
       6546.6676       1.0187280
       6546.6850       1.0203515
       6546.7024       1.0214219
       6546.7198       1.0220596
       6546.7372       1.0224539
       6546.7546       1.0228190
       6546.7720       1.0233344
       6546.7894       1.0240980
       6546.8069       1.0251094
       6546.8243       1.0262872
       6546.8417       1.0275095
       6546.8591       1.0286555
       6546.8765       1.0296353
       6546.8939       1.0304023
       6546.9113       1.0309521
       6546.9287       1.0313149
       6546.9461       1.0315458
       6546.9635       1.0317148
       6546.9810       1.0318939
       6546.9984       1.0321430
       6547.0158       1.0324954
       6547.0332       1.0329470
       6547.0506       1.0334496
       6547.0680       1.0339134
       6547.0854       1.0342150
       6547.1028       1.0342140
       6547.1202       1.0337697
       6547.1377       1.0327603
       6547.1551       1.0311059
       6547.1725       1.0287761
       6547.1899       1.0258076
       6547.2073       1.0223244
       6547.2247       1.0185547
       6547.2421       1.0148352
       6547.2595       1.0115867
       6547.2769       1.0092537
       6547.2943       1.0082172
       6547.3118       1.0087039
       6547.3292       1.0107238
       6547.3466       1.0140577
       6547.3640       1.0183017
       6547.3814       1.0229520
       6547.3988       1.0275015
       6547.4162       1.0315219
       6547.4336       1.0347139
       6547.4510       1.0369233
       6547.4685       1.0381337
       6547.4859       1.0384478
       6547.5033       1.0380643
       6547.5207       1.0372529
       6547.5381       1.0363195
       6547.5555       1.0355621
       6547.5729       1.0352203
       6547.5903       1.0354311
       6547.6077       1.0362052
       6547.6251       1.0374337
       6547.6426       1.0389240
       6547.6600       1.0404547
       6547.6774       1.0418319
       6547.6948       1.0429316
       6547.7122       1.0437174
       6547.7296       1.0442323
       6547.7470       1.0445692
       6547.7644       1.0448294
       6547.7818       1.0450838
       6547.7992       1.0453474
       6547.8167       1.0455772
       6547.8341       1.0456975
       6547.8515       1.0456383
       6547.8689       1.0453750
       6547.8863       1.0449484
       6547.9037       1.0444553
       6547.9211       1.0440113
       6547.9385       1.0436991
       6547.9559       1.0435223
       6547.9734       1.0433828
       6547.9908       1.0430864
       6548.0082       1.0423732
       6548.0256       1.0409603
       6548.0430       1.0385861
       6548.0604       1.0350513
       6548.0778       1.0302555
       6548.0952       1.0242324
       6548.1126       1.0171780
       6548.1300       1.0094629
       6548.1475       1.0016139
       6548.1649      0.99425633
       6548.1823      0.98802366
       6548.1997      0.98345300
       6548.2171      0.98089774
       6548.2345      0.98048211
       6548.2519      0.98210716
       6548.2693      0.98549781
       6548.2867      0.99026803
       6548.3042      0.99598129
       6548.3216       1.0021950
       6548.3390       1.0084911
       6548.3564       1.0145010
       6548.3738       1.0199328
       6548.3912       1.0245953
       6548.4086       1.0284124
       6548.4260       1.0314138
       6548.4434       1.0337082
       6548.4608       1.0354412
       6548.4783       1.0367430
       6548.4957       1.0377065
       6548.5131       1.0383861
       6548.5305       1.0388154
       6548.5479       1.0390321
       6548.5653       1.0390960
       6548.5827       1.0390892
       6548.6001       1.0391024
       6548.6175       1.0392130
       6548.6349       1.0394677
       6548.6524       1.0398776
       6548.6698       1.0404251
       6548.6872       1.0410797
       6548.7046       1.0418137
       6548.7220       1.0426114
       6548.7394       1.0434693
       6548.7568       1.0443904
       6548.7742       1.0453775
       6548.7916       1.0464304
       6548.8091       1.0475474
       6548.8265       1.0487271
       6548.8439       1.0499674
       6548.8613       1.0512592
       6548.8787       1.0525799
       6548.8961       1.0538890
       6548.9135       1.0551301
       6548.9309       1.0562365
       6548.9483       1.0571373
       6548.9657       1.0577606
       6548.9832       1.0580355
       6549.0006       1.0578969
       6549.0180       1.0572959
       6549.0354       1.0562165
       6549.0528       1.0546923
       6549.0702       1.0528181
       6549.0876       1.0507494
       6549.1050       1.0486877
       6549.1224       1.0468446
       6549.1398       1.0454032
       6549.1573       1.0444783
       6549.1747       1.0440891
       6549.1921       1.0441544
       6549.2095       1.0445125
       6549.2269       1.0449603
       6549.2443       1.0453014
       6549.2617       1.0453877
       6549.2791       1.0451448
       6549.2965       1.0445773
       6549.3140       1.0437565
       6549.3314       1.0427972
       6549.3488       1.0418308
       6549.3662       1.0409813
       6549.3836       1.0403447
       6549.4010       1.0399751
       6549.4184       1.0398781
       6549.4358       1.0400129
       6549.4532       1.0403035
       6549.4706       1.0406559
       6549.4881       1.0409775
       6549.5055       1.0411940
       6549.5229       1.0412605
       6549.5403       1.0411670
       6549.5577       1.0409407
       6549.5751       1.0406423
       6549.5925       1.0403572
       6549.6099       1.0401799
       6549.6273       1.0401921
       6549.6448       1.0404415
       6549.6622       1.0409282
       6549.6796       1.0416073
       6549.6970       1.0424080
       6549.7144       1.0432623
       6549.7318       1.0441322
       6549.7492       1.0450207
       6549.7666       1.0459602
       6549.7840       1.0469837
       6549.8014       1.0480938
       6549.8189       1.0492442
       6549.8363       1.0503426
       6549.8537       1.0512712
       6549.8711       1.0519145
       6549.8885       1.0521804
       6549.9059       1.0520121
       6549.9233       1.0513905
       6549.9407       1.0503380
       6549.9581       1.0489266
       6549.9755       1.0472858
       6549.9930       1.0455998
       6550.0104       1.0440829
       6550.0278       1.0429327
       6550.0452       1.0422763
       6550.0626       1.0421329
       6550.0800       1.0424128
       6550.0974       1.0429574
       6550.1148       1.0436038
       6550.1322       1.0442455
       6550.1497       1.0448596
       6550.1671       1.0454930
       6550.1845       1.0462154
       6550.2019       1.0470685
       6550.2193       1.0480344
       6550.2367       1.0490364
       6550.2541       1.0499655
       6550.2715       1.0507154
       6550.2889       1.0512091
       6550.3063       1.0514096
       6550.3238       1.0513181
       6550.3412       1.0509642
       6550.3586       1.0503983
       6550.3760       1.0496852
       6550.3934       1.0489015
       6550.4108       1.0481331
       6550.4282       1.0474689
       6550.4456       1.0469916
       6550.4630       1.0467628
       6550.4805       1.0468023
       6550.4979       1.0470723
       6550.5153       1.0474744
       6550.5327       1.0478677
       6550.5501       1.0481068
       6550.5675       1.0480875
       6550.5849       1.0477842
       6550.6023       1.0472636
       6550.6197       1.0466676
       6550.6371       1.0461734
       6550.6546       1.0459436
       6550.6720       1.0460840
       6550.6894       1.0466240
       6550.7068       1.0475216
       6550.7242       1.0486871
       6550.7416       1.0500123
       6550.7590       1.0513944
       6550.7764       1.0527470
       6550.7938       1.0540027
       6550.8112       1.0551141
       6550.8287       1.0560553
       6550.8461       1.0568261
       6550.8635       1.0574508
       6550.8809       1.0579688
       6550.8983       1.0584182
       6550.9157       1.0588193
       6550.9331       1.0591671
       6550.9505       1.0594387
       6550.9679       1.0596115
       6550.9854       1.0596834
       6551.0028       1.0596825
       6551.0202       1.0596608
       6551.0376       1.0596748
       6551.0550       1.0597616
       6551.0724       1.0599248
       6551.0898       1.0601391
       6551.1072       1.0603696
       6551.1246       1.0605943
       6551.1420       1.0608158
       6551.1595       1.0610573
       6551.1769       1.0613438
       6551.1943       1.0616816
       6551.2117       1.0620477
       6551.2291       1.0623947
       6551.2465       1.0626657
       6551.2639       1.0628122
       6551.2813       1.0628040
       6551.2987       1.0626292
       6551.3162       1.0622883
       6551.3336       1.0617874
       6551.3510       1.0611355
       6551.3684       1.0603444
       6551.3858       1.0594289
       6551.4032       1.0584056
       6551.4206       1.0572911
       6551.4380       1.0561021
       6551.4554       1.0548580
       6551.4728       1.0535844
       6551.4903       1.0523162
       6551.5077       1.0510984
       6551.5251       1.0499854
       6551.5425       1.0490416
       6551.5599       1.0483423
       6551.5773       1.0479725
       6551.5947       1.0480161
       6551.6121       1.0485339
       6551.6295       1.0495360
       6551.6469       1.0509607
       6551.6644       1.0526766
       6551.6818       1.0545133
       6551.6992       1.0563107
       6551.7166       1.0579706
       6551.7340       1.0594758
       6551.7514       1.0608723
       6551.7688       1.0622237
       6551.7862       1.0635626
       6551.8036       1.0648638
       6551.8211       1.0660495
       6551.8385       1.0670207
       6551.8559       1.0676937
       6551.8733       1.0680254
       6551.8907       1.0680189
       6551.9081       1.0677160
       6551.9255       1.0671835
       6551.9429       1.0664966
       6551.9603       1.0657174
       6551.9777       1.0648641
       6551.9952       1.0638762
       6552.0126       1.0625906
       6552.0300       1.0607454
       6552.0474       1.0580242
       6552.0648       1.0541364
       6552.0822       1.0489138
       6552.0996       1.0423926
       6552.1170       1.0348534
       6552.1344       1.0268022
       6552.1519       1.0188972
       6552.1693       1.0118450
       6552.1867       1.0062959
       6552.2041       1.0027639
       6552.2215       1.0015777
       6552.2389       1.0028595
       6552.2563       1.0065189
       6552.2737       1.0122605
       6552.2911       1.0196070
       6552.3085       1.0279488
       6552.3260       1.0366174
       6552.3434       1.0449671
       6552.3608       1.0524588
       6552.3782       1.0587150
       6552.3956       1.0635325
       6552.4130       1.0668750
       6552.4304       1.0688529
       6552.4478       1.0696960
       6552.4652       1.0697215
       6552.4826       1.0692898
       6552.5001       1.0687508
       6552.5175       1.0683880
       6552.5349       1.0683781
       6552.5523       1.0687820
       6552.5697       1.0695687
       6552.5871       1.0706604
       6552.6045       1.0719769
       6552.6219       1.0734601
       6552.6393       1.0750733
       6552.6568       1.0767846
       6552.6742       1.0785498
       6552.6916       1.0803072
       6552.7090       1.0819879
       6552.7264       1.0835343
       6552.7438       1.0849164
       6552.7612       1.0861390
       6552.7786       1.0872353
       6552.7960       1.0882510
       6552.8134       1.0892237
       6552.8309       1.0901640
       6552.8483       1.0910471
       6552.8657       1.0918180
       6552.8831       1.0924124
       6552.9005       1.0927858
       6552.9179       1.0929399
       6552.9353       1.0929321
       6552.9527       1.0928605
       6552.9701       1.0928251
       6552.9875       1.0928808
       6553.0050       1.0929987
       6553.0224       1.0930588
       6553.0398       1.0928867
       6553.0572       1.0923117
       6553.0746       1.0912299
       6553.0920       1.0896411
       6553.1094       1.0876439
       6553.1268       1.0853932
       6553.1442       1.0830406
       6553.1617       1.0806862
       6553.1791       1.0783615
       6553.1965       1.0760438
       6553.2139       1.0736911
       6553.2313       1.0712751
       6553.2487       1.0688021
       6553.2661       1.0663171
       6553.2835       1.0638978
       6553.3009       1.0616467
       6553.3183       1.0596862
       6553.3358       1.0581526
       6553.3532       1.0571861
       6553.3706       1.0569105
       6553.3880       1.0574042
       6553.4054       1.0586706
       6553.4228       1.0606190
       6553.4402       1.0630692
       6553.4576       1.0657819
       6553.4750       1.0685094
       6553.4925       1.0710491
       6553.5099       1.0732798
       6553.5273       1.0751712
       6553.5447       1.0767637
       6553.5621       1.0781332
       6553.5795       1.0793549
       6553.5969       1.0804798
       6553.6143       1.0815288
       6553.6317       1.0825004
       6553.6491       1.0833833
       6553.6666       1.0841716
       6553.6840       1.0848697
       6553.7014       1.0854937
       6553.7188       1.0860688
       6553.7362       1.0866233
       6553.7536       1.0871820
       6553.7710       1.0877608
       6553.7884       1.0883646
       6553.8058       1.0889917
       6553.8232       1.0896431
       6553.8407       1.0903334
       6553.8581       1.0910947
       6553.8755       1.0919706
       6553.8929       1.0929985
       6553.9103       1.0941891
       6553.9277       1.0955099
       6553.9451       1.0968786
       6553.9625       1.0981704
       6553.9799       1.0992358
       6553.9974       1.0999270
       6554.0148       1.1001305
       6554.0322       1.0997963
       6554.0496       1.0989577
       6554.0670       1.0977326
       6554.0844       1.0963027
       6554.1018       1.0948752
       6554.1192       1.0936385
       6554.1366       1.0927238
       6554.1540       1.0921823
       6554.1715       1.0919805
       6554.1889       1.0920138
       6554.2063       1.0921313
       6554.2237       1.0921695
       6554.2411       1.0919868
       6554.2585       1.0914951
       6554.2759       1.0906801
       6554.2933       1.0896061
       6554.3107       1.0884056
       6554.3282       1.0872496
       6554.3456       1.0863099
       6554.3630       1.0857257
       6554.3804       1.0855797
       6554.3978       1.0858885
       6554.4152       1.0866084
       6554.4326       1.0876518
       6554.4500       1.0889116
       6554.4674       1.0902836
       6554.4848       1.0916846
       6554.5023       1.0930588
       6554.5197       1.0943760
       6554.5371       1.0956232
       6554.5545       1.0967979
       6554.5719       1.0979063
       6554.5893       1.0989643
       6554.6067       1.0999948
       6554.6241       1.1010165
       6554.6415       1.1020289
       6554.6589       1.1030011
       6554.6764       1.1038783
       6554.6938       1.1046073
       6554.7112       1.1051739
       6554.7286       1.1056327
       6554.7460       1.1061125
       6554.7634       1.1067886
       6554.7808       1.1078327
       6554.7982       1.1093593
       6554.8156       1.1113927
       6554.8331       1.1138684
       6554.8505       1.1166646
       6554.8679       1.1196512
       6554.8853       1.1227320
       6554.9027       1.1258653
       6554.9201       1.1290554
       6554.9375       1.1323238
       6554.9549       1.1356760
       6554.9723       1.1390726
       6554.9897       1.1424266
       6555.0072       1.1456158
       6555.0246       1.1485053
       6555.0420       1.1509725
       6555.0594       1.1529249
       6555.0768       1.1543111
       6555.0942       1.1551207
       6555.1116       1.1553769
       6555.1290       1.1551201
       6555.1464       1.1543855
       6555.1639       1.1531797
       6555.1813       1.1514630
       6555.1987       1.1491467
       6555.2161       1.1461127
       6555.2335       1.1422518
       6555.2509       1.1375118
       6555.2683       1.1319353
       6555.2857       1.1256708
       6555.3031       1.1189506
       6555.3205       1.1120463
       6555.3380       1.1052205
       6555.3554       1.0986932
       6555.3728       1.0926335
       6555.3902       1.0871682
       6555.4076       1.0823969
       6555.4250       1.0784017
       6555.4424       1.0752481
       6555.4598       1.0729809
       6555.4772       1.0716188
       6555.4946       1.0711510
       6555.5121       1.0715334
       6555.5295       1.0726832
       6555.5469       1.0744723
       6555.5643       1.0767267
       6555.5817       1.0792353
       6555.5991       1.0817722
       6555.6165       1.0841344
       6555.6339       1.0861863
       6555.6513       1.0878919
       6555.6688       1.0893274
       6555.6862       1.0906621
       6555.7036       1.0921061
       6555.7210       1.0938376
       6555.7384       1.0959334
       6555.7558       1.0983275
       6555.7732       1.1008168
       6555.7906       1.1031146
       6555.8080       1.1049327
       6555.8254       1.1060631
       6555.8429       1.1064294
       6555.8603       1.1060931
       6555.8777       1.1052199
       6555.8951       1.1040236
       6555.9125       1.1027111
       6555.9299       1.1014448
       6555.9473       1.1003276
       6555.9647       1.0994040
       6555.9821       1.0986719
       6555.9996       1.0980975
       6556.0170       1.0976340
       6556.0344       1.0972409
       6556.0518       1.0969046
       6556.0692       1.0966518
       6556.0866       1.0965514
       6556.1040       1.0967010
       6556.1214       1.0972001
       6556.1388       1.0981189
       6556.1562       1.0994717
       6556.1737       1.1012051
       6556.1911       1.1032016
       6556.2085       1.1052993
       6556.2259       1.1073211
       6556.2433       1.1091091
       6556.2607       1.1105556
       6556.2781       1.1116366
       6556.2955       1.1124116
       6556.3129       1.1130102
       6556.3303       1.1135916
       6556.3478       1.1142923
       6556.3652       1.1151790
       6556.3826       1.1162238
       6556.4000       1.1173127
       6556.4174       1.1182807
       6556.4348       1.1189572
       6556.4522       1.1192037
       6556.4696       1.1189295
       6556.4870       1.1180840
       6556.5045       1.1166358
       6556.5219       1.1145565
       6556.5393       1.1118192
       6556.5567       1.1084177
       6556.5741       1.1043922
       6556.5915       1.0998453
       6556.6089       1.0949356
       6556.6263       1.0898469
       6556.6437       1.0847507
       6556.6611       1.0797820
       6556.6786       1.0750430
       6556.6960       1.0706341
       6556.7134       1.0666941
       6556.7308       1.0634250
       6556.7482       1.0610816
       6556.7656       1.0599228
       6556.7830       1.0601401
       6556.8004       1.0617887
       6556.8178       1.0647509
       6556.8352       1.0687472
       6556.8527       1.0733943
       6556.8701       1.0782873
       6556.8875       1.0830799
       6556.9049       1.0875311
       6556.9223       1.0915197
       6556.9397       1.0950207
       6556.9571       1.0980695
       6556.9745       1.1007398
       6556.9919       1.1031348
       6557.0094       1.1053813
       6557.0268       1.1076112
       6557.0442       1.1099257
       6557.0616       1.1123544
       6557.0790       1.1148327
       6557.0964       1.1172149
       6557.1138       1.1193228
       6557.1312       1.1210081
       6557.1486       1.1222024
       6557.1660       1.1229340
       6557.1835       1.1233145
       6557.2009       1.1235057
       6557.2183       1.1236859
       6557.2357       1.1240209
       6557.2531       1.1246409
       6557.2705       1.1256174
       6557.2879       1.1269409
       6557.3053       1.1285092
       6557.3227       1.1301361
       6557.3402       1.1315849
       6557.3576       1.1326215
       6557.3750       1.1330675
       6557.3924       1.1328382
       6557.4098       1.1319542
       6557.4272       1.1305285
       6557.4446       1.1287358
       6557.4620       1.1267738
       6557.4794       1.1248223
       6557.4968       1.1230078
       6557.5143       1.1213809
       6557.5317       1.1199160
       6557.5491       1.1185353
       6557.5665       1.1171483
       6557.5839       1.1156930
       6557.6013       1.1141601
       6557.6187       1.1125906
       6557.6361       1.1110572
       6557.6535       1.1096433
       6557.6709       1.1084342
       6557.6884       1.1075209
       6557.7058       1.1070059
       6557.7232       1.1069954
       6557.7406       1.1075712
       6557.7580       1.1087521
       6557.7754       1.1104671
       6557.7928       1.1125586
       6557.8102       1.1148219
       6557.8276       1.1170641
       6557.8451       1.1191540
       6557.8625       1.1210443
       6557.8799       1.1227566
       6557.8973       1.1243459
       6557.9147       1.1258618
       6557.9321       1.1273245
       6557.9495       1.1287208
       6557.9669       1.1300163
       6557.9843       1.1311714
       6558.0017       1.1321547
       6558.0192       1.1329461
       6558.0366       1.1335346
       6558.0540       1.1339123
       6558.0714       1.1340730
       6558.0888       1.1340163
       6558.1062       1.1337557
       6558.1236       1.1333271
       6558.1410       1.1327927
       6558.1584       1.1322400
       6558.1759       1.1317741
       6558.1933       1.1315042
       6558.2107       1.1315273
       6558.2281       1.1319018
       6558.2455       1.1326311
       6558.2629       1.1336581
       6558.2803       1.1348766
       6558.2977       1.1361596
       6558.3151       1.1373943
       6558.3325       1.1385087
       6558.3500       1.1394776
       6558.3674       1.1403059
       6558.3848       1.1410024
       6558.4022       1.1415586
       6558.4196       1.1419499
       6558.4370       1.1421583
       6558.4544       1.1422048
       6558.4718       1.1421709
       6558.4892       1.1421921
       6558.5066       1.1424220
       6558.5241       1.1429825
       6558.5415       1.1439198
       6558.5589       1.1451892
       6558.5763       1.1466692
       6558.5937       1.1482006
       6558.6111       1.1496321
       6558.6285       1.1508583
       6558.6459       1.1518403
       6558.6633       1.1526091
       6558.6808       1.1532508
       6558.6982       1.1538804
       6558.7156       1.1546081
       6558.7330       1.1555077
       6558.7504       1.1565960
       6558.7678       1.1578321
       6558.7852       1.1591364
       6558.8026       1.1604238
       6558.8200       1.1616360
       6558.8374       1.1627609
       6558.8549       1.1638325
       6558.8723       1.1649123
       6558.8897       1.1660628
       6558.9071       1.1673211
       6558.9245       1.1686921
       6558.9419       1.1701572
       6558.9593       1.1716955
       6558.9767       1.1733060
       6558.9941       1.1750160
       6559.0116       1.1768723
       6559.0290       1.1789156
       6559.0464       1.1811534
       6559.0638       1.1835415
       6559.0812       1.1859851
       6559.0986       1.1883572
       6559.1160       1.1905248
       6559.1334       1.1923716
       6559.1508       1.1938106
       6559.1682       1.1947847
       6559.1857       1.1952622
       6559.2031       1.1952311
       6559.2205       1.1946968
       6559.2379       1.1936821
       6559.2553       1.1922287
       6559.2727       1.1903975
       6559.2901       1.1882667
       6559.3075       1.1859242
       6559.3249       1.1834542
       6559.3423       1.1809182
       6559.3598       1.1783393
       6559.3772       1.1756956
       6559.3946       1.1729312
       6559.4120       1.1699805
       6559.4294       1.1667998
       6559.4468       1.1633921
       6559.4642       1.1598179
       6559.4816       1.1561901
       6559.4990       1.1526542
       6559.5165       1.1493641
       6559.5339       1.1464570
       6559.5513       1.1440372
       6559.5687       1.1421743
       6559.5861       1.1409097
       6559.6035       1.1402679
       6559.6209       1.1402642
       6559.6383       1.1409062
       6559.6557       1.1421904
       6559.6731       1.1441002
       6559.6906       1.1466084
       6559.7080       1.1496850
       6559.7254       1.1533036
       6559.7428       1.1574418
       6559.7602       1.1620722
       6559.7776       1.1671498
       6559.7950       1.1726011
       6559.8124       1.1783207
       6559.8298       1.1841773
       6559.8473       1.1900262
       6559.8647       1.1957226
       6559.8821       1.2011322
       6559.8995       1.2061365
       6559.9169       1.2106340
       6559.9343       1.2145401
       6559.9517       1.2177897
       6559.9691       1.2203462
       6559.9865       1.2222140
       6560.0039       1.2234549
       6560.0214       1.2241972
       6560.0388       1.2246341
       6560.0562       1.2250031
       6560.0736       1.2255470
       6560.0910       1.2264626
       6560.1084       1.2278529
       6560.1258       1.2296993
       6560.1432       1.2318687
       6560.1606       1.2341571
       6560.1780       1.2363569
       6560.1955       1.2383308
       6560.2129       1.2400560
       6560.2303       1.2416266
       6560.2477       1.2432126
       6560.2651       1.2449930
       6560.2825       1.2470858
       6560.2999       1.2495019
       6560.3173       1.2521376
       6560.3347       1.2548049
       6560.3522       1.2572843
       6560.3696       1.2593796
       6560.3870       1.2609597
       6560.4044       1.2619775
       6560.4218       1.2624704
       6560.4392       1.2625454
       6560.4566       1.2623563
       6560.4740       1.2620772
       6560.4914       1.2618757
       6560.5088       1.2618902
       6560.5263       1.2622132
       6560.5437       1.2628844
       6560.5611       1.2638929
       6560.5785       1.2651888
       6560.5959       1.2667035
       6560.6133       1.2683731
       6560.6307       1.2701622
       6560.6481       1.2720772
       6560.6655       1.2741681
       6560.6829       1.2765170
       6560.7004       1.2792192
       6560.7178       1.2823641
       6560.7352       1.2860198
       6560.7526       1.2902209
       6560.7700       1.2949586
       6560.7874       1.3001739
       6560.8048       1.3057568
       6560.8222       1.3115602
       6560.8396       1.3174231
       6560.8571       1.3232099
       6560.8745       1.3288347
       6560.8919       1.3342693
       6560.9093       1.3395307
       6560.9267       1.3446571
       6560.9441       1.3496886
       6560.9615       1.3546651
       6560.9789       1.3596427
       6560.9963       1.3647131
       6561.0137       1.3700094
       6561.0312       1.3756836
       6561.0486       1.3818631
       6561.0660       1.3886022
       6561.0834       1.3958551
       6561.1008       1.4034813
       6561.1182       1.4112831
       6561.1356       1.4190590
       6561.1530       1.4266524
       6561.1704       1.4339852
       6561.1879       1.4410679
       6561.2053       1.4479929
       6561.2227       1.4549157
       6561.2401       1.4620313
       6561.2575       1.4695504
       6561.2749       1.4776769
       6561.2923       1.4865890
       6561.3097       1.4964222
       6561.3271       1.5072583
       6561.3445       1.5191214
       6561.3620       1.5319822
       6561.3794       1.5457684
       6561.3968       1.5603770
       6561.4142       1.5756814
       6561.4316       1.5915348
       6561.4490       1.6077727
       6561.4664       1.6242223
       6561.4838       1.6407286
       6561.5012       1.6571964
       6561.5186       1.6736280
       6561.5361       1.6901445
       6561.5535       1.7069720
       6561.5709       1.7243913
       6561.5883       1.7426645
       6561.6057       1.7619646
       6561.6231       1.7823357
       6561.6405       1.8036929
       6561.6579       1.8258583
       6561.6753       1.8486113
       6561.6928       1.8717327
       6561.7102       1.8950277
       6561.7276       1.9183279
       6561.7450       1.9414817
       6561.7624       1.9643433
       6561.7798       1.9867682
       6561.7972       2.0086151
       6561.8146       2.0297508
       6561.8320       2.0500553
       6561.8494       2.0694233
       6561.8669       2.0877641
       6561.8843       2.1049982
       6561.9017       2.1210535
       6561.9191       2.1358652
       6561.9365       2.1493811
       6561.9539       2.1615778
       6561.9713       2.1724846
       6561.9887       2.1822104
       6562.0061       2.1909628
       6562.0236       2.1990461
       6562.0410       2.2068326
       6562.0584       2.2147063
       6562.0758       2.2229923
       6562.0932       2.2318882
       6562.1106       2.2414203
       6562.1280       2.2514394
       6562.1454       2.2616472
       6562.1628       2.2716939
       6562.1802       2.2812663
       6562.1977       2.2901734
       6562.2151       2.2984004
       6562.2325       2.3061175
       6562.2499       2.3136468
       6562.2673       2.3213999
       6562.2847       2.3298014
       6562.3021       2.3392149
       6562.3195       2.3498820
       6562.3369       2.3618847
       6562.3543       2.3751374
       6562.3718       2.3894100
       6562.3892       2.4043798
       6562.4066       2.4197021
       6562.4240       2.4350843
       6562.4414       2.4503456
       6562.4588       2.4654462
       6562.4762       2.4804769
       6562.4936       2.4956122
       6562.5110       2.5110448
       6562.5285       2.5269257
       6562.5459       2.5433296
       6562.5633       2.5602560
       6562.5807       2.5776513
       6562.5981       2.5954325
       6562.6155       2.6134886
       6562.6329       2.6316533
       6562.6503       2.6496607
       6562.6677       2.6671114
       6562.6851       2.6834786
       6562.7026       2.6981660
       6562.7200       2.7106067
       6562.7374       2.7203667
       6562.7548       2.7272130
       6562.7722       2.7311102
       6562.7896       2.7321971
       6562.8070       2.7306771
       6562.8244       2.7267238
       6562.8418       2.7204286
       6562.8593       2.7117885
       6562.8767       2.7007342
       6562.8941       2.6871858
       6562.9115       2.6711119
       6562.9289       2.6525715
       6562.9463       2.6317251
       6562.9637       2.6088177
       6562.9811       2.5841493
       6562.9985       2.5580528
       6563.0159       2.5308902
       6563.0334       2.5030658
       6563.0508       2.4750380
       6563.0682       2.4473123
       6563.0856       2.4204031
       6563.1030       2.3947681
       6563.1204       2.3707318
       6563.1378       2.3484251
       6563.1552       2.3277641
       6563.1726       2.3084776
       6563.1900       2.2901758
       6563.2075       2.2724395
       6563.2249       2.2549027
       6563.2423       2.2373134
       6563.2597       2.2195670
       6563.2771       2.2017129
       6563.2945       2.1839380
       6563.3119       2.1665271
       6563.3293       2.1498043
       6563.3467       2.1340656
       6563.3642       2.1195176
       6563.3816       2.1062398
       6563.3990       2.0941740
       6563.4164       2.0831385
       6563.4338       2.0728548
       6563.4512       2.0629799
       6563.4686       2.0531508
       6563.4860       2.0430187
       6563.5034       2.0322893
       6563.5208       2.0207656
       6563.5383       2.0083868
       6563.5557       1.9952529
       6563.5731       1.9816201
       6563.5905       1.9678550
       6563.6079       1.9543466
       6563.6253       1.9413967
       6563.6427       1.9291257
       6563.6601       1.9174333
       6563.6775       1.9060405
       6563.6950       1.8946061
       6563.7124       1.8828785
       6563.7298       1.8708296
       6563.7472       1.8587163
       6563.7646       1.8470433
       6563.7820       1.8364340
       6563.7994       1.8274479
       6563.8168       1.8204035
       6563.8342       1.8152666
       6563.8516       1.8116396
       6563.8691       1.8088565
       6563.8865       1.8061481
       6563.9039       1.8028208
       6563.9213       1.7983882
       6563.9387       1.7926183
       6563.9561       1.7854928
       6563.9735       1.7771083
       6563.9909       1.7675662
       6564.0083       1.7568971
       6564.0257       1.7450430
       6564.0432       1.7318938
       6564.0606       1.7173559
       6564.0780       1.7014123
       6564.0954       1.6841878
       6564.1128       1.6659377
       6564.1302       1.6470198
       6564.1476       1.6278468
       6564.1650       1.6088277
       6564.1824       1.5903135
       6564.1999       1.5725608
       6564.2173       1.5557164
       6564.2347       1.5398255
       6564.2521       1.5248562
       6564.2695       1.5107283
       6564.2869       1.4973370
       6564.3043       1.4845631
       6564.3217       1.4722733
       6564.3391       1.4603215
       6564.3565       1.4485647
       6564.3740       1.4368981
       6564.3914       1.4252993
       6564.4088       1.4138603
       6564.4262       1.4027816
       6564.4436       1.3923204
       6564.4610       1.3827059
       6564.4784       1.3740525
       6564.4958       1.3663087
       6564.5132       1.3592618
       6564.5306       1.3525964
       6564.5481       1.3459833
       6564.5655       1.3391654
       6564.5829       1.3320128
       6564.6003       1.3245345
       6564.6177       1.3168502
       6564.6351       1.3091424
       6564.6525       1.3016054
       6564.6699       1.2944105
       6564.6873       1.2876878
       6564.7048       1.2815238
       6564.7222       1.2759660
       6564.7396       1.2710265
       6564.7570       1.2666840
       6564.7744       1.2628994
       6564.7918       1.2596257
       6564.8092       1.2568198
       6564.8266       1.2544467
       6564.8440       1.2524731
       6564.8614       1.2508507
       6564.8789       1.2494990
       6564.8963       1.2482989
       6564.9137       1.2471062
       6564.9311       1.2457825
       6564.9485       1.2442341
       6564.9659       1.2424397
       6564.9833       1.2404550
       6565.0007       1.2383885
       6565.0181       1.2363584
       6565.0356       1.2344486
       6565.0530       1.2326818
       6565.0704       1.2310194
       6565.0878       1.2293857
       6565.1052       1.2277015
       6565.1226       1.2259133
       6565.1400       1.2240065
       6565.1574       1.2220011
       6565.1748       1.2199365
       6565.1922       1.2178543
       6565.2097       1.2157869
       6565.2271       1.2137546
       6565.2445       1.2117695
       6565.2619       1.2098420
       6565.2793       1.2079862
       6565.2967       1.2062223
       6565.3141       1.2045762
       6565.3315       1.2030764
       6565.3489       1.2017492
       6565.3663       1.2006129
       6565.3838       1.1996723
       6565.4012       1.1989092
       6565.4186       1.1982815
       6565.4360       1.1977234
       6565.4534       1.1971526
       6565.4708       1.1964853
       6565.4882       1.1956551
       6565.5056       1.1946310
       6565.5230       1.1934278
       6565.5405       1.1921047
       6565.5579       1.1907514
       6565.5753       1.1894664
       6565.5927       1.1883350
       6565.6101       1.1874114
       6565.6275       1.1867104
       6565.6449       1.1862081
       6565.6623       1.1858509
       6565.6797       1.1855672
       6565.6971       1.1852788
       6565.7146       1.1849082
       6565.7320       1.1843795
       6565.7494       1.1836178
       6565.7668       1.1825519
       6565.7842       1.1811280
       6565.8016       1.1793337
       6565.8190       1.1772242
       6565.8364       1.1749349
       6565.8538       1.1726662
       6565.8713       1.1706368
       6565.8887       1.1690199
       6565.9061       1.1678870
       6565.9235       1.1671860
       6565.9409       1.1667642
       6565.9583       1.1664291
       6565.9757       1.1660203
       6565.9931       1.1654642
       6566.0105       1.1647912
       6566.0279       1.1641135
       6566.0454       1.1635746
       6566.0628       1.1632877
       6566.0802       1.1632924
       6566.0976       1.1635407
       6566.1150       1.1639141
       6566.1324       1.1642667
       6566.1498       1.1644752
       6566.1672       1.1644747
       6566.1846       1.1642650
       6566.2020       1.1638833
       6566.2195       1.1633599
       6566.2369       1.1626793
       6566.2543       1.1617689
       6566.2717       1.1605256
       6566.2891       1.1588671
       6566.3065       1.1567859
       6566.3239       1.1543797
       6566.3413       1.1518422
       6566.3587       1.1494169
       6566.3762       1.1473299
       6566.3936       1.1457288
       6566.4110       1.1446486
       6566.4284       1.1440188
       6566.4458       1.1437049
       6566.4632       1.1435666
       6566.4806       1.1435071
       6566.4980       1.1434929
       6566.5154       1.1435396
       6566.5328       1.1436728
       6566.5503       1.1438866
       6566.5677       1.1441210
       6566.5851       1.1442700
       6566.6025       1.1442172
       6566.6199       1.1438840
       6566.6373       1.1432675
       6566.6547       1.1424508
       6566.6721       1.1415797
       6566.6895       1.1408159
       6566.7070       1.1402811
       6566.7244       1.1400259
       6566.7418       1.1400309
       6566.7592       1.1402348
       6566.7766       1.1405733
       6566.7940       1.1410051
       6566.8114       1.1415150
       6566.8288       1.1420939
       6566.8462       1.1427112
       6566.8636       1.1432962
       6566.8811       1.1437401
       6566.8985       1.1439200
       6566.9159       1.1437377
       6566.9333       1.1431581
       6566.9507       1.1422344
       6566.9681       1.1411046
       6566.9855       1.1399578
       6567.0029       1.1389785
       6567.0203       1.1382846
       6567.0377       1.1378854
       6567.0552       1.1376742
       6567.0726       1.1374642
       6567.0900       1.1370551
       6567.1074       1.1363101
       6567.1248       1.1352139
       6567.1422       1.1338895
       6567.1596       1.1325650
       6567.1770       1.1315014
       6567.1944       1.1309074
       6567.2119       1.1308744
       6567.2293       1.1313536
       6567.2467       1.1321812
       6567.2641       1.1331365
       6567.2815       1.1340083
       6567.2989       1.1346454
       6567.3163       1.1349786
       6567.3337       1.1350121
       6567.3511       1.1347993
       6567.3685       1.1344066
       6567.3860       1.1338845
       6567.4034       1.1332576
       6567.4208       1.1325325
       6567.4382       1.1317208
       6567.4556       1.1308621
       6567.4730       1.1300349
       6567.4904       1.1293445
       6567.5078       1.1288904
       6567.5252       1.1287282
       6567.5427       1.1288430
       6567.5601       1.1291473
       6567.5775       1.1295068
       6567.5949       1.1297839
       6567.6123       1.1298817
       6567.6297       1.1297747
       6567.6471       1.1295133
       6567.6645       1.1292024
       6567.6819       1.1289575
       6567.6993       1.1288546
       6567.7168       1.1288911
       6567.7342       1.1289744
       6567.7516       1.1289474
       6567.7690       1.1286455
       6567.7864       1.1279642
       6567.8038       1.1269121
       6567.8212       1.1256223
       6567.8386       1.1243178
       6567.8560       1.1232406
       6567.8734       1.1225742
       6567.8909       1.1223913
       6567.9083       1.1226466
       6567.9257       1.1232139
       6567.9431       1.1239501
       6567.9605       1.1247560
       6567.9779       1.1256104
       6567.9953       1.1265657
       6568.0127       1.1277055
       6568.0301       1.1290896
       6568.0476       1.1307073
       6568.0650       1.1324577
       6568.0824       1.1341646
       6568.0998       1.1356156
       6568.1172       1.1366085
       6568.1346       1.1369878
       6568.1520       1.1366625
       6568.1694       1.1356062
       6568.1868       1.1338532
       6568.2042       1.1314968
       6568.2217       1.1286933
       6568.2391       1.1256614
       6568.2565       1.1226658
       6568.2739       1.1199782
       6568.2913       1.1178241
       6568.3087       1.1163340
       6568.3261       1.1155202
       6568.3435       1.1152906
       6568.3609       1.1154946
       6568.3783       1.1159793
       6568.3958       1.1166357
       6568.4132       1.1174179
       6568.4306       1.1183368
       6568.4480       1.1194396
       6568.4654       1.1207871
       6568.4828       1.1224387
       6568.5002       1.1244439
       6568.5176       1.1268386
       6568.5350       1.1296439
       6568.5525       1.1328685
       6568.5699       1.1365173
       6568.5873       1.1406024
       6568.6047       1.1451502
       6568.6221       1.1501952
       6568.6395       1.1557583
       6568.6569       1.1618074
       6568.6743       1.1682237
       6568.6917       1.1747855
       6568.7091       1.1811810
       6568.7266       1.1870527
       6568.7440       1.1920644
       6568.7614       1.1959698
       6568.7788       1.1986598
       6568.7962       1.2001730
       6568.8136       1.2006640
       6568.8310       1.2003443
       6568.8484       1.1994156
       6568.8658       1.1980193
       6568.8833       1.1962104
       6568.9007       1.1939570
       6568.9181       1.1911552
       6568.9355       1.1876501
       6568.9529       1.1832593
       6568.9703       1.1778032
       6568.9877       1.1711440
       6569.0051       1.1632310
       6569.0225       1.1541411
       6569.0399       1.1440964
       6569.0574       1.1334492
       6569.0748       1.1226303
       6569.0922       1.1120758
       6569.1096       1.1021519
       6569.1270       1.0931042
       6569.1444       1.0850443
       6569.1618       1.0779762
       6569.1792       1.0718496
       6569.1966       1.0666153
       6569.2140       1.0622601
       6569.2315       1.0588073
       6569.2489       1.0562856
       6569.2663       1.0546849
       6569.2837       1.0539253
       6569.3011       1.0538548
       6569.3185       1.0542805
       6569.3359       1.0550308
       6569.3533       1.0560048
       6569.3707       1.0572003
       6569.3882       1.0587062
       6569.4056       1.0606605
       6569.4230       1.0631883
       6569.4404       1.0663378
       6569.4578       1.0700366
       6569.4752       1.0740828
       6569.4926       1.0781777
       6569.5100       1.0819917
       6569.5274       1.0852447
       6569.5448       1.0877753
       6569.5623       1.0895783
       6569.5797       1.0907979
       6569.5971       1.0916817
       6569.6145       1.0925087
       6569.6319       1.0935124
       6569.6493       1.0948202
       6569.6667       1.0964271
       6569.6841       1.0982083
       6569.7015       1.0999697
       6569.7190       1.1015163
       6569.7364       1.1027161
       6569.7538       1.1035367
       6569.7712       1.1040445
       6569.7886       1.1043706
       6569.8060       1.1046613
       6569.8234       1.1050318
       6569.8408       1.1055338
       6569.8582       1.1061420
       6569.8756       1.1067557
       6569.8931       1.1072162
       6569.9105       1.1073412
       6569.9279       1.1069743
       6569.9453       1.1060365
       6569.9627       1.1045770
       6569.9801       1.1027698
       6569.9975       1.1008757
       6570.0149       1.0991740
       6570.0323       1.0978873
       6570.0497       1.0971296
       6570.0672       1.0968943
       6570.0846       1.0970790
       6570.1020       1.0975322
       6570.1194       1.0980990
       6570.1368       1.0986527
       6570.1542       1.0991095
       6570.1716       1.0994296
       6570.1890       1.0996103
       6570.2064       1.0996745
       6570.2239       1.0996567
       6570.2413       1.0995871
       6570.2587       1.0994812
       6570.2761       1.0993386
       6570.2935       1.0991520
       6570.3109       1.0989238
       6570.3283       1.0986786
       6570.3457       1.0984650
       6570.3631       1.0983431
       6570.3805       1.0983635
       6570.3980       1.0985484
       6570.4154       1.0988823
       6570.4328       1.0993160
       6570.4502       1.0997785
       6570.4676       1.1001912
       6570.4850       1.1004786
       6570.5024       1.1005776
       6570.5198       1.1004469
       6570.5372       1.1000785
       6570.5547       1.0995055
       6570.5721       1.0988004
       6570.5895       1.0980588
       6570.6069       1.0973722
       6570.6243       1.0967967
       6570.6417       1.0963355
       6570.6591       1.0959416
       6570.6765       1.0955406
       6570.6939       1.0950666
       6570.7113       1.0944963
       6570.7288       1.0938685
       6570.7462       1.0932775
       6570.7636       1.0928414
       6570.7810       1.0926552
       6570.7984       1.0927477
       6570.8158       1.0930629
       6570.8332       1.0934745
       6570.8506       1.0938279
       6570.8680       1.0939900
       6570.8854       1.0938852
       6570.9029       1.0935038
       6570.9203       1.0928861
       6570.9377       1.0920965
       6570.9551       1.0912036
       6570.9725       1.0902734
       6570.9899       1.0893747
       6571.0073       1.0885838
       6571.0247       1.0879820
       6571.0421       1.0876401
       6571.0596       1.0875970
       6571.0770       1.0878396
       6571.0944       1.0882961
       6571.1118       1.0888467
       6571.1292       1.0893509
       6571.1466       1.0896835
       6571.1640       1.0897674
       6571.1814       1.0895918
       6571.1988       1.0892072
       6571.2162       1.0886989
       6571.2337       1.0881498
       6571.2511       1.0876096
       6571.2685       1.0870826
       6571.2859       1.0865421
       6571.3033       1.0859601
       6571.3207       1.0853354
       6571.3381       1.0847060
       6571.3555       1.0841398
       6571.3729       1.0837052
       6571.3904       1.0834351
       6571.4078       1.0832967
       6571.4252       1.0831779
       6571.4426       1.0828962
       6571.4600       1.0822284
       6571.4774       1.0809521
       6571.4948       1.0788899
       6571.5122       1.0759440
       6571.5296       1.0721167
       6571.5470       1.0675144
       6571.5645       1.0623392
       6571.5819       1.0568691
       6571.5993       1.0514323
       6571.6167       1.0463759
       6571.6341       1.0420324
       6571.6515       1.0386875
       6571.6689       1.0365528
       6571.6863       1.0357485
       6571.7037       1.0362965
       6571.7211       1.0381255
       6571.7386       1.0410843
       6571.7560       1.0449583
       6571.7734       1.0494836
       6571.7908       1.0543582
       6571.8082       1.0592541
       6571.8256       1.0638387
       6571.8430       1.0678113
       6571.8604       1.0709523
       6571.8778       1.0731673
       6571.8953       1.0745039
       6571.9127       1.0751365
       6571.9301       1.0753041
       6571.9475       1.0752324
       6571.9649       1.0750853
       6571.9823       1.0749533
       6571.9997       1.0748810
       6572.0171       1.0749095
       6572.0345       1.0751042
       6572.0519       1.0755504
       6572.0694       1.0763210
       6572.0868       1.0774380
       6572.1042       1.0788519
       6572.1216       1.0804497
       6572.1390       1.0820887
       6572.1564       1.0836375
       6572.1738       1.0850098
       6572.1912       1.0861802
       6572.2086       1.0871825
       6572.2260       1.0880954
       6572.2435       1.0890211
       6572.2609       1.0900621
       6572.2783       1.0912988
       6572.2957       1.0927714
       6572.3131       1.0944687
       6572.3305       1.0963245
       6572.3479       1.0982228
       6572.3653       1.1000102
       6572.3827       1.1015149
       6572.4002       1.1025701
       6572.4176       1.1030380
       6572.4350       1.1028295
       6572.4524       1.1019160
       6572.4698       1.1003307
       6572.4872       1.0981606
       6572.5046       1.0955325
       6572.5220       1.0925976
       6572.5394       1.0895164
       6572.5568       1.0864448
       6572.5743       1.0835148
       6572.5917       1.0808207
       6572.6091       1.0784075
       6572.6265       1.0762659
       6572.6439       1.0743381
       6572.6613       1.0725349
       6572.6787       1.0707601
       6572.6961       1.0689370
       6572.7135       1.0670287
       6572.7310       1.0650467
       6572.7484       1.0630460
       6572.7658       1.0611072
       6572.7832       1.0593152
       6572.8006       1.0577409
       6572.8180       1.0564343
       6572.8354       1.0554279
       6572.8528       1.0547443
       6572.8702       1.0544004
       6572.8876       1.0544019
       6572.9051       1.0547315
       6572.9225       1.0553416
       6572.9399       1.0561581
       6572.9573       1.0571000
       6572.9747       1.0581013
       6572.9921       1.0591246
       6573.0095       1.0601559
       6573.0269       1.0611860
       6573.0443       1.0621899
       6573.0617       1.0631203
       6573.0792       1.0639178
       6573.0966       1.0645334
       6573.1140       1.0649490
       6573.1314       1.0651859
       6573.1488       1.0652986
       6573.1662       1.0653572
       6573.1836       1.0654275
       6573.2010       1.0655560
       6573.2184       1.0657640
       6573.2359       1.0660509
       6573.2533       1.0664028
       6573.2707       1.0667981
       6573.2881       1.0672075
       6573.3055       1.0675916
       6573.3229       1.0679017
       6573.3403       1.0680915
       6573.3577       1.0681360
       6573.3751       1.0680513
       6573.3925       1.0678997
       6573.4100       1.0677728
       6573.4274       1.0677569
       6573.4448       1.0678924
       6573.4622       1.0681503
       6573.4796       1.0684371
       6573.4970       1.0686300
       6573.5144       1.0686288
       6573.5318       1.0683999
       6573.5492       1.0679946
       6573.5667       1.0675329
       6573.5841       1.0671618
       6573.6015       1.0670077
       6573.6189       1.0671422
       6573.6363       1.0675699
       6573.6537       1.0682397
       6573.6711       1.0690673
       6573.6885       1.0699611
       6573.7059       1.0708393
       6573.7233       1.0716391
       6573.7408       1.0723132
       6573.7582       1.0728219
       6573.7756       1.0731239
       6573.7930       1.0731738
       6573.8104       1.0729315
       6573.8278       1.0723808
       6573.8452       1.0715510
       6573.8626       1.0705275
       6573.8800       1.0694437
       6573.8974       1.0684485
       6573.9149       1.0676684
       6573.9323       1.0671731
       6573.9497       1.0669605
       6573.9671       1.0669628
       6573.9845       1.0670724
       6574.0019       1.0671755
       6574.0193       1.0671827
       6574.0367       1.0670469
       6574.0541       1.0667637
       6574.0716       1.0663561
       6574.0890       1.0658493
       6574.1064       1.0652476
       6574.1238       1.0645241
       6574.1412       1.0636260
       6574.1586       1.0624931
       6574.1760       1.0610777
       6574.1934       1.0593550
       6574.2108       1.0573201
       6574.2282       1.0549763
       6574.2457       1.0523240
       6574.2631       1.0493560
       6574.2805       1.0460600
       6574.2979       1.0424259
       6574.3153       1.0384567
       6574.3327       1.0341878
       6574.3501       1.0297181
       6574.3675       1.0252498
       6574.3849       1.0211203
       6574.4024       1.0178009
       6574.4198       1.0158459
       6574.4372       1.0157914
       6574.4546       1.0180304
       6574.4720       1.0227029
       6574.4894       1.0296412
       6574.5068       1.0383946
       6574.5242       1.0482905
       6574.5416       1.0585863
       6574.5590       1.0685925
       6574.5765       1.0777631
       6574.5939       1.0857410
       6574.6113       1.0923565
       6574.6287       1.0975905
       6574.6461       1.1015214
       6574.6635       1.1042708
       6574.6809       1.1059605
       6574.6983       1.1066851
       6574.7157       1.1065023
       6574.7331       1.1054375
       6574.7506       1.1034981
       6574.7680       1.1006928
       6574.7854       1.0970504
       6574.8028       1.0926365
       6574.8202       1.0875630
       6574.8376       1.0819907
       6574.8550       1.0761224
       6574.8724       1.0701875
       6574.8898       1.0644203
       6574.9073       1.0590374
       6574.9247       1.0542193
       6574.9421       1.0500994
       6574.9595       1.0467608
       6574.9769       1.0442362
       6574.9943       1.0425075
       6575.0117       1.0415048
       6575.0291       1.0411091
       6575.0465       1.0411649
       6575.0639       1.0415048
       6575.0814       1.0419816
       6575.0988       1.0424953
       6575.1162       1.0430065
       6575.1336       1.0435291
       6575.1510       1.0441098
       6575.1684       1.0448036
       6575.1858       1.0456542
       6575.2032       1.0466900
       6575.2206       1.0479264
       6575.2381       1.0493671
       6575.2555       1.0510001
       6575.2729       1.0527874
       6575.2903       1.0546574
       6575.3077       1.0565071
       6575.3251       1.0582199
       6575.3425       1.0596919
       6575.3599       1.0608555
       6575.3773       1.0616875
       6575.3947       1.0621989
       6575.4122       1.0624127
       6575.4296       1.0623459
       6575.4470       1.0620079
       6575.4644       1.0614166
       6575.4818       1.0606211
       6575.4992       1.0597132
       6575.5166       1.0588177
       6575.5340       1.0580592
       6575.5514       1.0575222
       6575.5688       1.0572229
       6575.5863       1.0571083
       6575.6037       1.0570837
       6575.6211       1.0570574
       6575.6385       1.0569793
       6575.6559       1.0568573
       6575.6733       1.0567451
       6575.6907       1.0567073
       6575.7081       1.0567802
       6575.7255       1.0569471
       6575.7430       1.0571378
       6575.7604       1.0572527
       6575.7778       1.0572007
       6575.7952       1.0569332
       6575.8126       1.0564588
       6575.8300       1.0558384
       6575.8474       1.0551544
       6575.8648       1.0544804
       6575.8822       1.0538619
       6575.8996       1.0533129
       6575.9171       1.0528292
       6575.9345       1.0524058
       6575.9519       1.0520518
       6575.9693       1.0517911
       6575.9867       1.0516509
       6576.0041       1.0516398
       6576.0215       1.0517277
       6576.0389       1.0518399
       6576.0563       1.0518709
       6576.0737       1.0517192
       6576.0912       1.0513267
       6576.1086       1.0507061
       6576.1260       1.0499401
       6576.1434       1.0491523
       6576.1608       1.0484604
       6576.1782       1.0479347
       6576.1956       1.0475776
       6576.2130       1.0473313
       6576.2304       1.0471066
       6576.2479       1.0468189
       6576.2653       1.0464167
       6576.2827       1.0458943
       6576.3001       1.0452864
       6576.3175       1.0446519
       6576.3349       1.0440542
       6576.3523       1.0435492
       6576.3697       1.0431850
       6576.3871       1.0430101
       6576.4045       1.0430825
       6576.4220       1.0434661
       6576.4394       1.0442096
       6576.4568       1.0453128
       6576.4742       1.0466910
       6576.4916       1.0481640
       6576.5090       1.0494862
       6576.5264       1.0504048
       6576.5438       1.0507347
       6576.5612       1.0504177
       6576.5787       1.0495420
       6576.5961       1.0483111
       6576.6135       1.0469765
       6576.6309       1.0457605
       6576.6483       1.0447982
       6576.6657       1.0441164
       6576.6831       1.0436519
       6576.7005       1.0432969
       6576.7179       1.0429530
       6576.7353       1.0425760
       6576.7528       1.0421964
       6576.7702       1.0419115
       6576.7876       1.0418514
       6576.8050       1.0421317
       6576.8224       1.0428080
       6576.8398       1.0438457
       6576.8572       1.0451142
       6576.8746       1.0464088
       6576.8920       1.0474951
       6576.9094       1.0481658
       6576.9269       1.0482937
       6576.9443       1.0478649
       6576.9617       1.0469832
       6576.9791       1.0458447
       6576.9965       1.0446887
       6577.0139       1.0437419
       6577.0313       1.0431665
       6577.0487       1.0430285
       6577.0661       1.0432916
       6577.0836       1.0438402
       6577.1010       1.0445220
       6577.1184       1.0451968
       6577.1358       1.0457733
       6577.1532       1.0462209
       6577.1706       1.0465542
       6577.1880       1.0468046
       6577.2054       1.0469938
       6577.2228       1.0471210
       6577.2402       1.0471653
       6577.2577       1.0470974
       6577.2751       1.0468947
       6577.2925       1.0465533
       6577.3099       1.0460945
       6577.3273       1.0455653
       6577.3447       1.0450301
       6577.3621       1.0445566
       6577.3795       1.0441976
       6577.3969       1.0439780
       6577.4144       1.0438911
       6577.4318       1.0439062
       6577.4492       1.0439837
       6577.4666       1.0440901
       6577.4840       1.0442065
       6577.5014       1.0443283
       6577.5188       1.0444572
       6577.5362       1.0445915
       6577.5536       1.0447177
       6577.5710       1.0448088
       6577.5885       1.0448296
       6577.6059       1.0447480
       6577.6233       1.0445496
       6577.6407       1.0442496
       6577.6581       1.0438982
       6577.6755       1.0435714
       6577.6929       1.0433504
       6577.7103       1.0432916
       6577.7277       1.0433999
       6577.7451       1.0436184
       6577.7626       1.0438403
       6577.7800       1.0439437
       6577.7974       1.0438390
       6577.8148       1.0435034
       6577.8322       1.0429907
       6577.8496       1.0424107
       6577.8670       1.0418862
       6577.8844       1.0415093
       6577.9018       1.0413161
       6577.9193       1.0412905
       6577.9367       1.0413920
       6577.9541       1.0415878
       6577.9715       1.0418730
       6577.9889       1.0422674
       6578.0063       1.0427946
       6578.0237       1.0434549
       6578.0411       1.0442054
       6578.0585       1.0449566
       6578.0759       1.0455863
       6578.0934       1.0459699
       6578.1108       1.0460195
       6578.1282       1.0457192
       6578.1456       1.0451419
       6578.1630       1.0444374
       6578.1804       1.0437901
       6578.1978       1.0433618
       6578.2152       1.0432413
       6578.2326       1.0434231
       6578.2501       1.0438204
       6578.2675       1.0443049
       6578.2849       1.0447547
       6578.3023       1.0450900
       6578.3197       1.0452869
       6578.3371       1.0453689
       6578.3545       1.0453851
       6578.3719       1.0453877
       6578.3893       1.0454182
       6578.4067       1.0455046
       6578.4242       1.0456661
       6578.4416       1.0459137
       6578.4590       1.0462467
       6578.4764       1.0466425
       6578.4938       1.0470482
       6578.5112       1.0473850
       6578.5286       1.0475674
       6578.5460       1.0475300
       6578.5634       1.0472497
       6578.5808       1.0467513
       6578.5983       1.0460932
       6578.6157       1.0453412
       6578.6331       1.0445448
       6578.6505       1.0437266
       6578.6679       1.0428868
       6578.6853       1.0420180
       6578.7027       1.0411189
       6578.7201       1.0402019
       6578.7375       1.0392958
       6578.7550       1.0384460
       6578.7724       1.0377151
       6578.7898       1.0371807
       6578.8072       1.0369249
       6578.8246       1.0370159
       6578.8420       1.0374840
       6578.8594       1.0383039
       6578.8768       1.0393915
       6578.8942       1.0406164
       6578.9116       1.0418277
       6578.9291       1.0428859
       6578.9465       1.0436903
       6578.9639       1.0441964
       6578.9813       1.0444167
       6578.9987       1.0444040
       6579.0161       1.0442205
       6579.0335       1.0439063
       6579.0509       1.0434616
       6579.0683       1.0428523
       6579.0858       1.0420399
       6579.1032       1.0410180
       6579.1206       1.0398338
       6579.1380       1.0385879
       6579.1554       1.0374103
       6579.1728       1.0364290
       6579.1902       1.0357446
       6579.2076       1.0354190
       6579.2250       1.0354746
       6579.2424       1.0358964
       6579.2599       1.0366329
       6579.2773       1.0375958
       6579.2947       1.0386664
       6579.3121       1.0397146
       6579.3295       1.0406275
       6579.3469       1.0413373
       6579.3643       1.0418352
       6579.3817       1.0421642
       6579.3991       1.0423926
       6579.4165       1.0425848
       6579.4340       1.0427810
       6579.4514       1.0429972
       6579.4688       1.0432390
       6579.4862       1.0435187
       6579.5036       1.0438630
       6579.5210       1.0443040
       6579.5384       1.0448601
       6579.5558       1.0455166
       6579.5732       1.0462186
       6579.5907       1.0468785
       6579.6081       1.0473968
       6579.6255       1.0476834
       6579.6429       1.0476743
       6579.6603       1.0473381
       6579.6777       1.0466781
       6579.6951       1.0457323
       6579.7125       1.0445724
       6579.7299       1.0433002
       6579.7473       1.0420355
       6579.7648       1.0408950
       6579.7822       1.0399746
       6579.7996       1.0393372
       6579.8170       1.0390114
       6579.8344       1.0389958
       6579.8518       1.0392640
       6579.8692       1.0397646
       6579.8866       1.0404200
       6579.9040       1.0411288
       6579.9214       1.0417780
       6579.9389       1.0422633
       6579.9563       1.0425113
       6579.9737       1.0424956
       6579.9911       1.0422402
       6580.0085       1.0418088
       6580.0259       1.0412839
       6580.0433       1.0407389
       6580.0607       1.0402131
       6580.0781       1.0396950
       6580.0956       1.0391222
       6580.1130       1.0383956
       6580.1304       1.0374064
       6580.1478       1.0360653
       6580.1652       1.0343266
       6580.1826       1.0322020
       6580.2000       1.0297633
       6580.2174       1.0271343
       6580.2348       1.0244747
       6580.2522       1.0219554
       6580.2697       1.0197315
       6580.2871       1.0179180
       6580.3045       1.0165779
       6580.3219       1.0157263
       6580.3393       1.0153495
       6580.3567       1.0154270
       6580.3741       1.0159498
       6580.3915       1.0169140
       6580.4089       1.0183094
       6580.4264       1.0200984
       6580.4438       1.0221991
       6580.4612       1.0244841
       6580.4786       1.0267960
       6580.4960       1.0289766
       6580.5134       1.0309002
       6580.5308       1.0325032
       6580.5482       1.0337984
       6580.5656       1.0348708
       6580.5830       1.0358541
       6580.6005       1.0368927
       6580.6179       1.0381011
       6580.6353       1.0395326
       6580.6527       1.0411682
       6580.6701       1.0429265
       6580.6875       1.0446924
       6580.7049       1.0463493
       6580.7223       1.0478046
       6580.7397       1.0489998
       6580.7571       1.0499069
       6580.7746       1.0505176
       6580.7920       1.0508339
       6580.8094       1.0508633
       6580.8268       1.0506180
       6580.8442       1.0501143
       6580.8616       1.0493683
       6580.8790       1.0483938
       6580.8964       1.0472058
       6580.9138       1.0458320
       6580.9313       1.0443253
       6580.9487       1.0427690
       6580.9661       1.0412654
       6580.9835       1.0399129
       6581.0009       1.0387780
       6581.0183       1.0378796
       6581.0357       1.0371890
       6581.0531       1.0366461
       6581.0705       1.0361876
       6581.0879       1.0357680
       6581.1054       1.0353705
       6581.1228       1.0350070
       6581.1402       1.0347095
       6581.1576       1.0345155
       6581.1750       1.0344519
       6581.1924       1.0345197
       6581.2098       1.0346840
       6581.2272       1.0348712
       6581.2446       1.0349775
       6581.2621       1.0348875
       6581.2795       1.0345003
       6581.2969       1.0337560
       6581.3143       1.0326563
       6581.3317       1.0312714
       6581.3491       1.0297328
       6581.3665       1.0282116
       6581.3839       1.0268890
       6581.4013       1.0259241
       6581.4187       1.0254247
       6581.4362       1.0254261
       6581.4536       1.0258812
       6581.4710       1.0266648
       6581.4884       1.0275947
       6581.5058       1.0284667
       6581.5232       1.0290996
       6581.5406       1.0293782
       6581.5580       1.0292836
       6581.5754       1.0288985
       6581.5928       1.0283847
       6581.6103       1.0279381
       6581.6277       1.0277325
       6581.6451       1.0278744
       6581.6625       1.0283834
       6581.6799       1.0292061
       6581.6973       1.0302504
       6581.7147       1.0314338
       6581.7321       1.0327070
       6581.7495       1.0340482
       6581.7670       1.0354334
       6581.7844       1.0368022
       6581.8018       1.0380422
       6581.8192       1.0390047
       6581.8366       1.0395457
       6581.8540       1.0395744
       6581.8714       1.0390842
       6581.8888       1.0381543
       6581.9062       1.0369240
       6581.9236       1.0355542
       6581.9411       1.0341915
       6581.9585       1.0329448
       6581.9759       1.0318751
       6581.9933       1.0309944
       6582.0107       1.0302734
       6582.0281       1.0296586
       6582.0455       1.0290974
       6582.0629       1.0285652
       6582.0803       1.0280838
       6582.0978       1.0277220
       6582.1152       1.0275771
       6582.1326       1.0277440
       6582.1500       1.0282846
       6582.1674       1.0292051
       6582.1848       1.0304485
       6582.2022       1.0319009
       6582.2196       1.0334102
       6582.2370       1.0348127
       6582.2544       1.0359626
       6582.2719       1.0367571
       6582.2893       1.0371538
       6582.3067       1.0371762
       6582.3241       1.0369062
       6582.3415       1.0364676
       6582.3589       1.0359970
       6582.3763       1.0356099
       6582.3937       1.0353757
       6582.4111       1.0353045
       6582.4285       1.0353527
       6582.4460       1.0354449
       6582.4634       1.0355039
       6582.4808       1.0354772
       6582.4982       1.0353491
       6582.5156       1.0351393
       6582.5330       1.0348892
       6582.5504       1.0346469
       6582.5678       1.0344565
       6582.5852       1.0343509
       6582.6027       1.0343482
       6582.6201       1.0344465
       6582.6375       1.0346196
       6582.6549       1.0348174
       6582.6723       1.0349768
       6582.6897       1.0350411
       6582.7071       1.0349816
       6582.7245       1.0348091
       6582.7419       1.0345682
       6582.7593       1.0343157
       6582.7768       1.0340919
       6582.7942       1.0339000
       6582.8116       1.0337029
       6582.8290       1.0334379
       6582.8464       1.0330444
       6582.8638       1.0324943
       6582.8812       1.0318189
       6582.8986       1.0311228
       6582.9160       1.0305796
       6582.9335       1.0304019
       6582.9509       1.0307883
       6582.9683       1.0318573
       6582.9857       1.0335930
       6583.0031       1.0358108
       6583.0205       1.0382016
       6583.0379       1.0404090
       6583.0553       1.0421339
       6583.0727       1.0432261
       6583.0901       1.0437266
       6583.1076       1.0438431
       6583.1250       1.0438713
       6583.1424       1.0440907
       6583.1598       1.0446768
       6583.1772       1.0456570
       6583.1946       1.0469214
       6583.2120       1.0482759
       6583.2294       1.0495167
       6583.2468       1.0504965
       6583.2642       1.0511648
       6583.2817       1.0515714
       6583.2991       1.0518352
       6583.3165       1.0520922
       6583.3339       1.0524393
       6583.3513       1.0528940
       6583.3687       1.0533823
       6583.3861       1.0537590
       6583.4035       1.0538547
       6583.4209       1.0535327
       6583.4384       1.0527353
       6583.4558       1.0515010
       6583.4732       1.0499452
       6583.4906       1.0482111
       6583.5080       1.0464127
       6583.5254       1.0445948
       6583.5428       1.0427293
       6583.5602       1.0407479
       6583.5776       1.0385956
       6583.5950       1.0362792
       6583.6125       1.0338879
       6583.6299       1.0315767
       6583.6473       1.0295195
       6583.6647       1.0278497
       6583.6821       1.0266204
       6583.6995       1.0257945
       6583.7169       1.0252666
       6583.7343       1.0249049
       6583.7517       1.0245973
       6583.7691       1.0242850
       6583.7866       1.0239771
       6583.8040       1.0237448
       6583.8214       1.0236962
       6583.8388       1.0239402
       6583.8562       1.0245480
       6583.8736       1.0255264
       6583.8910       1.0268113
       6583.9084       1.0282850
       6583.9258       1.0298067
       6583.9433       1.0312428
       6583.9607       1.0324860
       6583.9781       1.0334597
       6583.9955       1.0341157
       6584.0129       1.0344347
       6584.0303       1.0344338
       6584.0477       1.0341743
       6584.0651       1.0337626
       6584.0825       1.0333346
       6584.0999       1.0330268
       6584.1174       1.0329450
       6584.1348       1.0331431
       6584.1522       1.0336207
       6584.1696       1.0343354
       6584.1870       1.0352190
       6584.2044       1.0361891
       6584.2218       1.0371514
       6584.2392       1.0379998
       6584.2566       1.0386237
       6584.2741       1.0389284
       6584.2915       1.0388626
       6584.3089       1.0384490
       6584.3263       1.0377816
       6584.3437       1.0370042
       6584.3611       1.0362667
       6584.3785       1.0356794
       6584.3959       1.0352837
       6584.4133       1.0350503
       6584.4307       1.0349028
       6584.4482       1.0347498
       6584.4656       1.0345125
       6584.4830       1.0341353
       6584.5004       1.0335846
       6584.5178       1.0328426
       6584.5352       1.0319097
       6584.5526       1.0308137
       6584.5700       1.0296196
       6584.5874       1.0284272
       6584.6048       1.0273501
       6584.6223       1.0264821
       6584.6397       1.0258664
       6584.6571       1.0254827
       6584.6745       1.0252596
       6584.6919       1.0251054
       6584.7093       1.0249439
       6584.7267       1.0247409
       6584.7441       1.0245151
       6584.7615       1.0243338
       6584.7790       1.0242972
       6584.7964       1.0245173
       6584.8138       1.0250910
       6584.8312       1.0260723
       6584.8486       1.0274463
       6584.8660       1.0291157
       6584.8834       1.0309069
       6584.9008       1.0326008
       6584.9182       1.0339820
       6584.9356       1.0348883
       6584.9531       1.0352537
       6584.9705       1.0351127
       6584.9879       1.0345725
       6585.0053       1.0337683
