# Angstrom [air],  flux [abs.cor.cont.sub+1]
       6544.9938       1.0265052
       6545.0112       1.0259656
       6545.0286       1.0255454
       6545.0460       1.0253545
       6545.0634       1.0254711
       6545.0808       1.0259105
       6545.0983       1.0266103
       6545.1157       1.0274364
       6545.1331       1.0282078
       6545.1505       1.0287389
       6545.1679       1.0288878
       6545.1853       1.0285915
       6545.2027       1.0278855
       6545.2201       1.0268981
       6545.2375       1.0258187
       6545.2549       1.0248474
       6545.2724       1.0241424
       6545.2898       1.0237849
       6545.3072       1.0237741
       6545.3246       1.0240557
       6545.3420       1.0245700
       6545.3594       1.0252981
       6545.3768       1.0262872
       6545.3942       1.0276477
       6545.4116       1.0295243
       6545.4291       1.0320586
       6545.4465       1.0353558
       6545.4639       1.0394673
       6545.4813       1.0443898
       6545.4987       1.0500787
       6545.5161       1.0564672
       6545.5335       1.0634866
       6545.5509       1.0710802
       6545.5683       1.0792082
       6545.5857       1.0878410
       6545.6032       1.0969448
       6545.6206       1.1064641
       6545.6380       1.1163095
       6545.6554       1.1263575
       6545.6728       1.1364598
       6545.6902       1.1464570
       6545.7076       1.1561868
       6545.7250       1.1654820
       6545.7424       1.1741586
       6545.7598       1.1820047
       6545.7773       1.1887807
       6545.7947       1.1942362
       6545.8121       1.1981482
       6545.8295       1.2003541
       6545.8469       1.2007760
       6545.8643       1.1994202
       6545.8817       1.1963570
       6545.8991       1.1916885
       6545.9165       1.1855194
       6545.9339       1.1779389
       6545.9514       1.1690166
       6545.9688       1.1588046
       6545.9862       1.1473436
       6546.0036       1.1346699
       6546.0210       1.1208277
       6546.0384       1.1058876
       6546.0558       1.0899708
       6546.0732       1.0732718
       6546.0906       1.0560680
       6546.1081       1.0387100
       6546.1255       1.0215883
       6546.1429       1.0050834
       6546.1603      0.98951417
       6546.1777      0.97510185
       6546.1951      0.96196469
       6546.2125      0.95014366
       6546.2299      0.93964764
       6546.2473      0.93049671
       6546.2647      0.92274572
       6546.2822      0.91648170
       6546.2996      0.91180234
       6546.3170      0.90878931
       6546.3344      0.90748790
       6546.3518      0.90789679
       6546.3692      0.90996507
       6546.3866      0.91359160
       6546.4040      0.91862541
       6546.4214      0.92486972
       6546.4388      0.93209632
       6546.4563      0.94005471
       6546.4737      0.94850533
       6546.4911      0.95723760
       6546.5085      0.96607432
       6546.5259      0.97486403
       6546.5433      0.98346376
       6546.5607      0.99172186
       6546.5781      0.99947087
       6546.5955       1.0065367
       6546.6130       1.0127631
       6546.6304       1.0180425
       6546.6478       1.0223398
       6546.6652       1.0256978
       6546.6826       1.0282211
       6546.7000       1.0300446
       6546.7174       1.0313025
       6546.7348       1.0321091
       6546.7522       1.0325580
       6546.7696       1.0327344
       6546.7871       1.0327264
       6546.8045       1.0326263
       6546.8219       1.0325160
       6546.8393       1.0324470
       6546.8567       1.0324268
       6546.8741       1.0324236
       6546.8915       1.0323917
       6546.9089       1.0323040
       6546.9263       1.0321747
       6546.9437       1.0320573
       6546.9612       1.0320172
       6546.9786       1.0320936
       6546.9960       1.0322703
       6547.0134       1.0324714
       6547.0308       1.0325783
       6547.0482       1.0324567
       6547.0656       1.0319736
       6547.0830       1.0309981
       6547.1004       1.0293933
       6547.1179       1.0270264
       6547.1353       1.0237860
       6547.1527       1.0196345
       6547.1701       1.0146659
       6547.1875       1.0091474
       6547.2049       1.0035204
       6547.2223      0.99835081
       6547.2397      0.99423506
       6547.2571      0.99168491
       6547.2745      0.99102402
       6547.2920      0.99232600
       6547.3094      0.99540995
       6547.3268      0.99989017
       6547.3442       1.0052605
       6547.3616       1.0109868
       6547.3790       1.0165866
       6547.3964       1.0216825
       6547.4138       1.0260303
       6547.4312       1.0295229
       6547.4486       1.0321768
       6547.4661       1.0341042
       6547.4835       1.0354751
       6547.5009       1.0364774
       6547.5183       1.0372822
       6547.5357       1.0380204
       6547.5531       1.0387746
       6547.5705       1.0395818
       6547.5879       1.0404445
       6547.6053       1.0413434
       6547.6227       1.0422479
       6547.6402       1.0431231
       6547.6576       1.0439332
       6547.6750       1.0446426
       6547.6924       1.0452168
       6547.7098       1.0456256
       6547.7272       1.0458480
       6547.7446       1.0458788
       6547.7620       1.0457381
       6547.7794       1.0454720
       6547.7969       1.0451503
       6547.8143       1.0448577
       6547.8317       1.0446752
       6547.8491       1.0446589
       6547.8665       1.0448182
       6547.8839       1.0451051
       6547.9013       1.0454153
       6547.9187       1.0456029
       6547.9361       1.0454975
       6547.9535       1.0449164
       6547.9710       1.0436671
       6547.9884       1.0415449
       6548.0058       1.0383343
       6548.0232       1.0338245
       6548.0406       1.0278438
       6548.0580       1.0203060
       6548.0754       1.0112629
       6548.0928       1.0009459
       6548.1102      0.98978890
       6548.1276      0.97842066
       6548.1451      0.96762576
       6548.1625      0.95827285
       6548.1799      0.95121666
       6548.1973      0.94718310
       6548.2147      0.94665256
       6548.2321      0.94976221
       6548.2495      0.95625233
       6548.2669      0.96547947
       6548.2843      0.97650683
       6548.3018      0.98826009
       6548.3192      0.99971359
       6548.3366       1.0100572
       6548.3540       1.0187987
       6548.3714       1.0257780
       6548.3888       1.0310979
       6548.4062       1.0350196
       6548.4236       1.0378506
       6548.4410       1.0398485
       6548.4584       1.0411977
       6548.4759       1.0420208
       6548.4933       1.0424099
       6548.5107       1.0424566
       6548.5281       1.0422630
       6548.5455       1.0419349
       6548.5629       1.0415644
       6548.5803       1.0412182
       6548.5977       1.0409401
       6548.6151       1.0407680
       6548.6325       1.0407540
       6548.6500       1.0409722
       6548.6674       1.0415046
       6548.6848       1.0424089
       6548.7022       1.0436829
       6548.7196       1.0452459
       6548.7370       1.0469481
       6548.7544       1.0486082
       6548.7718       1.0500633
       6548.7892       1.0512126
       6548.8067       1.0520384
       6548.8241       1.0526001
       6548.8415       1.0530047
       6548.8589       1.0533680
       6548.8763       1.0537788
       6548.8937       1.0542782
       6548.9111       1.0548571
       6548.9285       1.0554672
       6548.9459       1.0560361
       6548.9633       1.0564777
       6548.9808       1.0566965
       6548.9982       1.0565913
       6549.0156       1.0560654
       6549.0330       1.0550507
       6549.0504       1.0535379
       6549.0678       1.0516133
       6549.0852       1.0494580
       6549.1026       1.0473240
       6549.1200       1.0454776
       6549.1374       1.0441285
       6549.1549       1.0433705
       6549.1723       1.0431566
       6549.1897       1.0433214
       6549.2071       1.0436426
       6549.2245       1.0439172
       6549.2419       1.0440223
       6549.2593       1.0439365
       6549.2767       1.0437152
       6549.2941       1.0434350
       6549.3115       1.0431358
       6549.3290       1.0427889
       6549.3464       1.0423067
       6549.3638       1.0415885
       6549.3812       1.0405803
       6549.3986       1.0393190
       6549.4160       1.0379421
       6549.4334       1.0366562
       6549.4508       1.0356773
       6549.4682       1.0351679
       6549.4857       1.0351939
       6549.5031       1.0357178
       6549.5205       1.0366250
       6549.5379       1.0377708
       6549.5553       1.0390245
       6549.5727       1.0402978
       6549.5901       1.0415508
       6549.6075       1.0427815
       6549.6249       1.0440073
       6549.6423       1.0452443
       6549.6598       1.0464882
       6549.6772       1.0477006
       6549.6946       1.0488027
       6549.7120       1.0496849
       6549.7294       1.0502290
       6549.7468       1.0503337
       6549.7642       1.0499366
       6549.7816       1.0490263
       6549.7990       1.0476439
       6549.8164       1.0458778
       6549.8339       1.0438561
       6549.8513       1.0417368
       6549.8687       1.0396942
       6549.8861       1.0378989
       6549.9035       1.0364935
       6549.9209       1.0355709
       6549.9383       1.0351606
       6549.9557       1.0352271
       6549.9731       1.0356814
       6549.9906       1.0363983
       6550.0080       1.0372394
       6550.0254       1.0380763
       6550.0428       1.0388141
       6550.0602       1.0394103
       6550.0776       1.0398826
       6550.0950       1.0402978
       6550.1124       1.0407417
       6550.1298       1.0412807
       6550.1472       1.0419336
       6550.1647       1.0426669
       6550.1821       1.0434168
       6550.1995       1.0441237
       6550.2169       1.0447610
       6550.2343       1.0453435
       6550.2517       1.0459152
       6550.2691       1.0465247
       6550.2865       1.0472016
       6550.3039       1.0479432
       6550.3213       1.0487131
       6550.3388       1.0494500
       6550.3562       1.0500805
       6550.3736       1.0505384
       6550.3910       1.0507785
       6550.4084       1.0507879
       6550.4258       1.0505908
       6550.4432       1.0502459
       6550.4606       1.0498368
       6550.4780       1.0494593
       6550.4955       1.0492079
       6550.5129       1.0491644
       6550.5303       1.0493875
       6550.5477       1.0499018
       6550.5651       1.0506896
       6550.5825       1.0516874
       6550.5999       1.0527937
       6550.6173       1.0538908
       6550.6347       1.0548732
       6550.6521       1.0556734
       6550.6696       1.0562713
       6550.6870       1.0566837
       6550.7044       1.0569379
       6550.7218       1.0570476
       6550.7392       1.0570050
       6550.7566       1.0567981
       6550.7740       1.0564429
       6550.7914       1.0560123
       6550.8088       1.0556367
       6550.8262       1.0554706
       6550.8437       1.0556350
       6550.8611       1.0561639
       6550.8785       1.0569817
       6550.8959       1.0579279
       6550.9133       1.0588181
       6550.9307       1.0595132
       6550.9481       1.0599642
       6550.9655       1.0602104
       6550.9829       1.0603355
       6551.0003       1.0604033
       6551.0178       1.0604088
       6551.0352       1.0602686
       6551.0526       1.0598581
       6551.0700       1.0590734
       6551.0874       1.0578908
       6551.1048       1.0563953
       6551.1222       1.0547682
       6551.1396       1.0532390
       6551.1570       1.0520253
       6551.1745       1.0512809
       6551.1919       1.0510697
       6551.2093       1.0513672
       6551.2267       1.0520819
       6551.2441       1.0530862
       6551.2615       1.0542457
       6551.2789       1.0554413
       6551.2963       1.0565813
       6551.3137       1.0576018
       6551.3311       1.0584593
       6551.3486       1.0591202
       6551.3660       1.0595507
       6551.3834       1.0597154
       6551.4008       1.0595848
       6551.4182       1.0591498
       6551.4356       1.0584377
       6551.4530       1.0575182
       6551.4704       1.0564927
       6551.4878       1.0554648
       6551.5052       1.0545025
       6551.5227       1.0536112
       6551.5401       1.0527320
       6551.5575       1.0517737
       6551.5749       1.0506637
       6551.5923       1.0493966
       6551.6097       1.0480552
       6551.6271       1.0467959
       6551.6445       1.0458056
       6551.6619       1.0452513
       6551.6794       1.0452303
       6551.6968       1.0457597
       6551.7142       1.0467791
       6551.7316       1.0481705
       6551.7490       1.0497879
       6551.7664       1.0514872
       6551.7838       1.0531518
       6551.8012       1.0547068
       6551.8186       1.0561182
       6551.8360       1.0573796
       6551.8535       1.0584952
       6551.8709       1.0594660
       6551.8883       1.0602842
       6551.9057       1.0609328
       6551.9231       1.0613837
       6551.9405       1.0615893
       6551.9579       1.0614655
       6551.9753       1.0608727
       6551.9927       1.0596030
       6552.0101       1.0573852
       6552.0276       1.0539139
       6552.0450       1.0489046
       6552.0624       1.0421651
       6552.0798       1.0336714
       6552.0972       1.0236266
       6552.1146       1.0124909
       6552.1320       1.0009681
       6552.1494      0.98994817
       6552.1668      0.98040761
       6552.1843      0.97328123
       6552.2017      0.96932396
       6552.2191      0.96898950
       6552.2365      0.97235279
       6552.2539      0.97909673
       6552.2713      0.98856832
       6552.2887      0.99989127
       6552.3061       1.0121072
       6552.3235       1.0243035
       6552.3409       1.0357375
       6552.3584       1.0458831
       6552.3758       1.0544371
       6552.3932       1.0612924
       6552.4106       1.0664955
       6552.4280       1.0702012
       6552.4454       1.0726354
       6552.4628       1.0740669
       6552.4802       1.0747828
       6552.4976       1.0750647
       6552.5150       1.0751604
       6552.5325       1.0752571
       6552.5499       1.0754622
       6552.5673       1.0758013
       6552.5847       1.0762357
       6552.6021       1.0766945
       6552.6195       1.0771113
       6552.6369       1.0774533
       6552.6543       1.0777365
       6552.6717       1.0780230
       6552.6891       1.0784021
       6552.7066       1.0789612
       6552.7240       1.0797546
       6552.7414       1.0807807
       6552.7588       1.0819757
       6552.7762       1.0832254
       6552.7936       1.0843910
       6552.8110       1.0853370
       6552.8284       1.0859572
       6552.8458       1.0861927
       6552.8633       1.0860435
       6552.8807       1.0855745
       6552.8981       1.0849111
       6552.9155       1.0842225
       6552.9329       1.0836898
       6552.9503       1.0834662
       6552.9677       1.0836372
       6552.9851       1.0841911
       6553.0025       1.0850270
       6553.0199       1.0859784
       6553.0374       1.0868555
       6553.0548       1.0874914
       6553.0722       1.0877784
       6553.0896       1.0876830
       6553.1070       1.0872387
       6553.1244       1.0865175
       6553.1418       1.0855920
       6553.1592       1.0844987
       6553.1766       1.0832153
       6553.1940       1.0816577
       6553.2115       1.0797003
       6553.2289       1.0772142
       6553.2463       1.0741136
       6553.2637       1.0703983
       6553.2811       1.0661805
       6553.2985       1.0616872
       6553.3159       1.0572386
       6553.3333       1.0532058
       6553.3507       1.0499588
       6553.3682       1.0478143
       6553.3856       1.0469934
       6553.4030       1.0475949
       6553.4204       1.0495847
       6553.4378       1.0528015
       6553.4552       1.0569760
       6553.4726       1.0617613
       6553.4900       1.0667722
       6553.5074       1.0716277
       6553.5248       1.0759914
       6553.5423       1.0796014
       6553.5597       1.0822897
       6553.5771       1.0839909
       6553.5945       1.0847461
       6553.6119       1.0846976
       6553.6293       1.0840918
       6553.6467       1.0832329
       6553.6641       1.0824346
       6553.6815       1.0819581
       6553.6989       1.0819608
       6553.7164       1.0824781
       6553.7338       1.0834462
       6553.7512       1.0847537
       6553.7686       1.0862934
       6553.7860       1.0879894
       6553.8034       1.0897876
       6553.8208       1.0916239
       6553.8382       1.0933968
       6553.8556       1.0949691
       6553.8731       1.0962049
       6553.8905       1.0970217
       6553.9079       1.0974287
       6553.9253       1.0975269
       6553.9427       1.0974680
       6553.9601       1.0973961
       6553.9775       1.0973997
       6553.9949       1.0974961
       6554.0123       1.0976491
       6554.0297       1.0978033
       6554.0472       1.0979157
       6554.0646       1.0979710
       6554.0820       1.0979787
       6554.0994       1.0979577
       6554.1168       1.0979182
       6554.1342       1.0978487
       6554.1516       1.0977129
       6554.1690       1.0974574
       6554.1864       1.0970279
       6554.2038       1.0963897
       6554.2213       1.0955453
       6554.2387       1.0945423
       6554.2561       1.0934687
       6554.2735       1.0924373
       6554.2909       1.0915581
       6554.3083       1.0909109
       6554.3257       1.0905236
       6554.3431       1.0903596
       6554.3605       1.0903211
       6554.3779       1.0902705
       6554.3954       1.0900687
       6554.4128       1.0896227
       6554.4302       1.0889308
       6554.4476       1.0881040
       6554.4650       1.0873526
       6554.4824       1.0869326
       6554.4998       1.0870670
       6554.5172       1.0878672
       6554.5346       1.0892857
       6554.5521       1.0911199
       6554.5695       1.0930684
       6554.5869       1.0948208
       6554.6043       1.0961506
       6554.6217       1.0969807
       6554.6391       1.0974017
       6554.6565       1.0976422
       6554.6739       1.0980001
       6554.6913       1.0987603
       6554.7087       1.1001192
       6554.7262       1.1021373
       6554.7436       1.1047296
       6554.7610       1.1076936
       6554.7784       1.1107663
       6554.7958       1.1136937
       6554.8132       1.1162961
       6554.8306       1.1185119
       6554.8480       1.1204086
       6554.8654       1.1221592
       6554.8828       1.1239884
       6554.9003       1.1261037
       6554.9177       1.1286355
       6554.9351       1.1315861
       6554.9525       1.1348378
       6554.9699       1.1381878
       6554.9873       1.1414052
       6555.0047       1.1442884
       6555.0221       1.1467006
       6555.0395       1.1485748
       6555.0570       1.1498937
       6555.0744       1.1506603
       6555.0918       1.1508759
       6555.1092       1.1505365
       6555.1266       1.1496443
       6555.1440       1.1482266
       6555.1614       1.1463458
       6555.1788       1.1440944
       6555.1962       1.1415711
       6555.2136       1.1388476
       6555.2311       1.1359381
       6555.2485       1.1327843
       6555.2659       1.1292675
       6555.2833       1.1252450
       6555.3007       1.1206031
       6555.3181       1.1153091
       6555.3355       1.1094450
       6555.3529       1.1032125
       6555.3703       1.0969080
       6555.3877       1.0908756
       6555.4052       1.0854499
       6555.4226       1.0809006
       6555.4400       1.0773890
       6555.4574       1.0749448
       6555.4748       1.0734703
       6555.4922       1.0727748
       6555.5096       1.0726296
       6555.5270       1.0728269
       6555.5444       1.0732229
       6555.5619       1.0737504
       6555.5793       1.0744033
       6555.5967       1.0752027
       6555.6141       1.0761648
       6555.6315       1.0772829
       6555.6489       1.0785269
       6555.6663       1.0798559
       6555.6837       1.0812360
       6555.7011       1.0826518
       6555.7185       1.0841063
       6555.7360       1.0856046
       6555.7534       1.0871310
       6555.7708       1.0886282
       6555.7882       1.0899945
       6555.8056       1.0911018
       6555.8230       1.0918327
       6555.8404       1.0921218
       6555.8578       1.0919860
       6555.8752       1.0915332
       6555.8926       1.0909434
       6555.9101       1.0904279
       6555.9275       1.0901789
       6555.9449       1.0903224
       6555.9623       1.0908907
       6555.9797       1.0918182
       6555.9971       1.0929646
       6556.0145       1.0941528
       6556.0319       1.0952125
       6556.0493       1.0960157
       6556.0667       1.0964973
       6556.0842       1.0966588
       6556.1016       1.0965596
       6556.1190       1.0963025
       6556.1364       1.0960176
       6556.1538       1.0958462
       6556.1712       1.0959243
       6556.1886       1.0963615
       6556.2060       1.0972202
       6556.2234       1.0984989
       6556.2409       1.1001192
       6556.2583       1.1019471
       6556.2757       1.1038211
       6556.2931       1.1055929
       6556.3105       1.1071634
       6556.3279       1.1085020
       6556.3453       1.1096401
       6556.3627       1.1106416
       6556.3801       1.1115622
       6556.3975       1.1124147
       6556.4150       1.1131549
       6556.4324       1.1136925
       6556.4498       1.1139213
       6556.4672       1.1137516
       6556.4846       1.1131300
       6556.5020       1.1120388
       6556.5194       1.1104773
       6556.5368       1.1084362
       6556.5542       1.1058764
       6556.5716       1.1027226
       6556.5891       1.0988729
       6556.6065       1.0942228
       6556.6239       1.0887003
       6556.6413       1.0823086
       6556.6587       1.0751684
       6556.6761       1.0675508
       6556.6935       1.0598852
       6556.7109       1.0527317
       6556.7283       1.0467139
       6556.7458       1.0424236
       6556.7632       1.0403173
       6556.7806       1.0406290
       6556.7980       1.0433186
       6556.8154       1.0480718
       6556.8328       1.0543504
       6556.8502       1.0614878
       6556.8676       1.0688079
       6556.8850       1.0757423
       6556.9024       1.0819225
       6556.9199       1.0871976
       6556.9373       1.0915960
       6556.9547       1.0952464
       6556.9721       1.0982915
       6556.9895       1.1008278
       6557.0069       1.1028915
       6557.0243       1.1044835
       6557.0417       1.1056129
       6557.0591       1.1063333
       6557.0765       1.1067557
       6557.0940       1.1070344
       6557.1114       1.1073351
       6557.1288       1.1077954
       6557.1462       1.1084917
       6557.1636       1.1094213
       6557.1810       1.1105076
       6557.1984       1.1116267
       6557.2158       1.1126511
       6557.2332       1.1134945
       6557.2507       1.1141434
       6557.2681       1.1146614
       6557.2855       1.1151647
       6557.3029       1.1157777
       6557.3203       1.1165831
       6557.3377       1.1175868
       6557.3551       1.1187068
       6557.3725       1.1197932
       6557.3899       1.1206719
       6557.4073       1.1211997
       6557.4248       1.1213129
       6557.4422       1.1210500
       6557.4596       1.1205359
       6557.4770       1.1199306
       6557.4944       1.1193565
       6557.5118       1.1188361
       6557.5292       1.1182626
       6557.5466       1.1174239
       6557.5640       1.1160724
       6557.5814       1.1140115
       6557.5989       1.1111723
       6557.6163       1.1076573
       6557.6337       1.1037376
       6557.6511       1.0998092
       6557.6685       1.0963199
       6557.6859       1.0936869
       6557.7033       1.0922210
       6557.7207       1.0920757
       6557.7381       1.0932300
       6557.7555       1.0955097
       6557.7730       1.0986425
       6557.7904       1.1023296
       6557.8078       1.1063100
       6557.8252       1.1103980
       6557.8426       1.1144792
       6557.8600       1.1184751
       6557.8774       1.1222971
       6557.8948       1.1258179
       6557.9122       1.1288797
       6557.9297       1.1313363
       6557.9471       1.1331075
       6557.9645       1.1342165
       6557.9819       1.1347891
       6557.9993       1.1350107
       6558.0167       1.1350618
       6558.0341       1.1350558
       6558.0515       1.1350082
       6558.0689       1.1348447
       6558.0863       1.1344453
       6558.1038       1.1337038
       6558.1212       1.1325810
       6558.1386       1.1311333
       6558.1560       1.1295091
       6558.1734       1.1279175
       6558.1908       1.1265775
       6558.2082       1.1256633
       6558.2256       1.1252698
       6558.2430       1.1254020
       6558.2604       1.1259896
       6558.2779       1.1269208
       6558.2953       1.1280798
       6558.3127       1.1293756
       6558.3301       1.1307538
       6558.3475       1.1321911
       6558.3649       1.1336793
       6558.3823       1.1352078
       6558.3997       1.1367531
       6558.4171       1.1382788
       6558.4346       1.1397432
       6558.4520       1.1411067
       6558.4694       1.1423331
       6558.4868       1.1433841
       6558.5042       1.1442143
       6558.5216       1.1447809
       6558.5390       1.1450694
       6558.5564       1.1451293
       6558.5738       1.1450955
       6558.5912       1.1451759
       6558.6087       1.1455988
       6558.6261       1.1465391
       6558.6435       1.1480566
       6558.6609       1.1500793
       6558.6783       1.1524390
       6558.6957       1.1549428
       6558.7131       1.1574407
       6558.7305       1.1598566
       6558.7479       1.1621690
       6558.7653       1.1643593
       6558.7828       1.1663635
       6558.8002       1.1680615
       6558.8176       1.1693169
       6558.8350       1.1700523
       6558.8524       1.1703255
       6558.8698       1.1703398
       6558.8872       1.1703999
       6558.9046       1.1708133
       6558.9220       1.1717795
       6558.9394       1.1733157
       6558.9569       1.1752502
       6558.9743       1.1772864
       6558.9917       1.1791090
       6559.0091       1.1804914
       6559.0265       1.1813634
       6559.0439       1.1818233
       6559.0613       1.1820966
       6559.0787       1.1824644
       6559.0961       1.1831870
       6559.1136       1.1844438
       6559.1310       1.1862975
       6559.1484       1.1886831
       6559.1658       1.1914160
       6559.1832       1.1942141
       6559.2006       1.1967324
       6559.2180       1.1986117
       6559.2354       1.1995384
       6559.2528       1.1993041
       6559.2702       1.1978487
       6559.2877       1.1952708
       6559.3051       1.1917975
       6559.3225       1.1877233
       6559.3399       1.1833367
       6559.3573       1.1788553
       6559.3747       1.1743893
       6559.3921       1.1699363
       6559.4095       1.1654089
       6559.4269       1.1606839
       6559.4443       1.1556626
       6559.4618       1.1503264
       6559.4792       1.1447711
       6559.4966       1.1392186
       6559.5140       1.1339781
       6559.5314       1.1293923
       6559.5488       1.1257725
       6559.5662       1.1233415
       6559.5836       1.1221983
       6559.6010       1.1223115
       6559.6185       1.1235401
       6559.6359       1.1256727
       6559.6533       1.1284755
       6559.6707       1.1317347
       6559.6881       1.1352881
       6559.7055       1.1390372
       6559.7229       1.1429436
       6559.7403       1.1470100
       6559.7577       1.1512525
       6559.7751       1.1556713
       6559.7926       1.1602296
       6559.8100       1.1648471
       6559.8274       1.1694110
       6559.8448       1.1738011
       6559.8622       1.1779139
       6559.8796       1.1816770
       6559.8970       1.1850451
       6559.9144       1.1879845
       6559.9318       1.1904592
       6559.9492       1.1924311
       6559.9667       1.1938802
       6559.9841       1.1948339
       6560.0015       1.1953918
       6560.0189       1.1957284
       6560.0363       1.1960729
       6560.0537       1.1966689
       6560.0711       1.1977280
       6560.0885       1.1993893
       6560.1059       1.2016923
       6560.1234       1.2045703
       6560.1408       1.2078601
       6560.1582       1.2113390
       6560.1756       1.2147817
       6560.1930       1.2180106
       6560.2104       1.2209341
       6560.2278       1.2235584
       6560.2452       1.2259658
       6560.2626       1.2282723
       6560.2800       1.2305776
       6560.2975       1.2329275
       6560.3149       1.2352989
       6560.3323       1.2376068
       6560.3497       1.2397279
       6560.3671       1.2415320
       6560.3845       1.2429121
       6560.4019       1.2438094
       6560.4193       1.2442281
       6560.4367       1.2442369
       6560.4541       1.2439554
       6560.4716       1.2435284
       6560.4890       1.2430973
       6560.5064       1.2427755
       6560.5238       1.2426369
       6560.5412       1.2427154
       6560.5586       1.2430140
       6560.5760       1.2435157
       6560.5934       1.2441954
       6560.6108       1.2450334
       6560.6282       1.2460331
       6560.6457       1.2472399
       6560.6631       1.2487542
       6560.6805       1.2507263
       6560.6979       1.2533271
       6560.7153       1.2566982
       6560.7327       1.2608999
       6560.7501       1.2658791
       6560.7675       1.2714732
       6560.7849       1.2774520
       6560.8024       1.2835747
       6560.8198       1.2896606
       6560.8372       1.2956237
       6560.8546       1.3014802
       6560.8720       1.3073263
       6560.8894       1.3132962
       6560.9068       1.3195101
       6560.9242       1.3260293
       6560.9416       1.3328326
       6560.9590       1.3398238
       6560.9765       1.3468693
       6560.9939       1.3538530
       6561.0113       1.3607231
       6561.0287       1.3675105
       6561.0461       1.3743077
       6561.0635       1.3812190
       6561.0809       1.3883039
       6561.0983       1.3955416
       6561.1157       1.4028335
       6561.1331       1.4100455
       6561.1506       1.4170740
       6561.1680       1.4239080
       6561.1854       1.4306633
       6561.2028       1.4375771
       6561.2202       1.4449640
       6561.2376       1.4531516
       6561.2550       1.4624135
       6561.2724       1.4729191
       6561.2898       1.4847065
       6561.3073       1.4976809
       6561.3247       1.5116344
       6561.3421       1.5262799
       6561.3595       1.5412972
       6561.3769       1.5563872
       6561.3943       1.5713289
       6561.4117       1.5860305
       6561.4291       1.6005551
       6561.4465       1.6151172
       6561.4639       1.6300251
       6561.4814       1.6455957
       6561.4988       1.6620713
       6561.5162       1.6795627
       6561.5336       1.6980388
       6561.5510       1.7173624
       6561.5684       1.7373507
       6561.5858       1.7578327
       6561.6032       1.7786824
       6561.6206       1.7998215
       6561.6380       1.8211998
       6561.6555       1.8427696
       6561.6729       1.8644656
       6561.6903       1.8861969
       6561.7077       1.9078492
       6561.7251       1.9292936
       6561.7425       1.9503969
       6561.7599       1.9710323
       6561.7773       1.9910911
       6561.7947       2.0104950
       6561.8122       2.0292060
       6561.8296       2.0472299
       6561.8470       2.0646068
       6561.8644       2.0813891
       6561.8818       2.0976120
       6561.8992       2.1132690
       6561.9166       2.1283021
       6561.9340       2.1426135
       6561.9514       2.1560948
       6561.9688       2.1686666
       6561.9863       2.1803153
       6562.0037       2.1911145
       6562.0211       2.2012225
       6562.0385       2.2108510
       6562.0559       2.2202131
       6562.0733       2.2294665
       6562.0907       2.2386739
       6562.1081       2.2477837
       6562.1255       2.2566556
       6562.1429       2.2650968
       6562.1604       2.2729092
       6562.1778       2.2799347
       6562.1952       2.2860985
       6562.2126       2.2914411
       6562.2300       2.2961320
       6562.2474       2.3004547
       6562.2648       2.3047603
       6562.2822       2.3094018
       6562.2996       2.3146695
       6562.3170       2.3207475
       6562.3345       2.3277028
       6562.3519       2.3355010
       6562.3693       2.3440359
       6562.3867       2.3531593
       6562.4041       2.3627020
       6562.4215       2.3724875
       6562.4389       2.3823430
       6562.4563       2.3921136
       6562.4737       2.4016832
       6562.4912       2.4110011
       6562.5086       2.4201086
       6562.5260       2.4291521
       6562.5434       2.4383728
       6562.5608       2.4480641
       6562.5782       2.4585029
       6562.5956       2.4698717
       6562.6130       2.4821952
       6562.6304       2.4953116
       6562.6478       2.5088873
       6562.6653       2.5224700
       6562.6827       2.5355669
       6562.7001       2.5477282
       6562.7175       2.5586169
       6562.7349       2.5680402
       6562.7523       2.5759550
       6562.7697       2.5824093
       6562.7871       2.5874646
       6562.8045       2.5911302
       6562.8219       2.5933228
       6562.8394       2.5938586
       6562.8568       2.5924717
       6562.8742       2.5888430
       6562.8916       2.5826327
       6562.9090       2.5735192
       6562.9264       2.5612460
       6562.9438       2.5456726
       6562.9612       2.5268151
       6562.9786       2.5048619
       6562.9961       2.4801578
       6563.0135       2.4531656
       6563.0309       2.4244212
       6563.0483       2.3945005
       6563.0657       2.3640002
       6563.0831       2.3335264
       6563.1005       2.3036753
       6563.1179       2.2749910
       6563.1353       2.2479020
       6563.1527       2.2226511
       6563.1702       2.1992430
       6563.1876       2.1774380
       6563.2050       2.1567999
       6563.2224       2.1367944
       6563.2398       2.1169099
       6563.2572       2.0967689
       6563.2746       2.0761993
       6563.2920       2.0552487
       6563.3094       2.0341430
       6563.3268       2.0132091
       6563.3443       1.9927894
       6563.3617       1.9731730
       6563.3791       1.9545583
       6563.3965       1.9370389
       6563.4139       1.9205933
       6563.4313       1.9050998
       6563.4487       1.8903415
       6563.4661       1.8760277
       6563.4835       1.8618384
       6563.5010       1.8474871
       6563.5184       1.8327877
       6563.5358       1.8177052
       6563.5532       1.8023702
       6563.5706       1.7870493
       6563.5880       1.7720749
       6563.6054       1.7577515
       6563.6228       1.7442642
       6563.6402       1.7316183
       6563.6576       1.7196329
       6563.6751       1.7079957
       6563.6925       1.6963688
       6563.7099       1.6845122
       6563.7273       1.6723866
       6563.7447       1.6601979
       6563.7621       1.6483659
       6563.7795       1.6374209
       6563.7969       1.6278587
       6563.8143       1.6199941
       6563.8317       1.6138595
       6563.8492       1.6091795
       6563.8666       1.6054295
       6563.8840       1.6019586
       6563.9014       1.5981379
       6563.9188       1.5934882
       6563.9362       1.5877505
       6563.9536       1.5808875
       6563.9710       1.5730269
       6563.9884       1.5643758
       6564.0058       1.5551398
       6564.0233       1.5454686
       6564.0407       1.5354363
       6564.0581       1.5250598
       6564.0755       1.5143243
       6564.0929       1.5032207
       6564.1103       1.4917804
       6564.1277       1.4801024
       6564.1451       1.4683670
       6564.1625       1.4568254
       6564.1800       1.4457615
       6564.1974       1.4354310
       6564.2148       1.4259996
       6564.2322       1.4175022
       6564.2496       1.4098392
       6564.2670       1.4028071
       6564.2844       1.3961461
       6564.3018       1.3895870
       6564.3192       1.3828871
       6564.3366       1.3758609
       6564.3541       1.3684081
       6564.3715       1.3605381
       6564.3889       1.3523766
       6564.4063       1.3441399
       6564.4237       1.3360750
       6564.4411       1.3283834
       6564.4585       1.3211577
       6564.4759       1.3143581
       6564.4933       1.3078374
       6564.5107       1.3014011
       6564.5282       1.2948783
       6564.5456       1.2881763
       6564.5630       1.2813054
       6564.5804       1.2743704
       6564.5978       1.2675380
       6564.6152       1.2609918
       6564.6326       1.2548870
       6564.6500       1.2493147
       6564.6674       1.2442829
       6564.6849       1.2397171
       6564.7023       1.2354791
       6564.7197       1.2314068
       6564.7371       1.2273685
       6564.7545       1.2233072
       6564.7719       1.2192661
       6564.7893       1.2153797
       6564.8067       1.2118284
       6564.8241       1.2087718
       6564.8415       1.2062848
       6564.8590       1.2043238
       6564.8764       1.2027348
       6564.8938       1.2012985
       6564.9112       1.1997934
       6564.9286       1.1980549
       6564.9460       1.1960121
       6564.9634       1.1936950
       6564.9808       1.1912154
       6564.9982       1.1887298
       6565.0156       1.1863960
       6565.0331       1.1843355
       6565.0505       1.1826100
       6565.0679       1.1812153
       6565.0853       1.1800918
       6565.1027       1.1791422
       6565.1201       1.1782520
       6565.1375       1.1773068
       6565.1549       1.1762067
       6565.1723       1.1748799
       6565.1898       1.1732968
       6565.2072       1.1714842
       6565.2246       1.1695327
       6565.2420       1.1675934
       6565.2594       1.1658576
       6565.2768       1.1645217
       6565.2942       1.1637417
       6565.3116       1.1635925
       6565.3290       1.1640440
       6565.3464       1.1649687
       6565.3639       1.1661667
       6565.3813       1.1674229
       6565.3987       1.1685465
       6565.4161       1.1693951
       6565.4335       1.1698803
       6565.4509       1.1699652
       6565.4683       1.1696618
       6565.4857       1.1690335
       6565.5031       1.1681904
       6565.5205       1.1672693
       6565.5380       1.1663971
       6565.5554       1.1656481
       6565.5728       1.1650198
       6565.5902       1.1644405
       6565.6076       1.1638111
       6565.6250       1.1630609
       6565.6424       1.1621897
       6565.6598       1.1612743
       6565.6772       1.1604349
       6565.6946       1.1597750
       6565.7121       1.1593256
       6565.7295       1.1590187
       6565.7469       1.1587070
       6565.7643       1.1582241
       6565.7817       1.1574615
       6565.7991       1.1564316
       6565.8165       1.1552867
       6565.8339       1.1542851
       6565.8513       1.1537113
       6565.8688       1.1537819
       6565.8862       1.1545715
       6565.9036       1.1559872
       6565.9210       1.1578018
       6565.9384       1.1597276
       6565.9558       1.1614998
       6565.9732       1.1629339
       6565.9906       1.1639385
       6566.0080       1.1644927
       6566.0254       1.1646062
       6566.0429       1.1642862
       6566.0603       1.1635372
       6566.0777       1.1623797
       6566.0951       1.1608737
       6566.1125       1.1591276
       6566.1299       1.1572859
       6566.1473       1.1555021
       6566.1647       1.1539088
       6566.1821       1.1525994
       6566.1995       1.1516214
       6566.2170       1.1509778
       6566.2344       1.1506316
       6566.2518       1.1505101
       6566.2692       1.1505146
       6566.2866       1.1505376
       6566.3040       1.1504851
       6566.3214       1.1502982
       6566.3388       1.1499645
       6566.3562       1.1495151
       6566.3737       1.1490093
       6566.3911       1.1485127
       6566.4085       1.1480774
       6566.4259       1.1477265
       6566.4433       1.1474485
       6566.4607       1.1472005
       6566.4781       1.1469192
       6566.4955       1.1465399
       6566.5129       1.1460153
       6566.5303       1.1453324
       6566.5478       1.1445184
       6566.5652       1.1436332
       6566.5826       1.1427495
       6566.6000       1.1419259
       6566.6174       1.1411844
       6566.6348       1.1405022
       6566.6522       1.1398216
       6566.6696       1.1390768
       6566.6870       1.1382268
       6566.7044       1.1372809
       6566.7219       1.1363083
       6566.7393       1.1354284
       6566.7567       1.1347812
       6566.7741       1.1344872
       6566.7915       1.1346070
       6566.8089       1.1351133
       6566.8263       1.1358866
       6566.8437       1.1367363
       6566.8611       1.1374425
       6566.8786       1.1378067
       6566.8960       1.1376955
       6566.9134       1.1370656
       6566.9308       1.1359636
       6566.9482       1.1345071
       6566.9656       1.1328564
       6566.9830       1.1311897
       6567.0004       1.1296840
       6567.0178       1.1285017
       6567.0352       1.1277751
       6567.0527       1.1275874
       6567.0701       1.1279517
       6567.0875       1.1287991
       6567.1049       1.1299821
       6567.1223       1.1312983
       6567.1397       1.1325297
       6567.1571       1.1334847
       6567.1745       1.1340324
       6567.1919       1.1341177
       6567.2093       1.1337561
       6567.2268       1.1330131
       6567.2442       1.1319770
       6567.2616       1.1307391
       6567.2790       1.1293842
       6567.2964       1.1279942
       6567.3138       1.1266571
       6567.3312       1.1254672
       6567.3486       1.1245164
       6567.3660       1.1238741
       6567.3834       1.1235685
       6567.4009       1.1235804
       6567.4183       1.1238559
       6567.4357       1.1243304
       6567.4531       1.1249511
       6567.4705       1.1256853
       6567.4879       1.1265108
       6567.5053       1.1273961
       6567.5227       1.1282807
       6567.5401       1.1290670
       6567.5576       1.1296292
       6567.5750       1.1298374
       6567.5924       1.1295949
       6567.6098       1.1288771
       6567.6272       1.1277587
       6567.6446       1.1264169
       6567.6620       1.1251018
       6567.6794       1.1240791
       6567.6968       1.1235609
       6567.7142       1.1236489
       6567.7317       1.1243072
       6567.7491       1.1253737
       6567.7665       1.1266009
       6567.7839       1.1277129
       6567.8013       1.1284612
       6567.8187       1.1286704
       6567.8361       1.1282666
       6567.8535       1.1272894
       6567.8709       1.1258836
       6567.8883       1.1242723
       6567.9058       1.1227147
       6567.9232       1.1214556
       6567.9406       1.1206789
       6567.9580       1.1204756
       6567.9754       1.1208206
       6567.9928       1.1215930
       6568.0102       1.1226009
       6568.0276       1.1236172
       6568.0450       1.1244165
       6568.0625       1.1248067
       6568.0799       1.1246539
       6568.0973       1.1238995
       6568.1147       1.1225685
       6568.1321       1.1207655
       6568.1495       1.1186571
       6568.1669       1.1164405
       6568.1843       1.1143046
       6568.2017       1.1123927
       6568.2191       1.1107761
       6568.2366       1.1094485
       6568.2540       1.1083442
       6568.2714       1.1073747
       6568.2888       1.1064735
       6568.3062       1.1056288
       6568.3236       1.1048937
       6568.3410       1.1043685
       6568.3584       1.1041677
       6568.3758       1.1043882
       6568.3932       1.1050960
       6568.4107       1.1063354
       6568.4281       1.1081534
       6568.4455       1.1106208
       6568.4629       1.1138346
       6568.4803       1.1178953
       6568.4977       1.1228657
       6568.5151       1.1287299
       6568.5325       1.1353715
       6568.5499       1.1425816
       6568.5674       1.1500956
       6568.5848       1.1576425
       6568.6022       1.1649863
       6568.6196       1.1719573
       6568.6370       1.1784498
       6568.6544       1.1844028
       6568.6718       1.1897797
       6568.6892       1.1945518
       6568.7066       1.1986900
       6568.7240       1.2021653
       6568.7415       1.2049533
       6568.7589       1.2070383
       6568.7763       1.2084152
       6568.7937       1.2090865
       6568.8111       1.2090550
       6568.8285       1.2083144
       6568.8459       1.2068395
       6568.8633       1.2045808
       6568.8807       1.2014662
       6568.8981       1.1974120
       6568.9156       1.1923429
       6568.9330       1.1862186
       6568.9504       1.1790605
       6568.9678       1.1709723
       6568.9852       1.1621452
       6569.0026       1.1528444
       6569.0200       1.1433758
       6569.0374       1.1340421
       6569.0548       1.1250968
       6569.0722       1.1167109
       6569.0897       1.1089607
       6569.1071       1.1018364
       6569.1245       1.0952670
       6569.1419       1.0891508
       6569.1593       1.0833839
       6569.1767       1.0778827
       6569.1941       1.0726027
       6569.2115       1.0675525
       6569.2289       1.0628007
       6569.2464       1.0584677
       6569.2638       1.0547000
       6569.2812       1.0516237
       6569.2986       1.0493087
       6569.3160       1.0477522
       6569.3334       1.0468940
       6569.3508       1.0466597
       6569.3682       1.0470106
       6569.3856       1.0479743
       6569.4030       1.0496387
       6569.4205       1.0521106
       6569.4379       1.0554550
       6569.4553       1.0596415
       6569.4727       1.0645196
       6569.4901       1.0698287
       6569.5075       1.0752389
       6569.5249       1.0804032
       6569.5423       1.0850088
       6569.5597       1.0888169
       6569.5771       1.0916876
       6569.5946       1.0935925
       6569.6120       1.0946117
       6569.6294       1.0949169
       6569.6468       1.0947419
       6569.6642       1.0943433
       6569.6816       1.0939610
       6569.6990       1.0937849
       6569.7164       1.0939340
       6569.7338       1.0944497
       6569.7513       1.0953037
       6569.7687       1.0964182
       6569.7861       1.0976916
       6569.8035       1.0990260
       6569.8209       1.1003450
       6569.8383       1.1015984
       6569.8557       1.1027522
       6569.8731       1.1037697
       6569.8905       1.1045947
       6569.9079       1.1051450
       6569.9254       1.1053296
       6569.9428       1.1050723
       6569.9602       1.1043405
       6569.9776       1.1031688
       6569.9950       1.1016658
       6570.0124       1.1000037
       6570.0298       1.0983907
       6570.0472       1.0970325
       6570.0646       1.0960923
       6570.0820       1.0956615
       6570.0995       1.0957482
       6570.1169       1.0962870
       6570.1343       1.0971652
       6570.1517       1.0982545
       6570.1691       1.0994391
       6570.1865       1.1006331
       6570.2039       1.1017831
       6570.2213       1.1028590
       6570.2387       1.1038376
       6570.2562       1.1046859
       6570.2736       1.1053539
       6570.2910       1.1057794
       6570.3084       1.1059043
       6570.3258       1.1056952
       6570.3432       1.1051581
       6570.3606       1.1043401
       6570.3780       1.1033175
       6570.3954       1.1021726
       6570.4128       1.1009688
       6570.4303       1.0997299
       6570.4477       1.0984337
       6570.4651       1.0970243
       6570.4825       1.0954407
       6570.4999       1.0936548
       6570.5173       1.0917006
       6570.5347       1.0896806
       6570.5521       1.0877425
       6570.5695       1.0860374
       6570.5869       1.0846730
       6570.6044       1.0836964
       6570.6218       1.0831026
       6570.6392       1.0828627
       6570.6566       1.0829515
       6570.6740       1.0833555
       6570.6914       1.0840597
       6570.7088       1.0850232
       6570.7262       1.0861638
       6570.7436       1.0873662
       6570.7610       1.0885124
       6570.7785       1.0895177
       6570.7959       1.0903512
       6570.8133       1.0910268
       6570.8307       1.0915688
       6570.8481       1.0919741
       6570.8655       1.0921956
       6570.8829       1.0921592
       6570.9003       1.0918061
       6570.9177       1.0911360
       6570.9352       1.0902253
       6570.9526       1.0892100
       6570.9700       1.0882422
       6570.9874       1.0874453
       6571.0048       1.0868867
       6571.0222       1.0865793
       6571.0396       1.0865019
       6571.0570       1.0866229
       6571.0744       1.0869140
       6571.0918       1.0873458
       6571.1093       1.0878730
       6571.1267       1.0884203
       6571.1441       1.0888800
       6571.1615       1.0891264
       6571.1789       1.0890435
       6571.1963       1.0885544
       6571.2137       1.0876418
       6571.2311       1.0863646
       6571.2485       1.0848429
       6571.2659       1.0832435
       6571.2834       1.0817566
       6571.3008       1.0805677
       6571.3182       1.0798257
       6571.3356       1.0796120
       6571.3530       1.0799170
       6571.3704       1.0806347
       6571.3878       1.0815793
       6571.4052       1.0825227
       6571.4226       1.0832386
       6571.4401       1.0835369
       6571.4575       1.0832742
       6571.4749       1.0823365
       6571.4923       1.0806077
       6571.5097       1.0779452
       6571.5271       1.0741850
       6571.5445       1.0691874
       6571.5619       1.0629128
       6571.5793       1.0555005
       6571.5967       1.0473168
       6571.6142       1.0389487
       6571.6316       1.0311360
       6571.6490       1.0246594
       6571.6664       1.0202132
       6571.6838       1.0182914
       6571.7012       1.0191103
       6571.7186       1.0225760
       6571.7360       1.0282998
       6571.7534       1.0356574
       6571.7708       1.0438832
       6571.7883       1.0521877
       6571.8057       1.0598774
       6571.8231       1.0664526
       6571.8405       1.0716589
       6571.8579       1.0754784
       6571.8753       1.0780827
       6571.8927       1.0797432
       6571.9101       1.0807350
       6571.9275       1.0812860
       6571.9450       1.0815606
       6571.9624       1.0816743
       6571.9798       1.0817199
       6571.9972       1.0817836
       6572.0146       1.0819409
       6572.0320       1.0822408
       6572.0494       1.0826910
       6572.0668       1.0832585
       6572.0842       1.0838874
       6572.1016       1.0845246
       6572.1191       1.0851415
       6572.1365       1.0857423
       6572.1539       1.0863605
       6572.1713       1.0870470
       6572.1887       1.0878540
       6572.2061       1.0888184
       6572.2235       1.0899467
       6572.2409       1.0912062
       6572.2583       1.0925303
       6572.2757       1.0938380
       6572.2932       1.0950620
       6572.3106       1.0961695
       6572.3280       1.0971644
       6572.3454       1.0980660
       6572.3628       1.0988770
       6572.3802       1.0995601
       6572.3976       1.1000377
       6572.4150       1.1002180
       6572.4324       1.1000289
       6572.4498       1.0994413
       6572.4673       1.0984635
       6572.4847       1.0971153
       6572.5021       1.0953994
       6572.5195       1.0932938
       6572.5369       1.0907829
       6572.5543       1.0878979
       6572.5717       1.0847526
       6572.5891       1.0815423
       6572.6065       1.0785013
       6572.6240       1.0758369
       6572.6414       1.0736671
       6572.6588       1.0719923
       6572.6762       1.0707099
       6572.6936       1.0696631
       6572.7110       1.0687019
       6572.7284       1.0677317
       6572.7458       1.0667342
       6572.7632       1.0657598
       6572.7806       1.0648985
       6572.7981       1.0642422
       6572.8155       1.0638502
       6572.8329       1.0637234
       6572.8503       1.0637911
       6572.8677       1.0639165
       6572.8851       1.0639235
       6572.9025       1.0636424
       6572.9199       1.0629646
       6572.9373       1.0618849
       6572.9547       1.0605148
       6572.9722       1.0590569
       6572.9896       1.0577491
       6573.0070       1.0567991
       6573.0244       1.0563311
       6573.0418       1.0563606
       6573.0592       1.0568022
       6573.0766       1.0575036
       6573.0940       1.0582932
       6573.1114       1.0590266
       6573.1289       1.0596161
       6573.1463       1.0600371
       6573.1637       1.0603111
       6573.1811       1.0604782
       6573.1985       1.0605681
       6573.2159       1.0605886
       6573.2333       1.0605324
       6573.2507       1.0603967
       6573.2681       1.0602040
       6573.2855       1.0600124
       6573.3030       1.0599095
       6573.3204       1.0599900
       6573.3378       1.0603260
       6573.3552       1.0609420
       6573.3726       1.0618027
       6573.3900       1.0628194
       6573.4074       1.0638721
       6573.4248       1.0648380
       6573.4422       1.0656206
       6573.4596       1.0661699
       6573.4771       1.0664933
       6573.4945       1.0666545
       6573.5119       1.0667604
       6573.5293       1.0669383
       6573.5467       1.0673067
       6573.5641       1.0679438
       6573.5815       1.0688641
       6573.5989       1.0700087
       6573.6163       1.0712561
       6573.6338       1.0724524
       6573.6512       1.0734524
       6573.6686       1.0741574
       6573.6860       1.0745361
       6573.7034       1.0746225
       6573.7208       1.0744932
       6573.7382       1.0742350
       6573.7556       1.0739156
       6573.7730       1.0735657
       6573.7904       1.0731755
       6573.8079       1.0727050
       6573.8253       1.0721042
       6573.8427       1.0713412
       6573.8601       1.0704270
       6573.8775       1.0694351
       6573.8949       1.0685028
       6573.9123       1.0678097
       6573.9297       1.0675333
       6573.9471       1.0677898
       6573.9645       1.0685827
       6573.9820       1.0697779
       6573.9994       1.0711223
       6574.0168       1.0723018
       6574.0342       1.0730217
       6574.0516       1.0730800
       6574.0690       1.0724084
       6574.0864       1.0710695
       6574.1038       1.0692164
       6574.1212       1.0670335
       6574.1386       1.0646829
       6574.1561       1.0622727
       6574.1735       1.0598520
       6574.1909       1.0574230
       6574.2083       1.0549535
       6574.2257       1.0523793
       6574.2431       1.0495954
       6574.2605       1.0464457
       6574.2779       1.0427284
       6574.2953       1.0382280
       6574.3128       1.0327756
       6574.3302       1.0263278
       6574.3476       1.0190433
       6574.3650       1.0113328
       6574.3824       1.0038558
       6574.3998      0.99745223
       6574.4172      0.99301447
       6574.4346      0.99132464
       6574.4520      0.99289930
       6574.4694      0.99789754
       6574.4869       1.0060396
       6574.5043       1.0166888
       6574.5217       1.0289685
       6574.5391       1.0418985
       6574.5565       1.0545381
       6574.5739       1.0661021
       6574.5913       1.0760336
       6574.6087       1.0840273
       6574.6261       1.0900111
       6574.6435       1.0940961
       6574.6610       1.0965124
       6574.6784       1.0975441
       6574.6958       1.0974768
       6574.7132       1.0965601
       6574.7306       1.0949875
       6574.7480       1.0928893
       6574.7654       1.0903363
       6574.7828       1.0873547
       6574.8002       1.0839486
       6574.8177       1.0801271
       6574.8351       1.0759284
       6574.8525       1.0714320
       6574.8699       1.0667551
       6574.8873       1.0620345
       6574.9047       1.0574036
       6574.9221       1.0529742
       6574.9395       1.0488317
       6574.9569       1.0450427
       6574.9743       1.0416700
       6574.9918       1.0387841
       6575.0092       1.0364627
       6575.0266       1.0347759
       6575.0440       1.0337630
       6575.0614       1.0334101
       6575.0788       1.0336416
       6575.0962       1.0343297
       6575.1136       1.0353199
       6575.1310       1.0364621
       6575.1484       1.0376383
       6575.1659       1.0387800
       6575.1833       1.0398656
       6575.2007       1.0409083
       6575.2181       1.0419393
       6575.2355       1.0429958
       6575.2529       1.0441152
       6575.2703       1.0453347
       6575.2877       1.0466889
       6575.3051       1.0481994
       6575.3226       1.0498599
       6575.3400       1.0516221
       6575.3574       1.0533963
       6575.3748       1.0550683
       6575.3922       1.0565297
       6575.4096       1.0577062
       6575.4270       1.0585704
       6575.4444       1.0591346
       6575.4618       1.0594279
       6575.4792       1.0594740
       6575.4967       1.0592824
       6575.5141       1.0588591
       6575.5315       1.0582303
       6575.5489       1.0574600
       6575.5663       1.0566505
       6575.5837       1.0559191
       6575.6011       1.0553626
       6575.6185       1.0550270
       6575.6359       1.0548976
       6575.6533       1.0549127
       6575.6708       1.0549932
       6575.6882       1.0550738
       6575.7056       1.0551245
       6575.7230       1.0551576
       6575.7404       1.0552197
       6575.7578       1.0553725
       6575.7752       1.0556675
       6575.7926       1.0561139
       6575.8100       1.0566595
       6575.8274       1.0571896
       6575.8449       1.0575499
       6575.8623       1.0575892
       6575.8797       1.0572063
       6575.8971       1.0563798
       6575.9145       1.0551712
       6575.9319       1.0537001
       6575.9493       1.0521069
       6575.9667       1.0505198
       6575.9841       1.0490381
       6576.0016       1.0477339
       6576.0190       1.0466636
       6576.0364       1.0458800
       6576.0538       1.0454340
       6576.0712       1.0453652
       6576.0886       1.0456841
       6576.1060       1.0463547
       6576.1234       1.0472855
       6576.1408       1.0483363
       6576.1582       1.0493396
       6576.1757       1.0501306
       6576.1931       1.0505772
       6576.2105       1.0506010
       6576.2279       1.0501855
       6576.2453       1.0493726
       6576.2627       1.0482515
       6576.2801       1.0469441
       6576.2975       1.0455914
       6576.3149       1.0443399
       6576.3323       1.0433293
       6576.3498       1.0426781
       6576.3672       1.0424707
       6576.3846       1.0427452
       6576.4020       1.0434862
       6576.4194       1.0446243
       6576.4368       1.0460384
       6576.4542       1.0475687
       6576.4716       1.0490368
       6576.4890       1.0502659
       6576.5065       1.0511044
       6576.5239       1.0514493
       6576.5413       1.0512626
       6576.5587       1.0505779
       6576.5761       1.0494932
       6576.5935       1.0481507
       6576.6109       1.0467083
       6576.6283       1.0453092
       6576.6457       1.0440567
       6576.6631       1.0430023
       6576.6806       1.0421479
       6576.6980       1.0414606
       6576.7154       1.0408928
       6576.7328       1.0404009
       6576.7502       1.0399567
       6576.7676       1.0395527
       6576.7850       1.0392007
       6576.8024       1.0389294
       6576.8198       1.0387803
       6576.8372       1.0388016
       6576.8547       1.0390367
       6576.8721       1.0395071
       6576.8895       1.0401929
       6576.9069       1.0410209
       6576.9243       1.0418693
       6576.9417       1.0425971
       6576.9591       1.0430909
       6576.9765       1.0433121
       6576.9939       1.0433211
       6577.0113       1.0432624
       6577.0288       1.0433132
       6577.0462       1.0436166
       6577.0636       1.0442274
       6577.0810       1.0450959
       6577.0984       1.0460863
       6577.1158       1.0470335
       6577.1332       1.0477936
       6577.1506       1.0482770
       6577.1680       1.0484547
       6577.1855       1.0483426
       6577.2029       1.0479758
       6577.2203       1.0473877
       6577.2377       1.0466032
       6577.2551       1.0456460
       6577.2725       1.0445529
       6577.2899       1.0433854
       6577.3073       1.0422292
       6577.3247       1.0411820
       6577.3421       1.0403340
       6577.3596       1.0397505
       6577.3770       1.0394631
       6577.3944       1.0394710
       6577.4118       1.0397485
       6577.4292       1.0402539
       6577.4466       1.0409331
       6577.4640       1.0417211
       6577.4814       1.0425429
       6577.4988       1.0433192
       6577.5162       1.0439784
       6577.5337       1.0444679
       6577.5511       1.0447587
       6577.5685       1.0448387
       6577.5859       1.0446969
       6577.6033       1.0443103
       6577.6207       1.0436426
       6577.6381       1.0426609
       6577.6555       1.0413639
       6577.6729       1.0398066
       6577.6904       1.0381096
       6577.7078       1.0364446
       6577.7252       1.0350019
       6577.7426       1.0339484
       6577.7600       1.0333922
       6577.7774       1.0333694
       6577.7948       1.0338451
       6577.8122       1.0347281
       6577.8296       1.0358925
       6577.8470       1.0372000
       6577.8645       1.0385217
       6577.8819       1.0397556
       6577.8993       1.0408378
       6577.9167       1.0417452
       6577.9341       1.0424889
       6577.9515       1.0431006
       6577.9689       1.0436158
       6577.9863       1.0440614
       6578.0037       1.0444499
       6578.0211       1.0447839
       6578.0386       1.0450661
       6578.0560       1.0453103
       6578.0734       1.0455465
       6578.0908       1.0458148
       6578.1082       1.0461507
       6578.1256       1.0465641
       6578.1430       1.0470247
       6578.1604       1.0474611
       6578.1778       1.0477769
       6578.1953       1.0478801
       6578.2127       1.0477127
       6578.2301       1.0472689
       6578.2475       1.0465957
       6578.2649       1.0457779
       6578.2823       1.0449165
       6578.2997       1.0441114
       6578.3171       1.0434488
       6578.3345       1.0429943
       6578.3519       1.0427842
       6578.3694       1.0428168
       6578.3868       1.0430466
       6578.4042       1.0433853
       6578.4216       1.0437239
       6578.4390       1.0439560
       6578.4564       1.0440014
       6578.4738       1.0438195
       6578.4912       1.0434089
       6578.5086       1.0427954
       6578.5260       1.0420163
       6578.5435       1.0411082
       6578.5609       1.0401034
       6578.5783       1.0390353
       6578.5957       1.0379479
       6578.6131       1.0369047
       6578.6305       1.0359857
       6578.6479       1.0352724
       6578.6653       1.0348230
       6578.6827       1.0346496
       6578.7001       1.0347105
       6578.7176       1.0349246
       6578.7350       1.0352027
       6578.7524       1.0354798
       6578.7698       1.0357321
       6578.7872       1.0359704
       6578.8046       1.0362169
       6578.8220       1.0364841
       6578.8394       1.0367689
       6578.8568       1.0370652
       6578.8743       1.0373829
       6578.8917       1.0377558
       6578.9091       1.0382306
       6578.9265       1.0388408
       6578.9439       1.0395814
       6578.9613       1.0403980
       6578.9787       1.0411959
       6578.9961       1.0418625
       6579.0135       1.0422928
       6579.0309       1.0424095
       6579.0484       1.0421799
       6579.0658       1.0416210
       6579.0832       1.0407928
       6579.1006       1.0397819
       6579.1180       1.0386751
       6579.1354       1.0375363
       6579.1528       1.0363992
       6579.1702       1.0352839
       6579.1876       1.0342259
       6579.2050       1.0333003
       6579.2225       1.0326208
       6579.2399       1.0323107
       6579.2573       1.0324604
       6579.2747       1.0330945
       6579.2921       1.0341662
       6579.3095       1.0355792
       6579.3269       1.0372216
       6579.3443       1.0389895
       6579.3617       1.0407883
       6579.3792       1.0425165
       6579.3966       1.0440511
       6579.4140       1.0452525
       6579.4314       1.0459956
       6579.4488       1.0462143
       6579.4662       1.0459351
       6579.4836       1.0452799
       6579.5010       1.0444337
       6579.5184       1.0435881
       6579.5358       1.0428864
       6579.5533       1.0423912
       6579.5707       1.0420852
       6579.5881       1.0419022
       6579.6055       1.0417713
       6579.6229       1.0416547
       6579.6403       1.0415672
       6579.6577       1.0415702
       6579.6751       1.0417484
       6579.6925       1.0421804
       6579.7099       1.0429059
       6579.7274       1.0439127
       6579.7448       1.0451320
       6579.7622       1.0464464
       6579.7796       1.0477132
       6579.7970       1.0487951
       6579.8144       1.0495925
       6579.8318       1.0500642
       6579.8492       1.0502280
       6579.8666       1.0501412
       6579.8841       1.0498698
       6579.9015       1.0494619
       6579.9189       1.0489345
       6579.9363       1.0482777
       6579.9537       1.0474703
       6579.9711       1.0464975
       6579.9885       1.0453621
       6580.0059       1.0440864
       6580.0233       1.0427050
       6580.0407       1.0412546
       6580.0582       1.0397640
       6580.0756       1.0382488
       6580.0930       1.0367102
       6580.1104       1.0351376
       6580.1278       1.0335135
       6580.1452       1.0318207
       6580.1626       1.0300489
       6580.1800       1.0281987
       6580.1974       1.0262794
       6580.2148       1.0243024
       6580.2323       1.0222750
       6580.2497       1.0202017
       6580.2671       1.0180982
       6580.2845       1.0160137
       6580.3019       1.0140518
       6580.3193       1.0123755
       6580.3367       1.0111924
       6580.3541       1.0107046
       6580.3715       1.0110573
       6580.3889       1.0122937
       6580.4064       1.0143315
       6580.4238       1.0169736
       6580.4412       1.0199495
       6580.4586       1.0229759
       6580.4760       1.0258184
       6580.4934       1.0283363
       6580.5108       1.0304977
       6580.5282       1.0323635
       6580.5456       1.0340475
       6580.5631       1.0356669
       6580.5805       1.0373003
       6580.5979       1.0389665
       6580.6153       1.0406280
       6580.6327       1.0422132
       6580.6501       1.0436466
       6580.6675       1.0448732
       6580.6849       1.0458720
       6580.7023       1.0466568
       6580.7197       1.0472702
       6580.7372       1.0477719
       6580.7546       1.0482233
       6580.7720       1.0486685
       6580.7894       1.0491139
       6580.8068       1.0495169
       6580.8242       1.0497901
       6580.8416       1.0498251
       6580.8590       1.0495286
       6580.8764       1.0488557
       6580.8938       1.0478258
       6580.9113       1.0465143
       6580.9287       1.0450242
       6580.9461       1.0434524
       6580.9635       1.0418659
       6580.9809       1.0402961
       6580.9983       1.0387485
       6581.0157       1.0372203
       6581.0331       1.0357159
       6581.0505       1.0342516
       6581.0680       1.0328532
       6581.0854       1.0315507
       6581.1028       1.0303746
       6581.1202       1.0293547
       6581.1376       1.0285196
       6581.1550       1.0278938
       6581.1724       1.0274913
       6581.1898       1.0273078
       6581.2072       1.0273175
       6581.2246       1.0274759
       6581.2421       1.0277312
       6581.2595       1.0280400
       6581.2769       1.0283780
       6581.2943       1.0287415
       6581.3117       1.0291342
       6581.3291       1.0295465
       6581.3465       1.0299382
       6581.3639       1.0302387
       6581.3813       1.0303686
       6581.3987       1.0302769
       6581.4162       1.0299773
       6581.4336       1.0295637
       6581.4510       1.0291937
       6581.4684       1.0290428
       6581.4858       1.0292460
       6581.5032       1.0298491
       6581.5206       1.0307888
       6581.5380       1.0319107
       6581.5554       1.0330172
       6581.5729       1.0339281
       6581.5903       1.0345308
       6581.6077       1.0348026
       6581.6251       1.0347979
       6581.6425       1.0346114
       6581.6599       1.0343380
       6581.6773       1.0340403
       6581.6947       1.0337467
       6581.7121       1.0334668
       6581.7295       1.0332130
       6581.7470       1.0330137
       6581.7644       1.0329097
       6581.7818       1.0329380
       6581.7992       1.0331112
       6581.8166       1.0334060
       6581.8340       1.0337658
       6581.8514       1.0341170
       6581.8688       1.0343907
       6581.8862       1.0345425
       6581.9036       1.0345632
       6581.9211       1.0344800
       6581.9385       1.0343503
       6581.9559       1.0342476
       6581.9733       1.0342430
       6581.9907       1.0343849
       6582.0081       1.0346816
       6582.0255       1.0350958
       6582.0429       1.0355550
       6582.0603       1.0359753
       6582.0777       1.0362883
       6582.0952       1.0364607
       6582.1126       1.0364964
       6582.1300       1.0364222
       6582.1474       1.0362637
       6582.1648       1.0360255
       6582.1822       1.0356859
       6582.1996       1.0352096
       6582.2170       1.0345744
       6582.2344       1.0337979
       6582.2519       1.0329506
       6582.2693       1.0321469
       6582.2867       1.0315177
       6582.3041       1.0311724
       6582.3215       1.0311645
       6582.3389       1.0314790
       6582.3563       1.0320356
       6582.3737       1.0327098
       6582.3911       1.0333638
       6582.4085       1.0338807
       6582.4260       1.0341939
       6582.4434       1.0343026
       6582.4608       1.0342682
       6582.4782       1.0341926
       6582.4956       1.0341842
       6582.5130       1.0343246
       6582.5304       1.0346478
       6582.5478       1.0351377
       6582.5652       1.0357424
       6582.5826       1.0363954
       6582.6001       1.0370358
       6582.6175       1.0376168
       6582.6349       1.0381049
       6582.6523       1.0384725
       6582.6697       1.0386910
       6582.6871       1.0387300
       6582.7045       1.0385625
       6582.7219       1.0381735
       6582.7393       1.0375678
       6582.7568       1.0367736
       6582.7742       1.0358400
       6582.7916       1.0348303
       6582.8090       1.0338133
       6582.8264       1.0328572
       6582.8438       1.0320265
       6582.8612       1.0313835
       6582.8786       1.0309882
       6582.8960       1.0308968
       6582.9134       1.0311543
       6582.9309       1.0317830
       6582.9483       1.0327700
       6582.9657       1.0340505
       6582.9831       1.0355115
       6583.0005       1.0370006
       6583.0179       1.0383534
       6583.0353       1.0394328
       6583.0527       1.0401675
       6583.0701       1.0405749
       6583.0875       1.0407552
       6583.1050       1.0408568
       6583.1224       1.0410249
       6583.1398       1.0413553
       6583.1572       1.0418705
       6583.1746       1.0425279
       6583.1920       1.0432541
       6583.2094       1.0439870
       6583.2268       1.0447089
       6583.2442       1.0454536
       6583.2617       1.0462871
       6583.2791       1.0472683
       6583.2965       1.0484084
       6583.3139       1.0496480
       6583.3313       1.0508620
       6583.3487       1.0518919
       6583.3661       1.0525900
       6583.3835       1.0528580
       6583.4009       1.0526640
       6583.4183       1.0520341
       6583.4358       1.0510253
       6583.4532       1.0496946
       6583.4706       1.0480760
       6583.4880       1.0461766
       6583.5054       1.0439899
       6583.5228       1.0415213
       6583.5402       1.0388138
       6583.5576       1.0359639
       6583.5750       1.0331195
       6583.5924       1.0304606
       6583.6099       1.0281652
       6583.6273       1.0263684
       6583.6447       1.0251349
       6583.6621       1.0244432
       6583.6795       1.0241913
       6583.6969       1.0242205
       6583.7143       1.0243529
       6583.7317       1.0244310
       6583.7491       1.0243511
       6583.7665       1.0240789
       6583.7840       1.0236485
       6583.8014       1.0231440
       6583.8188       1.0226744
       6583.8362       1.0223464
       6583.8536       1.0222429
       6583.8710       1.0224083
       6583.8884       1.0228433
       6583.9058       1.0235074
       6583.9232       1.0243300
       6583.9407       1.0252271
       6583.9581       1.0261197
       6583.9755       1.0269522
       6583.9929       1.0277031
       6584.0103       1.0283842
       6584.0277       1.0290281
       6584.0451       1.0296670
       6584.0625       1.0303117
       6584.0799       1.0309425
       6584.0973       1.0315182
       6584.1148       1.0319999
       6584.1322       1.0323784
       6584.1496       1.0326889
       6584.1670       1.0330008
       6584.1844       1.0333856
       6584.2018       1.0338767
       6584.2192       1.0344401
       6584.2366       1.0349740
       6584.2540       1.0353361
       6584.2714       1.0353972
       6584.2889       1.0350862
       6584.3063       1.0344160
       6584.3237       1.0334813
       6584.3411       1.0324322
       6584.3585       1.0314370
       6584.3759       1.0306453
       6584.3933       1.0301608
       6584.4107       1.0300246
       6584.4281       1.0302115
       6584.4456       1.0306383
       6584.4630       1.0311839
       6584.4804       1.0317179
       6584.4978       1.0321289
       6584.5152       1.0323459
       6584.5326       1.0323426
       6584.5500       1.0321288
       6584.5674       1.0317318
       6584.5848       1.0311790
       6584.6022       1.0304895
       6584.6197       1.0296754
       6584.6371       1.0287488
       6584.6545       1.0277274
       6584.6719       1.0266357
       6584.6893       1.0255022
       6584.7067       1.0243574
       6584.7241       1.0232359
       6584.7415       1.0221807
       6584.7589       1.0212446
       6584.7763       1.0204865
       6584.7938       1.0199587
       6584.8112       1.0196930
       6584.8286       1.0196922
       6584.8460       1.0199318
       6584.8634       1.0203739
       6584.8808       1.0209851
       6584.8982       1.0217496
       6584.9156       1.0226651
       6584.9330       1.0237273
       6584.9505       1.0249090
       6584.9679       1.0261461
       6584.9853       1.0273434
       6585.0027       1.0283993
