# Angstrom [air],  flux [abs.cor.cont.sub+1]
       6545.0076       1.0263058
       6545.0250       1.0256239
       6545.0425       1.0248987
       6545.0599       1.0241366
       6545.0773       1.0233764
       6545.0947       1.0226987
       6545.1121       1.0222148
       6545.1295       1.0220422
       6545.1469       1.0222671
       6545.1643       1.0229076
       6545.1817       1.0238917
       6545.1991       1.0250636
       6545.2166       1.0262232
       6545.2340       1.0271879
       6545.2514       1.0278544
       6545.2688       1.0282354
       6545.2862       1.0284538
       6545.3036       1.0286993
       6545.3210       1.0291683
       6545.3384       1.0300132
       6545.3558       1.0313227
       6545.3732       1.0331341
       6545.3907       1.0354632
       6545.4081       1.0383309
       6545.4255       1.0417758
       6545.4429       1.0458508
       6545.4603       1.0506169
       6545.4777       1.0561423
       6545.4951       1.0625057
       6545.5125       1.0697931
       6545.5299       1.0780760
       6545.5473       1.0873720
       6545.5648       1.0976038
       6545.5822       1.1085812
       6545.5996       1.1200194
       6545.6170       1.1315896
       6545.6344       1.1429764
       6545.6518       1.1539141
       6545.6692       1.1641886
       6545.6866       1.1736114
       6545.7040       1.1819893
       6545.7215       1.1891090
       6545.7389       1.1947449
       6545.7563       1.1986930
       6545.7737       1.2007955
       6545.7911       1.2009632
       6545.8085       1.1991842
       6545.8259       1.1955234
       6545.8433       1.1901114
       6545.8607       1.1831256
       6545.8781       1.1747622
       6545.8956       1.1652072
       6545.9130       1.1546175
       6545.9304       1.1431196
       6545.9478       1.1308273
       6545.9652       1.1178651
       6545.9826       1.1043847
       6546.0000       1.0905617
       6546.0174       1.0765739
       6546.0348       1.0625709
       6546.0522       1.0486483
       6546.0697       1.0348378
       6546.0871       1.0211193
       6546.1045       1.0074516
       6546.1219      0.99381653
       6546.1393      0.98026370
       6546.1567      0.96694086
       6546.1741      0.95409872
       6546.1915      0.94206479
       6546.2089      0.93119254
       6546.2263      0.92180103
       6546.2438      0.91412340
       6546.2612      0.90827844
       6546.2786      0.90426972
       6546.2960      0.90200783
       6546.3134      0.90134562
       6546.3308      0.90211545
       6546.3482      0.90416014
       6546.3656      0.90735262
       6546.3830      0.91160657
       6546.4004      0.91685850
       6546.4179      0.92305773
       6546.4353      0.93014324
       6546.4527      0.93801564
       6546.4701      0.94651585
       6546.4875      0.95541527
       6546.5049      0.96442275
       6546.5223      0.97321022
       6546.5397      0.98145246
       6546.5571      0.98887177
       6546.5745      0.99527606
       6546.5920       1.0005813
       6546.6094       1.0048137
       6546.6268       1.0080932
       6546.6442       1.0106017
       6546.6616       1.0125453
       6546.6790       1.0141189
       6546.6964       1.0154830
       6546.7138       1.0167567
       6546.7312       1.0180254
       6546.7486       1.0193543
       6546.7661       1.0207929
       6546.7835       1.0223652
       6546.8009       1.0240480
       6546.8183       1.0257519
       6546.8357       1.0273228
       6546.8531       1.0285742
       6546.8705       1.0293443
       6546.8879       1.0295567
       6546.9053       1.0292573
       6546.9228       1.0286094
       6546.9402       1.0278455
       6546.9576       1.0271966
       6546.9750       1.0268259
       6546.9924       1.0267935
       6547.0098       1.0270599
       6547.0272       1.0275180
       6547.0446       1.0280340
       6547.0620       1.0284806
       6547.0794       1.0287531
       6547.0969       1.0287706
       6547.1143       1.0284772
       6547.1317       1.0278497
       6547.1491       1.0269138
       6547.1665       1.0257607
       6547.1839       1.0245536
       6547.2013       1.0235137
       6547.2187       1.0228838
       6547.2361       1.0228763
       6547.2535       1.0236191
       6547.2710       1.0251160
       6547.2884       1.0272361
       6547.3058       1.0297374
       6547.3232       1.0323185
       6547.3406       1.0346842
       6547.3580       1.0366044
       6547.3754       1.0379521
       6547.3928       1.0387105
       6547.4102       1.0389529
       6547.4276       1.0388033
       6547.4451       1.0383932
       6547.4625       1.0378258
       6547.4799       1.0371589
       6547.4973       1.0364089
       6547.5147       1.0355743
       6547.5321       1.0346682
       6547.5495       1.0337436
       6547.5669       1.0328998
       6547.5843       1.0322617
       6547.6017       1.0319404
       6547.6192       1.0319917
       6547.6366       1.0323928
       6547.6540       1.0330469
       6547.6714       1.0338142
       6547.6888       1.0345555
       6547.7062       1.0351744
       6547.7236       1.0356410
       6547.7410       1.0359924
       6547.7584       1.0363152
       6547.7758       1.0367164
       6547.7933       1.0372924
       6547.8107       1.0381044
       6547.8281       1.0391625
       6547.8455       1.0404233
       6547.8629       1.0417968
       6547.8803       1.0431637
       6547.8977       1.0443980
       6547.9151       1.0453918
       6547.9325       1.0460726
       6547.9500       1.0464074
       6547.9674       1.0463887
       6547.9848       1.0460121
       6548.0022       1.0452558
       6548.0196       1.0440769
       6548.0370       1.0424312
       6548.0544       1.0403075
       6548.0718       1.0377621
       6548.0892       1.0349345
       6548.1066       1.0320346
       6548.1241       1.0293040
       6548.1415       1.0269676
       6548.1589       1.0251901
       6548.1763       1.0240549
       6548.1937       1.0235659
       6548.2111       1.0236692
       6548.2285       1.0242797
       6548.2459       1.0253052
       6548.2633       1.0266574
       6548.2807       1.0282533
       6548.2982       1.0300076
       6548.3156       1.0318250
       6548.3330       1.0335951
       6548.3504       1.0351955
       6548.3678       1.0365086
       6548.3852       1.0374414
       6548.4026       1.0379510
       6548.4200       1.0380620
       6548.4374       1.0378683
       6548.4548       1.0375130
       6548.4723       1.0371531
       6548.4897       1.0369208
       6548.5071       1.0368958
       6548.5245       1.0370982
       6548.5419       1.0375014
       6548.5593       1.0380567
       6548.5767       1.0387158
       6548.5941       1.0394432
       6548.6115       1.0402147
       6548.6289       1.0410093
       6548.6464       1.0418030
       6548.6638       1.0425730
       6548.6812       1.0433132
       6548.6986       1.0440506
       6548.7160       1.0448518
       6548.7334       1.0458070
       6548.7508       1.0469947
       6548.7682       1.0484399
       6548.7856       1.0500857
       6548.8030       1.0517933
       6548.8205       1.0533736
       6548.8379       1.0546383
       6548.8553       1.0554507
       6548.8727       1.0557586
       6548.8901       1.0555982
       6548.9075       1.0550702
       6548.9249       1.0542998
       6548.9423       1.0533978
       6548.9597       1.0524375
       6548.9772       1.0514548
       6548.9946       1.0504683
       6549.0120       1.0495018
       6549.0294       1.0486002
       6549.0468       1.0478240
       6549.0642       1.0472270
       6549.0816       1.0468322
       6549.0990       1.0466167
       6549.1164       1.0465175
       6549.1338       1.0464520
       6549.1513       1.0463458
       6549.1687       1.0461528
       6549.1861       1.0458604
       6549.2035       1.0454821
       6549.2209       1.0450429
       6549.2383       1.0445686
       6549.2557       1.0440818
       6549.2731       1.0436050
       6549.2905       1.0431637
       6549.3079       1.0427862
       6549.3254       1.0424989
       6549.3428       1.0423209
       6549.3602       1.0422606
       6549.3776       1.0423178
       6549.3950       1.0424869
       6549.4124       1.0427587
       6549.4298       1.0431175
       6549.4472       1.0435357
       6549.4646       1.0439711
       6549.4820       1.0443715
       6549.4995       1.0446888
       6549.5169       1.0448977
       6549.5343       1.0450103
       6549.5517       1.0450789
       6549.5691       1.0451824
       6549.5865       1.0454002
       6549.6039       1.0457841
       6549.6213       1.0463413
       6549.6387       1.0470368
       6549.6561       1.0478119
       6549.6736       1.0486129
       6549.6910       1.0494092
       6549.7084       1.0501940
       6549.7258       1.0509668
       6549.7432       1.0517108
       6549.7606       1.0523749
       6549.7780       1.0528738
       6549.7954       1.0531039
       6549.8128       1.0529707
       6549.8302       1.0524180
       6549.8477       1.0514485
       6549.8651       1.0501312
       6549.8825       1.0485934
       6549.8999       1.0469993
       6549.9173       1.0455209
       6549.9347       1.0443080
       6549.9521       1.0434646
       6549.9695       1.0430369
       6549.9869       1.0430157
       6550.0043       1.0433471
       6550.0218       1.0439482
       6550.0392       1.0447217
       6550.0566       1.0455651
       6550.0740       1.0463777
       6550.0914       1.0470670
       6550.1088       1.0475577
       6550.1262       1.0478037
       6550.1436       1.0477996
       6550.1610       1.0475880
       6550.1785       1.0472549
       6550.1959       1.0469106
       6550.2133       1.0466579
       6550.2307       1.0465555
       6550.2481       1.0465913
       6550.2655       1.0466774
       6550.2829       1.0466740
       6550.3003       1.0464360
       6550.3177       1.0458767
       6550.3351       1.0450098
       6550.3526       1.0439645
       6550.3700       1.0429602
       6550.3874       1.0422453
       6550.4048       1.0420221
       6550.4222       1.0423840
       6550.4396       1.0432900
       6550.4570       1.0445856
       6550.4744       1.0460559
       6550.4918       1.0474870
       6550.5092       1.0487106
       6550.5267       1.0496231
       6550.5441       1.0501842
       6550.5615       1.0504067
       6550.5789       1.0503474
       6550.5963       1.0500991
       6550.6137       1.0497791
       6550.6311       1.0495103
       6550.6485       1.0493986
       6550.6659       1.0495110
       6550.6833       1.0498612
       6550.7008       1.0504059
       6550.7182       1.0510510
       6550.7356       1.0516688
       6550.7530       1.0521219
       6550.7704       1.0522921
       6550.7878       1.0521052
       6550.8052       1.0515475
       6550.8226       1.0506679
       6550.8400       1.0495709
       6550.8574       1.0484043
       6550.8749       1.0473450
       6550.8923       1.0465823
       6550.9097       1.0462918
       6550.9271       1.0466002
       6550.9445       1.0475492
       6550.9619       1.0490634
       6550.9793       1.0509600
       6550.9967       1.0529918
       6551.0141       1.0549090
       6551.0315       1.0565234
       6551.0490       1.0577492
       6551.0664       1.0586076
       6551.0838       1.0591972
       6551.1012       1.0596441
       6551.1186       1.0600534
       6551.1360       1.0604786
       6551.1534       1.0609199
       6551.1708       1.0613470
       6551.1882       1.0617342
       6551.2057       1.0620890
       6551.2231       1.0624600
       6551.2405       1.0629167
       6551.2579       1.0635110
       6551.2753       1.0642391
       6551.2927       1.0650240
       6551.3101       1.0657315
       6551.3275       1.0662142
       6551.3449       1.0663651
       6551.3623       1.0661546
       6551.3798       1.0656352
       6551.3972       1.0649142
       6551.4146       1.0641082
       6551.4320       1.0633025
       6551.4494       1.0625305
       6551.4668       1.0617782
       6551.4842       1.0610082
       6551.5016       1.0601909
       6551.5190       1.0593308
       6551.5364       1.0584803
       6551.5539       1.0577357
       6551.5713       1.0572162
       6551.5887       1.0570318
       6551.6061       1.0572491
       6551.6235       1.0578593
       6551.6409       1.0587796
       6551.6583       1.0598693
       6551.6757       1.0609646
       6551.6931       1.0619154
       6551.7105       1.0626136
       6551.7280       1.0630046
       6551.7454       1.0630851
       6551.7628       1.0628958
       6551.7802       1.0625112
       6551.7976       1.0620285
       6551.8150       1.0615507
       6551.8324       1.0611655
       6551.8498       1.0609244
       6551.8672       1.0608316
       6551.8846       1.0608480
       6551.9021       1.0609073
       6551.9195       1.0609363
       6551.9369       1.0608689
       6551.9543       1.0606515
       6551.9717       1.0602408
       6551.9891       1.0596010
       6552.0065       1.0587046
       6552.0239       1.0575388
       6552.0413       1.0561149
       6552.0587       1.0544786
       6552.0762       1.0527184
       6552.0936       1.0509681
       6552.1110       1.0494015
       6552.1284       1.0482160
       6552.1458       1.0476075
       6552.1632       1.0477389
       6552.1806       1.0487079
       6552.1980       1.0505205
       6552.2154       1.0530761
       6552.2329       1.0561709
       6552.2503       1.0595219
       6552.2677       1.0628068
       6552.2851       1.0657244
       6552.3025       1.0680408
       6552.3199       1.0696201
       6552.3373       1.0704334
       6552.3547       1.0705473
       6552.3721       1.0700988
       6552.3895       1.0692651
       6552.4070       1.0682353
       6552.4244       1.0671880
       6552.4418       1.0662765
       6552.4592       1.0656215
       6552.4766       1.0653073
       6552.4940       1.0653799
       6552.5114       1.0658454
       6552.5288       1.0666715
       6552.5462       1.0677948
       6552.5636       1.0691345
       6552.5811       1.0706092
       6552.5985       1.0721468
       6552.6159       1.0736859
       6552.6333       1.0751680
       6552.6507       1.0765319
       6552.6681       1.0777181
       6552.6855       1.0786841
       6552.7029       1.0794241
       6552.7203       1.0799796
       6552.7377       1.0804340
       6552.7552       1.0808928
       6552.7726       1.0814574
       6552.7900       1.0822035
       6552.8074       1.0831674
       6552.8248       1.0843416
       6552.8422       1.0856768
       6552.8596       1.0870891
       6552.8770       1.0884733
       6552.8944       1.0897202
       6552.9118       1.0907332
       6552.9293       1.0914429
       6552.9467       1.0918095
       6552.9641       1.0918212
       6552.9815       1.0914926
       6552.9989       1.0908650
       6553.0163       1.0900073
       6553.0337       1.0890114
       6553.0511       1.0879778
       6553.0685       1.0869917
       6553.0859       1.0860969
       6553.1034       1.0852747
       6553.1208       1.0844385
       6553.1382       1.0834467
       6553.1556       1.0821321
       6553.1730       1.0803438
       6553.1904       1.0779904
       6553.2078       1.0750764
       6553.2252       1.0717229
       6553.2426       1.0681642
       6553.2600       1.0647194
       6553.2775       1.0617410
       6553.2949       1.0595509
       6553.3123       1.0583780
       6553.3297       1.0583161
       6553.3471       1.0593128
       6553.3645       1.0611949
       6553.3819       1.0637191
       6553.3993       1.0666304
       6553.4167       1.0697051
       6553.4342       1.0727667
       6553.4516       1.0756749
       6553.4690       1.0783015
       6553.4864       1.0805145
       6553.5038       1.0821820
       6553.5212       1.0831989
       6553.5386       1.0835237
       6553.5560       1.0832045
       6553.5734       1.0823957
       6553.5908       1.0813211
       6553.6083       1.0802294
       6553.6257       1.0793430
       6553.6431       1.0788218
       6553.6605       1.0787510
       6553.6779       1.0791511
       6553.6953       1.0799978
       6553.7127       1.0812341
       6553.7301       1.0827711
       6553.7475       1.0844811
       6553.7649       1.0862009
       6553.7824       1.0877556
       6553.7998       1.0890034
       6553.8172       1.0898813
       6553.8346       1.0904297
       6553.8520       1.0907788
       6553.8694       1.0911010
       6553.8868       1.0915497
       6553.9042       1.0922117
       6553.9216       1.0930903
       6553.9390       1.0941190
       6553.9565       1.0951932
       6553.9739       1.0962014
       6553.9913       1.0970450
       6554.0087       1.0976459
       6554.0261       1.0979478
       6554.0435       1.0979180
       6554.0609       1.0975532
       6554.0783       1.0968836
       6554.0957       1.0959731
       6554.1131       1.0949086
       6554.1306       1.0937830
       6554.1480       1.0926751
       6554.1654       1.0916346
       6554.1828       1.0906757
       6554.2002       1.0897813
       6554.2176       1.0889167
       6554.2350       1.0880502
       6554.2524       1.0871739
       6554.2698       1.0863164
       6554.2872       1.0855403
       6554.3047       1.0849227
       6554.3221       1.0845242
       6554.3395       1.0843600
       6554.3569       1.0843881
       6554.3743       1.0845221
       6554.3917       1.0846654
       6554.4091       1.0847505
       6554.4265       1.0847700
       6554.4439       1.0847830
       6554.4614       1.0849000
       6554.4788       1.0852512
       6554.4962       1.0859509
       6554.5136       1.0870689
       6554.5310       1.0886110
       6554.5484       1.0905109
       6554.5658       1.0926343
       6554.5832       1.0947968
       6554.6006       1.0967989
       6554.6180       1.0984743
       6554.6355       1.0997392
       6554.6529       1.1006256
       6554.6703       1.1012833
       6554.6877       1.1019449
       6554.7051       1.1028651
       6554.7225       1.1042549
       6554.7399       1.1062344
       6554.7573       1.1088176
       6554.7747       1.1119310
       6554.7921       1.1154518
       6554.8096       1.1192501
       6554.8270       1.1232161
       6554.8444       1.1272677
       6554.8618       1.1313394
       6554.8792       1.1353600
       6554.8966       1.1392394
       6554.9140       1.1428641
       6554.9314       1.1461047
       6554.9488       1.1488299
       6554.9662       1.1509209
       6554.9837       1.1522846
       6555.0011       1.1528670
       6555.0185       1.1526649
       6555.0359       1.1517306
       6555.0533       1.1501637
       6555.0707       1.1480854
       6555.0881       1.1456044
       6555.1055       1.1427890
       6555.1229       1.1396587
       6555.1403       1.1362024
       6555.1578       1.1324107
       6555.1752       1.1283048
       6555.1926       1.1239443
       6555.2100       1.1194110
       6555.2274       1.1147813
       6555.2448       1.1101053
       6555.2622       1.1054067
       6555.2796       1.1007028
       6555.2970       1.0960301
       6555.3144       1.0914589
       6555.3319       1.0870868
       6555.3493       1.0830122
       6555.3667       1.0793018
       6555.3841       1.0759684
       6555.4015       1.0729711
       6555.4189       1.0702393
       6555.4363       1.0677136
       6555.4537       1.0653845
       6555.4711       1.0633141
       6555.4885       1.0616307
       6555.5060       1.0604995
       6555.5234       1.0600751
       6555.5408       1.0604558
       6555.5582       1.0616612
       6555.5756       1.0636218
       6555.5930       1.0661878
       6555.6104       1.0691506
       6555.6278       1.0722735
       6555.6452       1.0753271
       6555.6627       1.0781232
       6555.6801       1.0805402
       6555.6975       1.0825357
       6555.7149       1.0841433
       6555.7323       1.0854559
       6555.7497       1.0865977
       6555.7671       1.0876904
       6555.7845       1.0888195
       6555.8019       1.0900106
       6555.8193       1.0912222
       6555.8368       1.0923589
       6555.8542       1.0932985
       6555.8716       1.0939238
       6555.8890       1.0941508
       6555.9064       1.0939458
       6555.9238       1.0933333
       6555.9412       1.0923961
       6555.9586       1.0912687
       6555.9760       1.0901229
       6555.9934       1.0891463
       6556.0109       1.0885126
       6556.0283       1.0883513
       6556.0457       1.0887238
       6556.0631       1.0896144
       6556.0805       1.0909397
       6556.0979       1.0925739
       6556.1153       1.0943787
       6556.1327       1.0962264
       6556.1501       1.0980097
       6556.1675       1.0996391
       6556.1850       1.1010440
       6556.2024       1.1021796
       6556.2198       1.1030485
       6556.2372       1.1037230
       6556.2546       1.1043490
       6556.2720       1.1051200
       6556.2894       1.1062227
       6556.3068       1.1077745
       6556.3242       1.1097775
       6556.3416       1.1121089
       6556.3591       1.1145485
       6556.3765       1.1168296
       6556.3939       1.1186915
       6556.4113       1.1199170
       6556.4287       1.1203503
       6556.4461       1.1199019
       6556.4635       1.1185498
       6556.4809       1.1163434
       6556.4983       1.1134079
       6556.5157       1.1099386
       6556.5332       1.1061791
       6556.5506       1.1023803
       6556.5680       1.0987540
       6556.5854       1.0954353
       6556.6028       1.0924703
       6556.6202       1.0898329
       6556.6376       1.0874634
       6556.6550       1.0853099
       6556.6724       1.0833595
       6556.6899       1.0816512
       6556.7073       1.0802711
       6556.7247       1.0793378
       6556.7421       1.0789791
       6556.7595       1.0793021
       6556.7769       1.0803609
       6556.7943       1.0821285
       6556.8117       1.0844885
       6556.8291       1.0872441
       6556.8465       1.0901631
       6556.8640       1.0930234
       6556.8814       1.0956459
       6556.8988       1.0979073
       6556.9162       1.0997360
       6556.9336       1.1011022
       6556.9510       1.1020151
       6556.9684       1.1025280
       6556.9858       1.1027450
       6557.0032       1.1028145
       6557.0206       1.1029036
       6557.0381       1.1031555
       6557.0555       1.1036471
       6557.0729       1.1043650
       6557.0903       1.1052150
       6557.1077       1.1060640
       6557.1251       1.1067999
       6557.1425       1.1073840
       6557.1599       1.1078736
       6557.1773       1.1084038
       6557.1947       1.1091357
       6557.2122       1.1101923
       6557.2296       1.1116087
       6557.2470       1.1133152
       6557.2644       1.1151596
       6557.2818       1.1169581
       6557.2992       1.1185528
       6557.3166       1.1198545
       6557.3340       1.1208563
       6557.3514       1.1216194
       6557.3688       1.1222417
       6557.3863       1.1228247
       6557.4037       1.1234464
       6557.4211       1.1241443
       6557.4385       1.1249020
       6557.4559       1.1256432
       6557.4733       1.1262350
       6557.4907       1.1265155
       6557.5081       1.1263371
       6557.5255       1.1256154
       6557.5429       1.1243660
       6557.5604       1.1227106
       6557.5778       1.1208508
       6557.5952       1.1190179
       6557.6126       1.1174192
       6557.6300       1.1161955
       6557.6474       1.1154021
       6557.6648       1.1150134
       6557.6822       1.1149487
       6557.6996       1.1151122
       6557.7171       1.1154349
       6557.7345       1.1159048
       6557.7519       1.1165701
       6557.7693       1.1175106
       6557.7867       1.1187863
       6557.8041       1.1203890
       6557.8215       1.1222213
       6557.8389       1.1241200
       6557.8563       1.1259148
       6557.8737       1.1274944
       6557.8912       1.1288458
       6557.9086       1.1300467
       6557.9260       1.1312125
       6557.9434       1.1324269
       6557.9608       1.1336890
       6557.9782       1.1349001
       6557.9956       1.1358933
       6558.0130       1.1364888
       6558.0304       1.1365506
       6558.0478       1.1360283
       6558.0653       1.1349758
       6558.0827       1.1335471
       6558.1001       1.1319711
       6558.1175       1.1305083
       6558.1349       1.1293915
       6558.1523       1.1287655
       6558.1697       1.1286541
       6558.1871       1.1289600
       6558.2045       1.1295032
       6558.2219       1.1300876
       6558.2394       1.1305704
       6558.2568       1.1309091
       6558.2742       1.1311717
       6558.2916       1.1315068
       6558.3090       1.1320896
       6558.3264       1.1330634
       6558.3438       1.1344965
       6558.3612       1.1363647
       6558.3786       1.1385573
       6558.3960       1.1408978
       6558.4135       1.1431732
       6558.4309       1.1451634
       6558.4483       1.1466726
       6558.4657       1.1475589
       6558.4831       1.1477600
       6558.5005       1.1473098
       6558.5179       1.1463398
       6558.5353       1.1450624
       6558.5527       1.1437358
       6558.5701       1.1426168
       6558.5876       1.1419107
       6558.6050       1.1417332
       6558.6224       1.1420950
       6558.6398       1.1429162
       6558.6572       1.1440622
       6558.6746       1.1453901
       6558.6920       1.1467855
       6558.7094       1.1481793
       6558.7268       1.1495438
       6558.7442       1.1508765
       6558.7617       1.1521848
       6558.7791       1.1534823
       6558.7965       1.1547977
       6558.8139       1.1561836
       6558.8313       1.1577213
       6558.8487       1.1595095
       6558.8661       1.1616413
       6558.8835       1.1641755
       6558.9009       1.1671147
       6558.9184       1.1703985
       6558.9358       1.1739133
       6558.9532       1.1775173
       6558.9706       1.1810722
       6558.9880       1.1844715
       6559.0054       1.1876557
       6559.0228       1.1906091
       6559.0402       1.1933391
       6559.0576       1.1958478
       6559.0750       1.1981108
       6559.0925       1.2000708
       6559.1099       1.2016507
       6559.1273       1.2027783
       6559.1447       1.2034097
       6559.1621       1.2035417
       6559.1795       1.2032092
       6559.1969       1.2024697
       6559.2143       1.2013832
       6559.2317       1.1999937
       6559.2491       1.1983224
       6559.2666       1.1963711
       6559.2840       1.1941352
       6559.3014       1.1916170
       6559.3188       1.1888296
       6559.3362       1.1857900
       6559.3536       1.1825057
       6559.3710       1.1789656
       6559.3884       1.1751476
       6559.4058       1.1710429
       6559.4232       1.1666869
       6559.4407       1.1621934
       6559.4581       1.1577507
       6559.4755       1.1535984
       6559.4929       1.1499824
       6559.5103       1.1471035
       6559.5277       1.1450773
       6559.5451       1.1439177
       6559.5625       1.1435470
       6559.5799       1.1438284
       6559.5973       1.1446098
       6559.6148       1.1457660
       6559.6322       1.1472297
       6559.6496       1.1490021
       6559.6670       1.1511432
       6559.6844       1.1537446
       6559.7018       1.1568946
       6559.7192       1.1606456
       6559.7366       1.1649924
       6559.7540       1.1698661
       6559.7714       1.1751423
       6559.7889       1.1806612
       6559.8063       1.1862500
       6559.8237       1.1917433
       6559.8411       1.1969972
       6559.8585       1.2018946
       6559.8759       1.2063457
       6559.8933       1.2102882
       6559.9107       1.2136899
       6559.9281       1.2165555
       6559.9456       1.2189338
       6559.9630       1.2209190
       6559.9804       1.2226409
       6559.9978       1.2242436
       6560.0152       1.2258579
       6560.0326       1.2275766
       6560.0500       1.2294427
       6560.0674       1.2314553
       6560.0848       1.2335858
       6560.1022       1.2357980
       6560.1197       1.2380616
       6560.1371       1.2403518
       6560.1545       1.2426416
       6560.1719       1.2448979
       6560.1893       1.2470860
       6560.2067       1.2491826
       6560.2241       1.2511888
       6560.2415       1.2531321
       6560.2589       1.2550541
       6560.2763       1.2569890
       6560.2938       1.2589427
       6560.3112       1.2608830
       6560.3286       1.2627441
       6560.3460       1.2644436
       6560.3634       1.2659043
       6560.3808       1.2670739
       6560.3982       1.2679388
       6560.4156       1.2685277
       6560.4330       1.2689055
       6560.4504       1.2691599
       6560.4679       1.2693864
       6560.4853       1.2696782
       6560.5027       1.2701244
       6560.5201       1.2708111
       6560.5375       1.2718200
       6560.5549       1.2732175
       6560.5723       1.2750390
       6560.5897       1.2772780
       6560.6071       1.2798953
       6560.6245       1.2828459
       6560.6420       1.2861152
       6560.6594       1.2897418
       6560.6768       1.2938127
       6560.6942       1.2984280
       6560.7116       1.3036551
       6560.7290       1.3094948
       6560.7464       1.3158611
       6560.7638       1.3226151
       6560.7812       1.3295980
       6560.7986       1.3366654
       6560.8161       1.3437076
       6560.8335       1.3506549
       6560.8509       1.3574760
       6560.8683       1.3641779
       6560.8857       1.3708105
       6560.9031       1.3774708
       6560.9205       1.3842993
       6560.9379       1.3914633
       6560.9553       1.3991302
       6560.9728       1.4074403
       6560.9902       1.4164875
       6561.0076       1.4263138
       6561.0250       1.4369102
       6561.0424       1.4482175
       6561.0598       1.4601193
       6561.0772       1.4724299
       6561.0946       1.4848927
       6561.1120       1.4972004
       6561.1294       1.5090442
       6561.1469       1.5201811
       6561.1643       1.5304972
       6561.1817       1.5400437
       6561.1991       1.5490343
       6561.2165       1.5578065
       6561.2339       1.5667653
       6561.2513       1.5763223
       6561.2687       1.5868438
       6561.2861       1.5986077
       6561.3035       1.6117696
       6561.3210       1.6263390
       6561.3384       1.6421767
       6561.3558       1.6590174
       6561.3732       1.6765212
       6561.3906       1.6943402
       6561.4080       1.7121956
       6561.4254       1.7299265
       6561.4428       1.7475084
       6561.4602       1.7650408
       6561.4776       1.7827101
       6561.4951       1.8007378
       6561.5125       1.8193261
       6561.5299       1.8386102
       6561.5473       1.8586237
       6561.5647       1.8792837
       6561.5821       1.9003929
       6561.5995       1.9216622
       6561.6169       1.9427481
       6561.6343       1.9633062
       6561.6517       1.9830514
       6561.6692       2.0018161
       6561.6866       2.0195873
       6561.7040       2.0365065
       6561.7214       2.0528289
       6561.7388       2.0688478
       6561.7562       2.0848103
       6561.7736       2.1008505
       6561.7910       2.1169625
       6561.8084       2.1330200
       6561.8258       2.1488284
       6561.8433       2.1641865
       6561.8607       2.1789322
       6561.8781       2.1929603
       6561.8955       2.2062174
       6561.9129       2.2186906
       6561.9303       2.2304048
       6561.9477       2.2414310
       6561.9651       2.2518922
       6561.9825       2.2619540
       6561.9999       2.2717924
       6562.0174       2.2815498
       6562.0348       2.2912990
       6562.0522       2.3010191
       6562.0696       2.3106154
       6562.0870       2.3199482
       6562.1044       2.3288701
       6562.1218       2.3372589
       6562.1392       2.3450416
       6562.1566       2.3522082
       6562.1741       2.3588170
       6562.1915       2.3649950
       6562.2089       2.3709299
       6562.2263       2.3768574
       6562.2437       2.3830398
       6562.2611       2.3897390
       6562.2785       2.3971852
       6562.2959       2.4055472
       6562.3133       2.4149088
       6562.3307       2.4252571
       6562.3482       2.4364849
       6562.3656       2.4484067
       6562.3830       2.4607862
       6562.4004       2.4733707
       6562.4178       2.4859314
       6562.4352       2.4983086
       6562.4526       2.5104586
       6562.4700       2.5224936
       6562.4874       2.5346984
       6562.5048       2.5475067
       6562.5223       2.5614285
       6562.5397       2.5769407
       6562.5571       2.5943711
       6562.5745       2.6138119
       6562.5919       2.6350891
       6562.6093       2.6577890
       6562.6267       2.6813201
       6562.6441       2.7049846
       6562.6615       2.7280408
       6562.6789       2.7497475
       6562.6964       2.7694245
       6562.7138       2.7865065
       6562.7312       2.8005793
       6562.7486       2.8114096
       6562.7660       2.8189448
       6562.7834       2.8232813
       6562.8008       2.8246099
       6562.8182       2.8231509
       6562.8356       2.8190910
       6562.8530       2.8125364
       6562.8705       2.8034942
       6562.8879       2.7918896
       6562.9053       2.7776174
       6562.9227       2.7606101
       6562.9401       2.7408983
       6562.9575       2.7186429
       6562.9749       2.6941325
       6562.9923       2.6677600
       6563.0097       2.6399968
       6563.0271       2.6113750
       6563.0446       2.5824701
       6563.0620       2.5538679
       6563.0794       2.5261030
       6563.0968       2.4995807
       6563.1142       2.4745095
       6563.1316       2.4508760
       6563.1490       2.4284755
       6563.1664       2.4069834
       6563.1838       2.3860344
       6563.2013       2.3652841
       6563.2187       2.3444436
       6563.2361       2.3233013
       6563.2535       2.3017509
       6563.2709       2.2798339
       6563.2883       2.2577792
       6563.3057       2.2360115
       6563.3231       2.2151017
       6563.3405       2.1956584
       6563.3579       2.1781535
       6563.3754       2.1628013
       6563.3928       2.1494885
       6563.4102       2.1378015
       6563.4276       2.1271427
       6563.4450       2.1168902
       6563.4624       2.1065452
       6563.4798       2.0958211
       6563.4972       2.0846537
       6563.5146       2.0731456
       6563.5320       2.0614755
       6563.5495       2.0498102
       6563.5669       2.0382449
       6563.5843       2.0267851
       6563.6017       2.0153649
       6563.6191       2.0038894
       6563.6365       1.9922801
       6563.6539       1.9805062
       6563.6713       1.9685927
       6563.6887       1.9566079
       6563.7061       1.9446401
       6563.7236       1.9327785
       6563.7410       1.9211043
       6563.7584       1.9096891
       6563.7758       1.8985908
       6563.7932       1.8878405
       6563.8106       1.8774210
       6563.8280       1.8672473
       6563.8454       1.8571621
       6563.8628       1.8469519
       6563.8802       1.8363795
       6563.8977       1.8252230
       6563.9151       1.8133074
       6563.9325       1.8005232
       6563.9499       1.7868331
       6563.9673       1.7722696
       6563.9847       1.7569218
       6564.0021       1.7409307
       6564.0195       1.7244519
       6564.0369       1.7076271
       6564.0543       1.6905611
       6564.0718       1.6733136
       6564.0892       1.6559156
       6564.1066       1.6384021
       6564.1240       1.6208484
       6564.1414       1.6033907
       6564.1588       1.5862177
       6564.1762       1.5695336
       6564.1936       1.5535050
       6564.2110       1.5382107
       6564.2285       1.5236138
       6564.2459       1.5095664
       6564.2633       1.4958487
       6564.2807       1.4822296
       6564.2981       1.4685323
       6564.3155       1.4546822
       6564.3329       1.4407239
       6564.3503       1.4268034
       6564.3677       1.4131240
       6564.3851       1.3998933
       6564.4026       1.3872794
       6564.4200       1.3753904
       6564.4374       1.3642777
       6564.4548       1.3539549
       6564.4722       1.3444161
       6564.4896       1.3356400
       6564.5070       1.3275773
       6564.5244       1.3201312
       6564.5418       1.3131493
       6564.5592       1.3064400
       6564.5767       1.2998151
       6564.5941       1.2931457
       6564.6115       1.2864070
       6564.6289       1.2796916
       6564.6463       1.2731852
       6564.6637       1.2671066
       6564.6811       1.2616435
       6564.6985       1.2569038
       6564.7159       1.2528957
       6564.7333       1.2495392
       6564.7508       1.2466994
       6564.7682       1.2442273
       6564.7856       1.2419943
       6564.8030       1.2399109
       6564.8204       1.2379249
       6564.8378       1.2360053
       6564.8552       1.2341198
       6564.8726       1.2322184
       6564.8900       1.2302313
       6564.9074       1.2280834
       6564.9249       1.2257178
       6564.9423       1.2231189
       6564.9597       1.2203241
       6564.9771       1.2174213
       6564.9945       1.2145341
       6565.0119       1.2118022
       6565.0293       1.2093604
       6565.0467       1.2073208
       6565.0641       1.2057549
       6565.0815       1.2046767
       6565.0990       1.2040315
       6565.1164       1.2036958
       6565.1338       1.2034952
       6565.1512       1.2032394
       6565.1686       1.2027650
       6565.1860       1.2019711
       6565.2034       1.2008369
       6565.2208       1.1994171
       6565.2382       1.1978178
       6565.2556       1.1961668
       6565.2731       1.1945862
       6565.2905       1.1931751
       6565.3079       1.1919966
       6565.3253       1.1910763
       6565.3427       1.1903999
       6565.3601       1.1899132
       6565.3775       1.1895254
       6565.3949       1.1891201
       6565.4123       1.1885739
       6565.4298       1.1877806
       6565.4472       1.1866745
       6565.4646       1.1852436
       6565.4820       1.1835304
       6565.4994       1.1816181
       6565.5168       1.1796070
       6565.5342       1.1775891
       6565.5516       1.1756282
       6565.5690       1.1737502
       6565.5864       1.1719490
       6565.6039       1.1702036
       6565.6213       1.1685012
       6565.6387       1.1668568
       6565.6561       1.1653203
       6565.6735       1.1639690
       6565.6909       1.1628890
       6565.7083       1.1621526
       6565.7257       1.1618010
       6565.7431       1.1618359
       6565.7605       1.1622192
       6565.7780       1.1628777
       6565.7954       1.1637098
       6565.8128       1.1645952
       6565.8302       1.1654087
       6565.8476       1.1660380
       6565.8650       1.1664013
       6565.8824       1.1664576
       6565.8998       1.1662057
       6565.9172       1.1656719
       6565.9346       1.1648938
       6565.9521       1.1639133
       6565.9695       1.1627761
       6565.9869       1.1615365
       6566.0043       1.1602619
       6566.0217       1.1590293
       6566.0391       1.1579176
       6566.0565       1.1569993
       6566.0739       1.1563345
       6566.0913       1.1559644
       6566.1087       1.1559013
       6566.1262       1.1561138
       6566.1436       1.1565171
       6566.1610       1.1569755
       6566.1784       1.1573240
       6566.1958       1.1574039
       6566.2132       1.1571004
       6566.2306       1.1563697
       6566.2480       1.1552457
       6566.2654       1.1538293
       6566.2828       1.1522643
       6566.3003       1.1507120
       6566.3177       1.1493278
       6566.3351       1.1482428
       6566.3525       1.1475498
       6566.3699       1.1472939
       6566.3873       1.1474671
       6566.4047       1.1480115
       6566.4221       1.1488282
       6566.4395       1.1497918
       6566.4570       1.1507649
       6566.4744       1.1516104
       6566.4918       1.1522009
       6566.5092       1.1524292
       6566.5266       1.1522184
       6566.5440       1.1515330
       6566.5614       1.1503837
       6566.5788       1.1488240
       6566.5962       1.1469380
       6566.6136       1.1448335
       6566.6311       1.1426260
       6566.6485       1.1404380
       6566.6659       1.1383962
       6566.6833       1.1366236
       6566.7007       1.1352244
       6566.7181       1.1342640
       6566.7355       1.1337539
       6566.7529       1.1336501
       6566.7703       1.1338676
       6566.7877       1.1343071
       6566.8052       1.1348789
       6566.8226       1.1355144
       6566.8400       1.1361590
       6566.8574       1.1367526
       6566.8748       1.1372158
       6566.8922       1.1374524
       6566.9096       1.1373765
       6566.9270       1.1369505
       6566.9444       1.1362171
       6566.9618       1.1353049
       6566.9793       1.1344029
       6566.9967       1.1337092
       6567.0141       1.1333743
       6567.0315       1.1334601
       6567.0489       1.1339279
       6567.0663       1.1346564
       6567.0837       1.1354778
       6567.1011       1.1362141
       6567.1185       1.1367043
       6567.1359       1.1368170
       6567.1534       1.1364599
       6567.1708       1.1355909
       6567.1882       1.1342353
       6567.2056       1.1324978
       6567.2230       1.1305563
       6567.2404       1.1286314
       6567.2578       1.1269336
       6567.2752       1.1256050
       6567.2926       1.1246889
       6567.3100       1.1241320
       6567.3275       1.1238189
       6567.3449       1.1236221
       6567.3623       1.1234447
       6567.3797       1.1232413
       6567.3971       1.1230117
       6567.4145       1.1227774
       6567.4319       1.1225558
       6567.4493       1.1223447
       6567.4667       1.1221222
       6567.4842       1.1218618
       6567.5016       1.1215525
       6567.5190       1.1212168
       6567.5364       1.1209190
       6567.5538       1.1207601
       6567.5712       1.1208582
       6567.5886       1.1213173
       6567.6060       1.1221889
       6567.6234       1.1234407
       6567.6408       1.1249432
       6567.6583       1.1264865
       6567.6757       1.1278268
       6567.6931       1.1287480
       6567.7105       1.1291170
       6567.7279       1.1289123
       6567.7453       1.1282178
       6567.7627       1.1271885
       6567.7801       1.1260070
       6567.7975       1.1248464
       6567.8149       1.1238495
       6567.8324       1.1231207
       6567.8498       1.1227250
       6567.8672       1.1226848
       6567.8846       1.1229755
       6567.9020       1.1235215
       6567.9194       1.1241999
       6567.9368       1.1248654
       6567.9542       1.1253803
       6567.9716       1.1256492
       6567.9890       1.1256438
       6568.0065       1.1254098
       6568.0239       1.1250501
       6568.0413       1.1246897
       6568.0587       1.1244325
       6568.0761       1.1243254
       6568.0935       1.1243412
       6568.1109       1.1243859
       6568.1283       1.1243269
       6568.1457       1.1240305
       6568.1631       1.1233990
       6568.1806       1.1223956
       6568.1980       1.1210556
       6568.2154       1.1194825
       6568.2328       1.1178326
       6568.2502       1.1162909
       6568.2676       1.1150412
       6568.2850       1.1142370
       6568.3024       1.1139773
       6568.3198       1.1142957
       6568.3372       1.1151647
       6568.3547       1.1165148
       6568.3721       1.1182607
       6568.3895       1.1203274
       6568.4069       1.1226667
       6568.4243       1.1252643
       6568.4417       1.1281365
       6568.4591       1.1313231
       6568.4765       1.1348780
       6568.4939       1.1388576
       6568.5113       1.1433086
       6568.5288       1.1482534
       6568.5462       1.1536801
       6568.5636       1.1595341
       6568.5810       1.1657184
       6568.5984       1.1720952
       6568.6158       1.1784871
       6568.6332       1.1846807
       6568.6506       1.1904403
       6568.6680       1.1955363
       6568.6855       1.1997828
       6568.7029       1.2030709
       6568.7203       1.2053784
       6568.7377       1.2067519
       6568.7551       1.2072672
       6568.7725       1.2069914
       6568.7899       1.2059634
       6568.8073       1.2041976
       6568.8247       1.2016996
       6568.8421       1.1984758
       6568.8596       1.1945269
       6568.8770       1.1898322
       6568.8944       1.1843399
       6568.9118       1.1779809
       6568.9292       1.1707056
       6568.9466       1.1625321
       6568.9640       1.1535808
       6568.9814       1.1440821
       6568.9988       1.1343493
       6569.0162       1.1247301
       6569.0337       1.1155482
       6569.0511       1.1070509
       6569.0685       1.0993704
       6569.0859       1.0925069
       6569.1033       1.0863387
       6569.1207       1.0806659
       6569.1381       1.0752807
       6569.1555       1.0700460
       6569.1729       1.0649555
       6569.1903       1.0601469
       6569.2078       1.0558614
       6569.2252       1.0523496
       6569.2426       1.0497781
       6569.2600       1.0481678
       6569.2774       1.0473918
       6569.2948       1.0472337
       6569.3122       1.0474762
       6569.3296       1.0479834
       6569.3470       1.0487390
       6569.3644       1.0498312
       6569.3819       1.0513960
       6569.3993       1.0535499
       6569.4167       1.0563361
       6569.4341       1.0597006
       6569.4515       1.0634964
       6569.4689       1.0675078
       6569.4863       1.0714864
       6569.5037       1.0751951
       6569.5211       1.0784530
       6569.5385       1.0811740
       6569.5560       1.0833867
       6569.5734       1.0852252
       6569.5908       1.0868893
       6569.6082       1.0885852
       6569.6256       1.0904635
       6569.6430       1.0925736
       6569.6604       1.0948498
       6569.6778       1.0971317
       6569.6952       1.0992110
       6569.7127       1.1008925
       6569.7301       1.1020488
       6569.7475       1.1026545
       6569.7649       1.1027893
       6569.7823       1.1026115
       6569.7997       1.1023093
       6569.8171       1.1020460
       6569.8345       1.1019157
       6569.8519       1.1019262
       6569.8693       1.1020110
       6569.8868       1.1020735
       6569.9042       1.1020359
       6569.9216       1.1018766
       6569.9390       1.1016402
       6569.9564       1.1014187
       6569.9738       1.1013148
       6569.9912       1.1014022
       6570.0086       1.1016994
       6570.0260       1.1021627
       6570.0434       1.1026987
       6570.0609       1.1031894
       6570.0783       1.1035195
       6570.0957       1.1035984
       6570.1131       1.1033725
       6570.1305       1.1028277
       6570.1479       1.1019881
       6570.1653       1.1009137
       6570.1827       1.0996982
       6570.2001       1.0984621
       6570.2175       1.0973384
       6570.2350       1.0964486
       6570.2524       1.0958759
       6570.2698       1.0956446
       6570.2872       1.0957154
       6570.3046       1.0959976
       6570.3220       1.0963745
       6570.3394       1.0967324
       6570.3568       1.0969836
       6570.3742       1.0970785
       6570.3916       1.0970088
       6570.4091       1.0968027
       6570.4265       1.0965167
       6570.4439       1.0962226
       6570.4613       1.0959905
       6570.4787       1.0958661
       6570.4961       1.0958482
       6570.5135       1.0958682
       6570.5309       1.0957876
       6570.5483       1.0954181
       6570.5657       1.0945661
       6570.5832       1.0930964
       6570.6006       1.0909962
       6570.6180       1.0884139
       6570.6354       1.0856523
       6570.6528       1.0831068
       6570.6702       1.0811639
       6570.6876       1.0800923
       6570.7050       1.0799659
       6570.7224       1.0806462
       6570.7398       1.0818319
       6570.7573       1.0831545
       6570.7747       1.0842855
       6570.7921       1.0850189
       6570.8095       1.0853049
       6570.8269       1.0852334
       6570.8443       1.0849803
       6570.8617       1.0847411
       6570.8791       1.0846756
       6570.8965       1.0848756
       6570.9140       1.0853591
       6570.9314       1.0860823
       6570.9488       1.0869602
       6570.9662       1.0878871
       6570.9836       1.0887520
       6571.0010       1.0894533
       6571.0184       1.0899110
       6571.0358       1.0900786
       6571.0532       1.0899512
       6571.0706       1.0895641
       6571.0881       1.0889799
       6571.1055       1.0882654
       6571.1229       1.0874691
       6571.1403       1.0866097
       6571.1577       1.0856841
       6571.1751       1.0846945
       6571.1925       1.0836758
       6571.2099       1.0827105
       6571.2273       1.0819181
       6571.2447       1.0814221
       6571.2622       1.0813078
       6571.2796       1.0815908
       6571.2970       1.0822073
       6571.3144       1.0830285
       6571.3318       1.0838904
       6571.3492       1.0846250
       6571.3666       1.0850831
       6571.3840       1.0851450
       6571.4014       1.0847227
       6571.4188       1.0837605
       6571.4363       1.0822373
       6571.4537       1.0801711
       6571.4711       1.0776245
       6571.4885       1.0747057
       6571.5059       1.0715640
       6571.5233       1.0683774
       6571.5407       1.0653326
       6571.5581       1.0626021
       6571.5755       1.0603246
       6571.5929       1.0585973
       6571.6104       1.0574811
       6571.6278       1.0570138
       6571.6452       1.0572194
       6571.6626       1.0581031
       6571.6800       1.0596314
       6571.6974       1.0617059
       6571.7148       1.0641513
       6571.7322       1.0667311
       6571.7496       1.0691926
       6571.7670       1.0713277
       6571.7845       1.0730240
       6571.8019       1.0742854
       6571.8193       1.0752201
       6571.8367       1.0759927
       6571.8541       1.0767666
       6571.8715       1.0776595
       6571.8889       1.0787184
       6571.9063       1.0799180
       6571.9237       1.0811789
       6571.9412       1.0824002
       6571.9586       1.0834953
       6571.9760       1.0844204
       6571.9934       1.0851843
       6572.0108       1.0858357
       6572.0282       1.0864353
       6572.0456       1.0870251
       6572.0630       1.0876116
       6572.0804       1.0881683
       6572.0978       1.0886571
       6572.1153       1.0890558
       6572.1327       1.0893805
       6572.1501       1.0896923
       6572.1675       1.0900859
       6572.1849       1.0906643
       6572.2023       1.0915065
       6572.2197       1.0926397
       6572.2371       1.0940257
       6572.2545       1.0955632
       6572.2719       1.0971088
       6572.2894       1.0985079
       6572.3068       1.0996260
       6572.3242       1.1003719
       6572.3416       1.1007048
       6572.3590       1.1006273
       6572.3764       1.1001671
       6572.3938       1.0993588
       6572.4112       1.0982324
       6572.4286       1.0968156
       6572.4460       1.0951463
       6572.4635       1.0932877
       6572.4809       1.0913327
       6572.4983       1.0893874
       6572.5157       1.0875399
       6572.5331       1.0858257
       6572.5505       1.0842069
       6572.5679       1.0825802
       6572.5853       1.0808127
       6572.6027       1.0787932
       6572.6201       1.0764750
       6572.6376       1.0738953
       6572.6550       1.0711634
       6572.6724       1.0684298
       6572.6898       1.0658486
       6572.7072       1.0635494
       6572.7246       1.0616215
       6572.7420       1.0601086
       6572.7594       1.0590089
       6572.7768       1.0582787
       6572.7942       1.0578430
       6572.8117       1.0576156
       6572.8291       1.0575234
       6572.8465       1.0575282
       6572.8639       1.0576329
       6572.8813       1.0578683
       6572.8987       1.0582672
       6572.9161       1.0588390
       6572.9335       1.0595607
       6572.9509       1.0603879
       6572.9684       1.0612775
       6572.9858       1.0622049
       6573.0032       1.0631631
       6573.0206       1.0641455
       6573.0380       1.0651222
       6573.0554       1.0660297
       6573.0728       1.0667790
       6573.0902       1.0672819
       6573.1076       1.0674788
       6573.1250       1.0673629
       6573.1425       1.0669837
       6573.1599       1.0664347
       6573.1773       1.0658324
       6573.1947       1.0652906
       6573.2121       1.0648961
       6573.2295       1.0646943
       6573.2469       1.0646883
       6573.2643       1.0648507
       6573.2817       1.0651415
       6573.2991       1.0655207
       6573.3166       1.0659504
       6573.3340       1.0663905
       6573.3514       1.0667936
       6573.3688       1.0671087
       6573.3862       1.0672926
       6573.4036       1.0673230
       6573.4210       1.0672059
       6573.4384       1.0669752
       6573.4558       1.0666877
       6573.4732       1.0664157
       6573.4907       1.0662392
       6573.5081       1.0662331
       6573.5255       1.0664494
       6573.5429       1.0668983
       6573.5603       1.0675360
       6573.5777       1.0682687
       6573.5951       1.0689728
       6573.6125       1.0695272
       6573.6299       1.0698448
       6573.6473       1.0698935
       6573.6648       1.0697019
       6573.6822       1.0693501
       6573.6996       1.0689540
       6573.7170       1.0686468
       6573.7344       1.0685622
       6573.7518       1.0688162
       6573.7692       1.0694849
       6573.7866       1.0705699
       6573.8040       1.0719866
       6573.8214       1.0735606
       6573.8389       1.0750532
       6573.8563       1.0762116
       6573.8737       1.0768276
       6573.8911       1.0767867
       6573.9085       1.0760898
       6573.9259       1.0748432
       6573.9433       1.0732212
       6573.9607       1.0714162
       6573.9781       1.0695910
       6573.9955       1.0678449
       6574.0130       1.0662035
       6574.0304       1.0646326
       6574.0478       1.0630713
       6574.0652       1.0614715
       6574.0826       1.0598300
       6574.1000       1.0582014
       6574.1174       1.0566895
       6574.1348       1.0554227
       6574.1522       1.0545220
       6574.1697       1.0540719
       6574.1871       1.0540982
       6574.2045       1.0545566
       6574.2219       1.0553339
       6574.2393       1.0562622
       6574.2567       1.0571457
       6574.2741       1.0577980
       6574.2915       1.0580843
       6574.3089       1.0579613
       6574.3263       1.0575073
       6574.3438       1.0569324
       6574.3612       1.0565634
       6574.3786       1.0568009
       6574.3960       1.0580504
       6574.4134       1.0606485
       6574.4308       1.0647626
       6574.4482       1.0703431
       6574.4656       1.0771135
       6574.4830       1.0846022
       6574.5004       1.0922219
       6574.5179       1.0993753
       6574.5353       1.1055596
       6574.5527       1.1104410
       6574.5701       1.1138807
       6574.5875       1.1159124
       6574.6049       1.1166840
       6574.6223       1.1163928
       6574.6397       1.1152344
       6574.6571       1.1133798
       6574.6745       1.1109762
       6574.6920       1.1081546
       6574.7094       1.1050324
       6574.7268       1.1017004
       6574.7442       1.0982044
       6574.7616       1.0945305
       6574.7790       1.0906109
       6574.7964       1.0863521
       6574.8138       1.0816785
       6574.8312       1.0765777
       6574.8486       1.0711289
       6574.8661       1.0655069
       6574.8835       1.0599590
       6574.9009       1.0547639
       6574.9183       1.0501819
       6574.9357       1.0464076
       6574.9531       1.0435348
       6574.9705       1.0415404
       6574.9879       1.0402950
       6575.0053       1.0395974
       6575.0227       1.0392266
       6575.0402       1.0389923
       6575.0576       1.0387668
       6575.0750       1.0384879
       6575.0924       1.0381356
       6575.1098       1.0376988
       6575.1272       1.0371550
       6575.1446       1.0364728
       6575.1620       1.0356381
       6575.1794       1.0346880
       6575.1969       1.0337335
       6575.2143       1.0329557
       6575.2317       1.0325708
       6575.2491       1.0327741
       6575.2665       1.0336810
       6575.2839       1.0352887
       6575.3013       1.0374717
       6575.3187       1.0400135
       6575.3361       1.0426611
       6575.3535       1.0451818
       6575.3710       1.0474039
       6575.3884       1.0492312
       6575.4058       1.0506351
       6575.4232       1.0516347
       6575.4406       1.0522768
       6575.4580       1.0526221
       6575.4754       1.0527379
       6575.4928       1.0526942
       6575.5102       1.0525592
       6575.5276       1.0523929
       6575.5451       1.0522419
       6575.5625       1.0521390
       6575.5799       1.0521076
       6575.5973       1.0521703
       6575.6147       1.0523531
       6575.6321       1.0526826
       6575.6495       1.0531746
       6575.6669       1.0538194
       6575.6843       1.0545723
       6575.7017       1.0553550
       6575.7192       1.0560657
       6575.7366       1.0565999
       6575.7540       1.0568715
       6575.7714       1.0568317
       6575.7888       1.0564837
       6575.8062       1.0558880
       6575.8236       1.0551540
       6575.8410       1.0544168
       6575.8584       1.0538037
       6575.8758       1.0534040
       6575.8933       1.0532508
       6575.9107       1.0533223
       6575.9281       1.0535558
       6575.9455       1.0538679
       6575.9629       1.0541721
       6575.9803       1.0543931
       6575.9977       1.0544774
       6576.0151       1.0543995
       6576.0325       1.0541603
       6576.0499       1.0537748
       6576.0674       1.0532545
       6576.0848       1.0525943
       6576.1022       1.0517762
       6576.1196       1.0507892
       6576.1370       1.0496566
       6576.1544       1.0484531
       6576.1718       1.0472980
       6576.1892       1.0463248
       6576.2066       1.0456379
       6576.2241       1.0452780
       6576.2415       1.0452089
       6576.2589       1.0453323
       6576.2763       1.0455241
       6576.2937       1.0456791
       6576.3111       1.0457487
       6576.3285       1.0457587
       6576.3459       1.0458007
       6576.3633       1.0459981
       6576.3807       1.0464556
       6576.3982       1.0472083
       6576.4156       1.0481998
       6576.4330       1.0492889
       6576.4504       1.0502858
       6576.4678       1.0510009
       6576.4852       1.0512873
       6576.5026       1.0510647
       6576.5200       1.0503250
       6576.5374       1.0491274
       6576.5548       1.0475925
       6576.5723       1.0458964
       6576.5897       1.0442560
       6576.6071       1.0429014
       6576.6245       1.0420322
       6576.6419       1.0417710
       6576.6593       1.0421291
       6576.6767       1.0429993
       6576.6941       1.0441785
       6576.7115       1.0454143
       6576.7289       1.0464620
       6576.7464       1.0471367
       6576.7638       1.0473485
       6576.7812       1.0471142
       6576.7986       1.0465432
       6576.8160       1.0458035
       6576.8334       1.0450772
       6576.8508       1.0445176
       6576.8682       1.0442170
       6576.8856       1.0441929
       6576.9030       1.0443926
       6576.9205       1.0447164
       6576.9379       1.0450532
       6576.9553       1.0453182
       6576.9727       1.0454804
       6576.9901       1.0455686
       6577.0075       1.0456528
       6577.0249       1.0458085
       6577.0423       1.0460764
       6577.0597       1.0464427
       6577.0771       1.0468442
       6577.0946       1.0471943
       6577.1120       1.0474171
       6577.1294       1.0474704
       6577.1468       1.0473499
       6577.1642       1.0470764
       6577.1816       1.0466781
       6577.1990       1.0461825
       6577.2164       1.0456213
       6577.2338       1.0450431
       6577.2512       1.0445196
       6577.2687       1.0441347
       6577.2861       1.0439573
       6577.3035       1.0440081
       6577.3209       1.0442413
       6577.3383       1.0445519
       6577.3557       1.0448090
       6577.3731       1.0449038
       6577.3905       1.0447891
       6577.4079       1.0444953
       6577.4254       1.0441161
       6577.4428       1.0437697
       6577.4602       1.0435526
       6577.4776       1.0435042
       6577.4950       1.0435938
       6577.5124       1.0437323
       6577.5298       1.0437988
       6577.5472       1.0436699
       6577.5646       1.0432443
       6577.5820       1.0424588
       6577.5995       1.0412992
       6577.6169       1.0398068
       6577.6343       1.0380804
       6577.6517       1.0362679
       6577.6691       1.0345478
       6577.6865       1.0330996
       6577.7039       1.0320688
       6577.7213       1.0315427
       6577.7387       1.0315359
       6577.7561       1.0319907
       6577.7736       1.0327933
       6577.7910       1.0338005
       6577.8084       1.0348710
       6577.8258       1.0358916
       6577.8432       1.0367924
       6577.8606       1.0375478
       6577.8780       1.0381652
       6577.8954       1.0386697
       6577.9128       1.0390926
       6577.9302       1.0394686
       6577.9477       1.0398407
       6577.9651       1.0402645
       6577.9825       1.0408031
       6577.9999       1.0415079
       6578.0173       1.0423924
       6578.0347       1.0434126
       6578.0521       1.0444693
       6578.0695       1.0454369
       6578.0869       1.0462081
       6578.1043       1.0467338
       6578.1218       1.0470381
       6578.1392       1.0471981
       6578.1566       1.0473013
       6578.1740       1.0474008
       6578.1914       1.0474916
       6578.2088       1.0475162
       6578.2262       1.0473962
       6578.2436       1.0470697
       6578.2610       1.0465202
       6578.2784       1.0457866
       6578.2959       1.0449567
       6578.3133       1.0441493
       6578.3307       1.0434937
       6578.3481       1.0430996
       6578.3655       1.0430354
       6578.3829       1.0433085
       6578.4003       1.0438591
       6578.4177       1.0445704
       6578.4351       1.0452969
       6578.4526       1.0459018
       6578.4700       1.0462904
       6578.4874       1.0464284
       6578.5048       1.0463403
       6578.5222       1.0460888
       6578.5396       1.0457460
       6578.5570       1.0453668
       6578.5744       1.0449719
       6578.5918       1.0445456
       6578.6092       1.0440452
       6578.6267       1.0434197
       6578.6441       1.0426302
       6578.6615       1.0416699
       6578.6789       1.0405775
       6578.6963       1.0394405
       6578.7137       1.0383832
       6578.7311       1.0375392
       6578.7485       1.0370140
       6578.7659       1.0368517
       6578.7833       1.0370190
       6578.8008       1.0374183
       6578.8182       1.0379245
       6578.8356       1.0384331
       6578.8530       1.0388985
       6578.8704       1.0393450
       6578.8878       1.0398464
       6578.9052       1.0404809
       6578.9226       1.0412815
       6578.9400       1.0422019
       6578.9574       1.0431163
       6578.9749       1.0438498
       6578.9923       1.0442357
       6579.0097       1.0441731
       6579.0271       1.0436577
       6579.0445       1.0427848
       6579.0619       1.0417229
       6579.0793       1.0406705
       6579.0967       1.0398128
       6579.1141       1.0392880
       6579.1315       1.0391675
       6579.1490       1.0394506
       6579.1664       1.0400718
       6579.1838       1.0409187
       6579.2012       1.0418570
       6579.2186       1.0427585
       6579.2360       1.0435236
       6579.2534       1.0440933
       6579.2708       1.0444504
       6579.2882       1.0446109
       6579.3056       1.0446129
       6579.3231       1.0445071
       6579.3405       1.0443512
       6579.3579       1.0442070
       6579.3753       1.0441359
       6579.3927       1.0441902
       6579.4101       1.0444010
       6579.4275       1.0447652
       6579.4449       1.0452404
       6579.4623       1.0457526
       6579.4798       1.0462174
       6579.4972       1.0465674
       6579.5146       1.0467730
       6579.5320       1.0468492
       6579.5494       1.0468447
       6579.5668       1.0468212
       6579.5842       1.0468342
       6579.6016       1.0469211
       6579.6190       1.0470977
       6579.6364       1.0473602
       6579.6539       1.0476842
       6579.6713       1.0480270
       6579.6887       1.0483287
       6579.7061       1.0485167
       6579.7235       1.0485156
       6579.7409       1.0482584
       6579.7583       1.0477002
       6579.7757       1.0468294
       6579.7931       1.0456769
       6579.8105       1.0443190
       6579.8280       1.0428700
       6579.8454       1.0414622
       6579.8628       1.0402161
       6579.8802       1.0392088
       6579.8976       1.0384525
       6579.9150       1.0378931
       6579.9324       1.0374300
       6579.9498       1.0369512
       6579.9672       1.0363702
       6579.9846       1.0356528
       6580.0021       1.0348269
       6580.0195       1.0339757
       6580.0369       1.0332165
       6580.0543       1.0326744
       6580.0717       1.0324524
       6580.0891       1.0326043
       6580.1065       1.0331146
       6580.1239       1.0338917
       6580.1413       1.0347788
       6580.1587       1.0355847
       6580.1762       1.0361272
       6580.1936       1.0362798
       6580.2110       1.0360037
       6580.2284       1.0353560
       6580.2458       1.0344689
       6580.2632       1.0335093
       6580.2806       1.0326325
       6580.2980       1.0319432
       6580.3154       1.0314780
       6580.3328       1.0312115
       6580.3503       1.0310767
       6580.3677       1.0309941
       6580.3851       1.0309009
       6580.4025       1.0307742
       6580.4199       1.0306444
       6580.4373       1.0305932
       6580.4547       1.0307335
       6580.4721       1.0311769
       6580.4895       1.0319954
       6580.5069       1.0331941
       6580.5244       1.0347051
       6580.5418       1.0364059
       6580.5592       1.0381546
       6580.5766       1.0398289
       6580.5940       1.0413525
       6580.6114       1.0427026
       6580.6288       1.0438966
       6580.6462       1.0449672
       6580.6636       1.0459359
       6580.6811       1.0467963
       6580.6985       1.0475136
       6580.7159       1.0480388
       6580.7333       1.0483305
       6580.7507       1.0483714
       6580.7681       1.0481726
       6580.7855       1.0477616
       6580.8029       1.0471651
       6580.8203       1.0463954
       6580.8377       1.0454533
       6580.8552       1.0443442
       6580.8726       1.0430997
       6580.8900       1.0417907
       6580.9074       1.0405218
       6580.9248       1.0394086
       6580.9422       1.0385455
       6580.9596       1.0379751
       6580.9770       1.0376807
       6580.9944       1.0375930
       6581.0118       1.0376111
       6581.0293       1.0376285
       6581.0467       1.0375570
       6581.0641       1.0373422
       6581.0815       1.0369695
       6581.0989       1.0364620
       6581.1163       1.0358697
       6581.1337       1.0352543
       6581.1511       1.0346710
       6581.1685       1.0341537
       6581.1859       1.0337083
       6581.2034       1.0333166
       6581.2208       1.0329502
       6581.2382       1.0325853
       6581.2556       1.0322129
       6581.2730       1.0318386
       6581.2904       1.0314721
       6581.3078       1.0311152
       6581.3252       1.0307534
       6581.3426       1.0303587
       6581.3600       1.0299028
       6581.3775       1.0293767
       6581.3949       1.0288080
       6581.4123       1.0282676
       6581.4297       1.0278595
       6581.4471       1.0276933
       6581.4645       1.0278479
       6581.4819       1.0283391
       6581.4993       1.0291061
       6581.5167       1.0300241
       6581.5341       1.0309400
       6581.5516       1.0317179
       6581.5690       1.0322753
       6581.5864       1.0325975
       6581.6038       1.0327330
       6581.6212       1.0327636
       6581.6386       1.0327786
       6581.6560       1.0328573
       6581.6734       1.0330637
       6581.6908       1.0334460
       6581.7083       1.0340329
       6581.7257       1.0348241
       6581.7431       1.0357811
       6581.7605       1.0368252
       6581.7779       1.0378518
       6581.7953       1.0387547
       6581.8127       1.0394481
       6581.8301       1.0398752
       6581.8475       1.0400004
       6581.8649       1.0397907
       6581.8824       1.0392033
       6581.8998       1.0381863
       6581.9172       1.0366964
       6581.9346       1.0347228
       6581.9520       1.0323099
       6581.9694       1.0295677
       6581.9868       1.0266685
       6582.0042       1.0238280
       6582.0216       1.0212748
       6582.0390       1.0192123
       6582.0565       1.0177830
       6582.0739       1.0170434
       6582.0913       1.0169578
       6582.1087       1.0174123
       6582.1261       1.0182447
       6582.1435       1.0192801
       6582.1609       1.0203653
       6582.1783       1.0213947
       6582.1957       1.0223246
       6582.2131       1.0231738
       6582.2306       1.0240079
       6582.2480       1.0249106
       6582.2654       1.0259456
       6582.2828       1.0271308
       6582.3002       1.0284319
       6582.3176       1.0297799
       6582.3350       1.0311009
       6582.3524       1.0323380
       6582.3698       1.0334532
       6582.3872       1.0344097
       6582.4047       1.0351539
       6582.4221       1.0356167
       6582.4395       1.0357402
       6582.4569       1.0355181
       6582.4743       1.0350243
       6582.4917       1.0344074
       6582.5091       1.0338510
       6582.5265       1.0335164
       6582.5439       1.0334969
       6582.5613       1.0338011
       6582.5788       1.0343699
       6582.5962       1.0351087
       6582.6136       1.0359187
       6582.6310       1.0367129
       6582.6484       1.0374180
       6582.6658       1.0379722
       6582.6832       1.0383244
       6582.7006       1.0384380
       6582.7180       1.0382923
       6582.7355       1.0378816
       6582.7529       1.0372121
       6582.7703       1.0363056
       6582.7877       1.0352127
       6582.8051       1.0340294
       6582.8225       1.0329058
       6582.8399       1.0320330
       6582.8573       1.0316065
       6582.8747       1.0317770
       6582.8921       1.0326096
       6582.9096       1.0340504
       6582.9270       1.0359490
       6582.9444       1.0380935
       6582.9618       1.0402647
       6582.9792       1.0422907
       6582.9966       1.0440871
       6583.0140       1.0456698
       6583.0314       1.0471346
       6583.0488       1.0486095
       6583.0662       1.0501959
       6583.0837       1.0519189
       6583.1011       1.0537070
       6583.1185       1.0554074
       6583.1359       1.0568313
       6583.1533       1.0578125
       6583.1707       1.0582596
       6583.1881       1.0581833
       6583.2055       1.0576901
       6583.2229       1.0569469
       6583.2403       1.0561273
       6583.2578       1.0553621
       6583.2752       1.0547102
       6583.2926       1.0541591
       6583.3100       1.0536496
       6583.3274       1.0531114
       6583.3448       1.0524907
       6583.3622       1.0517609
       6583.3796       1.0509148
       6583.3970       1.0499503
       6583.4144       1.0488587
       6583.4319       1.0476235
       6583.4493       1.0462258
       6583.4667       1.0446502
       6583.4841       1.0428881
       6583.5015       1.0409387
       6583.5189       1.0388117
       6583.5363       1.0365355
       6583.5537       1.0341668
       6583.5711       1.0317916
       6583.5885       1.0295121
       6583.6060       1.0274269
       6583.6234       1.0256080
       6583.6408       1.0240888
       6583.6582       1.0228660
       6583.6756       1.0219147
       6583.6930       1.0212061
       6583.7104       1.0207197
       6583.7278       1.0204450
       6583.7452       1.0203770
       6583.7626       1.0205116
       6583.7801       1.0208458
       6583.7975       1.0213806
       6583.8149       1.0221207
       6583.8323       1.0230658
       6583.8497       1.0241919
       6583.8671       1.0254321
       6583.8845       1.0266688
       6583.9019       1.0277470
       6583.9193       1.0285106
       6583.9368       1.0288515
       6583.9542       1.0287533
       6583.9716       1.0283111
       6583.9890       1.0277170
       6584.0064       1.0272143
       6584.0238       1.0270336
       6584.0412       1.0273335
       6584.0586       1.0281626
       6584.0760       1.0294556
       6584.0934       1.0310606
       6584.1109       1.0327863
       6584.1283       1.0344506
       6584.1457       1.0359159
       6584.1631       1.0371029
       6584.1805       1.0379840
       6584.1979       1.0385650
       6584.2153       1.0388721
       6584.2327       1.0389372
       6584.2501       1.0387956
       6584.2675       1.0384849
       6584.2850       1.0380431
       6584.3024       1.0375026
       6584.3198       1.0368854
       6584.3372       1.0362008
       6584.3546       1.0354479
       6584.3720       1.0346196
       6584.3894       1.0337071
       6584.4068       1.0327040
       6584.4242       1.0316107
       6584.4416       1.0304428
       6584.4591       1.0292406
       6584.4765       1.0280757
       6584.4939       1.0270478
       6584.5113       1.0262684
       6584.5287       1.0258332
       6584.5461       1.0257903
       6584.5635       1.0261160
       6584.5809       1.0267067
       6584.5983       1.0273893
       6584.6157       1.0279521
       6584.6332       1.0281882
       6584.6506       1.0279419
       6584.6680       1.0271483
       6584.6854       1.0258540
       6584.7028       1.0242112
       6584.7202       1.0224473
       6584.7376       1.0208169
       6584.7550       1.0195507
       6584.7724       1.0188162
       6584.7898       1.0186990
       6584.8073       1.0192051
       6584.8247       1.0202772
       6584.8421       1.0218148
       6584.8595       1.0236797
       6584.8769       1.0257063
       6584.8943       1.0277078
       6584.9117       1.0294911
       6584.9291       1.0308887
       6584.9465       1.0317972
       6584.9640       1.0322084
       6584.9814       1.0322132
       6584.9988       1.0319746
