# Angstrom [air],  flux [abs.cor.cont.sub+1]
       6544.9926       1.0230764
       6545.0100       1.0226292
       6545.0274       1.0222681
       6545.0448       1.0220072
       6545.0622       1.0217693
       6545.0797       1.0214221
       6545.0971       1.0208488
       6545.1145       1.0200192
       6545.1319       1.0190357
       6545.1493       1.0181173
       6545.1667       1.0175360
       6545.1841       1.0175308
       6545.2015       1.0182302
       6545.2189       1.0196115
       6545.2363       1.0215104
       6545.2538       1.0236739
       6545.2712       1.0258349
       6545.2886       1.0277829
       6545.3060       1.0294097
       6545.3234       1.0307204
       6545.3408       1.0318141
       6545.3582       1.0328464
       6545.3756       1.0339897
       6545.3930       1.0354048
       6545.4104       1.0372284
       6545.4279       1.0395781
       6545.4453       1.0425642
       6545.4627       1.0462997
       6545.4801       1.0508958
       6545.4975       1.0564425
       6545.5149       1.0629799
       6545.5323       1.0704740
       6545.5497       1.0788089
       6545.5671       1.0878010
       6545.5846       1.0972296
       6545.6020       1.1068734
       6545.6194       1.1165426
       6545.6368       1.1260974
       6545.6542       1.1354508
       6545.6716       1.1445573
       6545.6890       1.1533886
       6545.7064       1.1619053
       6545.7238       1.1700311
       6545.7412       1.1776380
       6545.7587       1.1845466
       6545.7761       1.1905415
       6545.7935       1.1953947
       6545.8109       1.1988994
       6545.8283       1.2008923
       6545.8457       1.2012688
       6545.8631       1.1999843
       6545.8805       1.1970453
       6545.8979       1.1924904
       6545.9153       1.1863692
       6545.9328       1.1787231
       6545.9502       1.1695738
       6545.9676       1.1589240
       6545.9850       1.1467729
       6546.0024       1.1331459
       6546.0198       1.1181296
       6546.0372       1.1019010
       6546.0546       1.0847351
       6546.0720       1.0669868
       6546.0894       1.0490502
       6546.1069       1.0313110
       6546.1243       1.0141091
       6546.1417      0.99772047
       6546.1591      0.98235995
       6546.1765      0.96819435
       6546.1939      0.95535448
       6546.2113      0.94393914
       6546.2287      0.93401153
       6546.2461      0.92559519
       6546.2636      0.91867790
       6546.2810      0.91322791
       6546.2984      0.90921986
       6546.3158      0.90666026
       6546.3332      0.90559990
       6546.3506      0.90612312
       6546.3680      0.90831340
       6546.3854      0.91220577
       6546.4028      0.91774391
       6546.4202      0.92476429
       6546.4377      0.93298645
       6546.4551      0.94205934
       6546.4725      0.95160328
       6546.4899      0.96124272
       6546.5073      0.97063022
       6546.5247      0.97946056
       6546.5421      0.98748197
       6546.5595      0.99451037
       6546.5769       1.0004464
       6546.5943       1.0052883
       6546.6118       1.0091304
       6546.6292       1.0121400
       6546.6466       1.0145145
       6546.6640       1.0164323
       6546.6814       1.0180175
       6546.6988       1.0193335
       6546.7162       1.0204088
       6546.7336       1.0212793
       6546.7510       1.0220224
       6546.7684       1.0227627
       6546.7859       1.0236428
       6546.8033       1.0247722
       6546.8207       1.0261808
       6546.8381       1.0277992
       6546.8555       1.0294772
       6546.8729       1.0310329
       6546.8903       1.0323114
       6546.9077       1.0332306
       6546.9251       1.0337954
       6546.9426       1.0340809
       6546.9600       1.0341940
       6546.9774       1.0342336
       6546.9948       1.0342631
       6547.0122       1.0343030
       6547.0296       1.0343357
       6547.0470       1.0343121
       6547.0644       1.0341537
       6547.0818       1.0337524
       6547.0992       1.0329840
       6547.1167       1.0317317
       6547.1341       1.0299275
       6547.1515       1.0275916
       6547.1689       1.0248528
       6547.1863       1.0219375
       6547.2037       1.0191330
       6547.2211       1.0167372
       6547.2385       1.0150137
       6547.2559       1.0141589
       6547.2733       1.0142831
       6547.2908       1.0153983
       6547.3082       1.0174134
       6547.3256       1.0201374
       6547.3430       1.0232974
       6547.3604       1.0265717
       6547.3778       1.0296354
       6547.3952       1.0322090
       6547.4126       1.0341002
       6547.4300       1.0352309
       6547.4474       1.0356428
       6547.4649       1.0354779
       6547.4823       1.0349379
       6547.4997       1.0342316
       6547.5171       1.0335265
       6547.5345       1.0329222
       6547.5519       1.0324536
       6547.5693       1.0321198
       6547.5867       1.0319243
       6547.6041       1.0319015
       6547.6216       1.0321178
       6547.6390       1.0326436
       6547.6564       1.0335131
       6547.6738       1.0346928
       6547.6912       1.0360771
       6547.7086       1.0375170
       6547.7260       1.0388657
       6547.7434       1.0400278
       6547.7608       1.0409818
       6547.7782       1.0417718
       6547.7957       1.0424794
       6547.8131       1.0431899
       6547.8305       1.0439669
       6547.8479       1.0448417
       6547.8653       1.0458093
       6547.8827       1.0468270
       6547.9001       1.0478103
       6547.9175       1.0486328
       6547.9349       1.0491356
       6547.9523       1.0491500
       6547.9698       1.0485278
       6547.9872       1.0471714
       6548.0046       1.0450524
       6548.0220       1.0422163
       6548.0394       1.0387741
       6548.0568       1.0348866
       6548.0742       1.0307468
       6548.0916       1.0265636
       6548.1090       1.0225477
       6548.1264       1.0189013
       6548.1439       1.0158104
       6548.1613       1.0134384
       6548.1787       1.0119192
       6548.1961       1.0113449
       6548.2135       1.0117499
       6548.2309       1.0130938
       6548.2483       1.0152536
       6548.2657       1.0180309
       6548.2831       1.0211776
       6548.3006       1.0244326
       6548.3180       1.0275607
       6548.3354       1.0303800
       6548.3528       1.0327731
       6548.3702       1.0346782
       6548.3876       1.0360731
       6548.4050       1.0369616
       6548.4224       1.0373621
       6548.4398       1.0373198
       6548.4572       1.0369250
       6548.4747       1.0363245
       6548.4921       1.0357130
       6548.5095       1.0352983
       6548.5269       1.0352492
       6548.5443       1.0356480
       6548.5617       1.0364674
       6548.5791       1.0375831
       6548.5965       1.0388183
       6548.6139       1.0400003
       6548.6313       1.0410100
       6548.6488       1.0418084
       6548.6662       1.0424361
       6548.6836       1.0429917
       6548.7010       1.0435991
       6548.7184       1.0443747
       6548.7358       1.0454003
       6548.7532       1.0467078
       6548.7706       1.0482757
       6548.7880       1.0500338
       6548.8054       1.0518742
       6548.8229       1.0536636
       6548.8403       1.0552573
       6548.8577       1.0565152
       6548.8751       1.0573189
       6548.8925       1.0575908
       6548.9099       1.0573073
       6548.9273       1.0565057
       6548.9447       1.0552790
       6548.9621       1.0537617
       6548.9796       1.0521060
       6548.9970       1.0504559
       6549.0144       1.0489215
       6549.0318       1.0475664
       6549.0492       1.0464041
       6549.0666       1.0454234
       6549.0840       1.0446173
       6549.1014       1.0440057
       6549.1188       1.0436382
       6549.1362       1.0435732
       6549.1537       1.0438450
       6549.1711       1.0444355
       6549.1885       1.0452671
       6549.2059       1.0462187
       6549.2233       1.0471537
       6549.2407       1.0479475
       6549.2581       1.0485023
       6549.2755       1.0487502
       6549.2929       1.0486504
       6549.3103       1.0481866
       6549.3278       1.0473679
       6549.3452       1.0462318
       6549.3626       1.0448447
       6549.3800       1.0432993
       6549.3974       1.0417088
       6549.4148       1.0401989
       6549.4322       1.0388957
       6549.4496       1.0379063
       6549.4670       1.0372937
       6549.4844       1.0370509
       6549.5019       1.0370890
       6549.5193       1.0372522
       6549.5367       1.0373604
       6549.5541       1.0372690
       6549.5715       1.0369193
       6549.5889       1.0363587
       6549.6063       1.0357211
       6549.6237       1.0351770
       6549.6411       1.0348767
       6549.6586       1.0349083
       6549.6760       1.0352868
       6549.6934       1.0359681
       6549.7108       1.0368815
       6549.7282       1.0379621
       6549.7456       1.0391619
       6549.7630       1.0404424
       6549.7804       1.0417548
       6549.7978       1.0430235
       6549.8152       1.0441473
       6549.8327       1.0450222
       6549.8501       1.0455758
       6549.8675       1.0457951
       6549.8849       1.0457311
       6549.9023       1.0454777
       6549.9197       1.0451364
       6549.9371       1.0447879
       6549.9545       1.0444847
       6549.9719       1.0442642
       6549.9893       1.0441663
       6550.0068       1.0442375
       6550.0242       1.0445159
       6550.0416       1.0450038
       6550.0590       1.0456473
       6550.0764       1.0463403
       6550.0938       1.0469523
       6550.1112       1.0473717
       6550.1286       1.0475422
       6550.1460       1.0474799
       6550.1635       1.0472657
       6550.1809       1.0470174
       6550.1983       1.0468528
       6550.2157       1.0468551
       6550.2331       1.0470503
       6550.2505       1.0474045
       6550.2679       1.0478387
       6550.2853       1.0482551
       6550.3027       1.0485640
       6550.3201       1.0486997
       6550.3376       1.0486225
       6550.3550       1.0483186
       6550.3724       1.0477933
       6550.3898       1.0470764
       6550.4072       1.0462319
       6550.4246       1.0453624
       6550.4420       1.0446022
       6550.4594       1.0440927
       6550.4768       1.0439496
       6550.4942       1.0442334
       6550.5117       1.0449371
       6550.5291       1.0459949
       6550.5465       1.0473052
       6550.5639       1.0487575
       6550.5813       1.0502504
       6550.5987       1.0516976
       6550.6161       1.0530270
       6550.6335       1.0541763
       6550.6509       1.0550927
       6550.6683       1.0557351
       6550.6858       1.0560820
       6550.7032       1.0561414
       6550.7206       1.0559623
       6550.7380       1.0556391
       6550.7554       1.0553037
       6550.7728       1.0550981
       6550.7902       1.0551340
       6550.8076       1.0554550
       6550.8250       1.0560188
       6550.8425       1.0567117
       6550.8599       1.0573887
       6550.8773       1.0579235
       6550.8947       1.0582456
       6550.9121       1.0583509
       6550.9295       1.0582868
       6550.9469       1.0581201
       6550.9643       1.0579045
       6550.9817       1.0576565
       6550.9991       1.0573512
       6551.0166       1.0569372
       6551.0340       1.0563667
       6551.0514       1.0556289
       6551.0688       1.0547730
       6551.0862       1.0539093
       6551.1036       1.0531854
       6551.1210       1.0527460
       6551.1384       1.0526904
       6551.1558       1.0530448
       6551.1732       1.0537581
       6551.1907       1.0547212
       6551.2081       1.0558041
       6551.2255       1.0568967
       6551.2429       1.0579413
       6551.2603       1.0589432
       6551.2777       1.0599548
       6551.2951       1.0610365
       6551.3125       1.0622084
       6551.3299       1.0634144
       6551.3473       1.0645151
       6551.3648       1.0653158
       6551.3822       1.0656221
       6551.3996       1.0653027
       6551.4170       1.0643376
       6551.4344       1.0628357
       6551.4518       1.0610155
       6551.4692       1.0591564
       6551.4866       1.0575328
       6551.5040       1.0563527
       6551.5215       1.0557153
       6551.5389       1.0556021
       6551.5563       1.0559012
       6551.5737       1.0564579
       6551.5911       1.0571330
       6551.6085       1.0578472
       6551.6259       1.0585988
       6551.6433       1.0594463
       6551.6607       1.0604639
       6551.6781       1.0616918
       6551.6956       1.0631008
       6551.7130       1.0645846
       6551.7304       1.0659829
       6551.7478       1.0671239
       6551.7652       1.0678724
       6551.7826       1.0681647
       6551.8000       1.0680242
       6551.8174       1.0675509
       6551.8348       1.0668919
       6551.8522       1.0661979
       6551.8697       1.0655803
       6551.8871       1.0650801
       6551.9045       1.0646591
       6551.9219       1.0642177
       6551.9393       1.0636306
       6551.9567       1.0627877
       6551.9741       1.0616233
       6551.9915       1.0601252
       6552.0089       1.0583215
       6552.0263       1.0562563
       6552.0438       1.0539683
       6552.0612       1.0514824
       6552.0786       1.0488204
       6552.0960       1.0460234
       6552.1134       1.0431765
       6552.1308       1.0404229
       6552.1482       1.0379595
       6552.1656       1.0360139
       6552.1830       1.0348094
       6552.2005       1.0345277
       6552.2179       1.0352790
       6552.2353       1.0370841
       6552.2527       1.0398701
       6552.2701       1.0434761
       6552.2875       1.0476692
       6552.3049       1.0521567
       6552.3223       1.0566203
       6552.3397       1.0607419
       6552.3571       1.0642330
       6552.3746       1.0668675
       6552.3920       1.0685137
       6552.4094       1.0691582
       6552.4268       1.0689161
       6552.4442       1.0680165
       6552.4616       1.0667641
       6552.4790       1.0654833
       6552.4964       1.0644580
       6552.5138       1.0638869
       6552.5312       1.0638674
       6552.5487       1.0644088
       6552.5661       1.0654663
       6552.5835       1.0669758
       6552.6009       1.0688729
       6552.6183       1.0710897
       6552.6357       1.0735377
       6552.6531       1.0760933
       6552.6705       1.0786012
       6552.6879       1.0809005
       6552.7053       1.0828624
       6552.7228       1.0844234
       6552.7402       1.0855970
       6552.7576       1.0864610
       6552.7750       1.0871279
       6552.7924       1.0877128
       6552.8098       1.0883090
       6552.8272       1.0889744
       6552.8446       1.0897249
       6552.8620       1.0905315
       6552.8795       1.0913242
       6552.8969       1.0920060
       6552.9143       1.0924794
       6552.9317       1.0926762
       6552.9491       1.0925787
       6552.9665       1.0922211
       6552.9839       1.0916664
       6553.0013       1.0909792
       6553.0187       1.0902073
       6553.0361       1.0893799
       6553.0536       1.0885188
       6553.0710       1.0876499
       6553.0884       1.0868050
       6553.1058       1.0860101
       6553.1232       1.0852687
       6553.1406       1.0845507
       6553.1580       1.0837936
       6553.1754       1.0829170
       6553.1928       1.0818437
       6553.2102       1.0805197
       6553.2277       1.0789282
       6553.2451       1.0770972
       6553.2625       1.0751018
       6553.2799       1.0730610
       6553.2973       1.0711271
       6553.3147       1.0694646
       6553.3321       1.0682210
       6553.3495       1.0674962
       6553.3669       1.0673192
       6553.3843       1.0676437
       6553.4018       1.0683637
       6553.4192       1.0693430
       6553.4366       1.0704468
       6553.4540       1.0715650
       6553.4714       1.0726231
       6553.4888       1.0735838
       6553.5062       1.0744464
       6553.5236       1.0752452
       6553.5410       1.0760420
       6553.5585       1.0769084
       6553.5759       1.0778967
       6553.5933       1.0790109
       6553.6107       1.0801896
       6553.6281       1.0813211
       6553.6455       1.0822803
       6553.6629       1.0829785
       6553.6803       1.0834037
       6553.6977       1.0836344
       6553.7151       1.0838216
       6553.7326       1.0841448
       6553.7500       1.0847586
       6553.7674       1.0857474
       6553.7848       1.0871023
       6553.8022       1.0887253
       6553.8196       1.0904570
       6553.8370       1.0921170
       6553.8544       1.0935463
       6553.8718       1.0946380
       6553.8892       1.0953514
       6553.9067       1.0957087
       6553.9241       1.0957752
       6553.9415       1.0956323
       6553.9589       1.0953486
       6553.9763       1.0949587
       6553.9937       1.0944549
       6554.0111       1.0937963
       6554.0285       1.0929348
       6554.0459       1.0918495
       6554.0633       1.0905756
       6554.0808       1.0892131
       6554.0982       1.0879065
       6554.1156       1.0868011
       6554.1330       1.0859922
       6554.1504       1.0854894
       6554.1678       1.0852098
       6554.1852       1.0850033
       6554.2026       1.0846991
       6554.2200       1.0841566
       6554.2375       1.0833051
       6554.2549       1.0821669
       6554.2723       1.0808556
       6554.2897       1.0795463
       6554.3071       1.0784369
       6554.3245       1.0777025
       6554.3419       1.0774573
       6554.3593       1.0777338
       6554.3767       1.0784833
       6554.3941       1.0795949
       6554.4116       1.0809252
       6554.4290       1.0823294
       6554.4464       1.0836879
       6554.4638       1.0849247
       6554.4812       1.0860162
       6554.4986       1.0869901
       6554.5160       1.0879136
       6554.5334       1.0888747
       6554.5508       1.0899582
       6554.5682       1.0912264
       6554.5857       1.0927062
       6554.6031       1.0943867
       6554.6205       1.0962257
       6554.6379       1.0981649
       6554.6553       1.1001490
       6554.6727       1.1021471
       6554.6901       1.1041685
       6554.7075       1.1062653
       6554.7249       1.1085162
       6554.7423       1.1109934
       6554.7598       1.1137233
       6554.7772       1.1166570
       6554.7946       1.1196646
       6554.8120       1.1225623
       6554.8294       1.1251656
       6554.8468       1.1273537
       6554.8642       1.1291205
       6554.8816       1.1305900
       6554.8990       1.1319887
       6554.9165       1.1335732
       6554.9339       1.1355412
       6554.9513       1.1379647
       6554.9687       1.1407606
       6554.9861       1.1437114
       6555.0035       1.1465241
       6555.0209       1.1489057
       6555.0383       1.1506299
       6555.0557       1.1515767
       6555.0731       1.1517391
       6555.0906       1.1512002
       6555.1080       1.1500913
       6555.1254       1.1485448
       6555.1428       1.1466534
       6555.1602       1.1444459
       6555.1776       1.1418835
       6555.1950       1.1388784
       6555.2124       1.1353284
       6555.2298       1.1311573
       6555.2472       1.1263491
       6555.2647       1.1209677
       6555.2821       1.1151563
       6555.2995       1.1091213
       6555.3169       1.1031059
       6555.3343       1.0973599
       6555.3517       1.0921102
       6555.3691       1.0875347
       6555.3865       1.0837404
       6555.4039       1.0807513
       6555.4213       1.0785092
       6555.4388       1.0768909
       6555.4562       1.0757357
       6555.4736       1.0748765
       6555.4910       1.0741637
       6555.5084       1.0734757
       6555.5258       1.0727201
       6555.5432       1.0718314
       6555.5606       1.0707783
       6555.5780       1.0695780
       6555.5955       1.0683134
       6555.6129       1.0671437
       6555.6303       1.0662942
       6555.6477       1.0660172
       6555.6651       1.0665324
       6555.6825       1.0679600
       6555.6999       1.0702734
       6555.7173       1.0732889
       6555.7347       1.0767010
       6555.7521       1.0801529
       6555.7696       1.0833186
       6555.7870       1.0859697
       6555.8044       1.0880056
       6555.8218       1.0894425
       6555.8392       1.0903725
       6555.8566       1.0909158
       6555.8740       1.0911861
       6555.8914       1.0912797
       6555.9088       1.0912823
       6555.9262       1.0912796
       6555.9437       1.0913556
       6555.9611       1.0915730
       6555.9785       1.0919461
       6555.9959       1.0924227
       6556.0133       1.0928921
       6556.0307       1.0932258
       6556.0481       1.0933352
       6556.0655       1.0932232
       6556.0829       1.0930008
       6556.1003       1.0928568
       6556.1178       1.0929885
       6556.1352       1.0935218
       6556.1526       1.0944552
       6556.1700       1.0956540
       6556.1874       1.0968963
       6556.2048       1.0979505
       6556.2222       1.0986608
       6556.2396       1.0989917
       6556.2570       1.0990273
       6556.2745       1.0989289
       6556.2919       1.0988705
       6556.3093       1.0989777
       6556.3267       1.0992904
       6556.3441       1.0997587
       6556.3615       1.1002701
       6556.3789       1.1006933
       6556.3963       1.1009197
       6556.4137       1.1008899
       6556.4311       1.1005948
       6556.4486       1.1000569
       6556.4660       1.0993031
       6556.4834       1.0983445
       6556.5008       1.0971724
       6556.5182       1.0957745
       6556.5356       1.0941608
       6556.5530       1.0923867
       6556.5704       1.0905588
       6556.5878       1.0888167
       6556.6052       1.0872967
       6556.6227       1.0860930
       6556.6401       1.0852329
       6556.6575       1.0846781
       6556.6749       1.0843505
       6556.6923       1.0841706
       6556.7097       1.0840919
       6556.7271       1.0841184
       6556.7445       1.0843000
       6556.7619       1.0847097
       6556.7793       1.0854147
       6556.7968       1.0864522
       6556.8142       1.0878180
       6556.8316       1.0894682
       6556.8490       1.0913302
       6556.8664       1.0933126
       6556.8838       1.0953170
       6556.9012       1.0972449
       6556.9186       1.0990063
       6556.9360       1.1005317
       6556.9535       1.1017880
       6556.9709       1.1027929
       6556.9883       1.1036217
       6557.0057       1.1043985
       6557.0231       1.1052709
       6557.0405       1.1063705
       6557.0579       1.1077672
       6557.0753       1.1094331
       6557.0927       1.1112290
       6557.1101       1.1129235
       6557.1276       1.1142450
       6557.1450       1.1149543
       6557.1624       1.1149170
       6557.1798       1.1141542
       6557.1972       1.1128547
       6557.2146       1.1113437
       6557.2320       1.1100122
       6557.2494       1.1092244
       6557.2668       1.1092266
       6557.2842       1.1100829
       6557.3017       1.1116606
       6557.3191       1.1136715
       6557.3365       1.1157564
       6557.3539       1.1175854
       6557.3713       1.1189380
       6557.3887       1.1197420
       6557.4061       1.1200636
       6557.4235       1.1200601
       6557.4409       1.1199157
       6557.4583       1.1197795
       6557.4758       1.1197210
       6557.4932       1.1197112
       6557.5106       1.1196296
       6557.5280       1.1192985
       6557.5454       1.1185331
       6557.5628       1.1171952
       6557.5802       1.1152386
       6557.5976       1.1127375
       6557.6150       1.1098884
       6557.6325       1.1069850
       6557.6499       1.1043704
       6557.6673       1.1023770
       6557.6847       1.1012679
       6557.7021       1.1011920
       6557.7195       1.1021605
       6557.7369       1.1040499
       6557.7543       1.1066285
       6557.7717       1.1096018
       6557.7891       1.1126660
       6557.8066       1.1155576
       6557.8240       1.1180893
       6557.8414       1.1201635
       6557.8588       1.1217660
       6557.8762       1.1229442
       6557.8936       1.1237803
       6557.9110       1.1243659
       6557.9284       1.1247829
       6557.9458       1.1250912
       6557.9632       1.1253234
       6557.9807       1.1254880
       6557.9981       1.1255812
       6558.0155       1.1256056
       6558.0329       1.1255887
       6558.0503       1.1255905
       6558.0677       1.1256940
       6558.0851       1.1259798
       6558.1025       1.1264944
       6558.1199       1.1272274
       6558.1373       1.1281066
       6558.1548       1.1290139
       6558.1722       1.1298136
       6558.1896       1.1303862
       6558.2070       1.1306512
       6558.2244       1.1305793
       6558.2418       1.1301920
       6558.2592       1.1295498
       6558.2766       1.1287351
       6558.2940       1.1278335
       6558.3115       1.1269226
       6558.3289       1.1260711
       6558.3463       1.1253465
       6558.3637       1.1248253
       6558.3811       1.1245951
       6558.3985       1.1247437
       6558.4159       1.1253369
       6558.4333       1.1263945
       6558.4507       1.1278748
       6558.4681       1.1296737
       6558.4856       1.1316399
       6558.5030       1.1335979
       6558.5204       1.1353739
       6558.5378       1.1368190
       6558.5552       1.1378299
       6558.5726       1.1383647
       6558.5900       1.1384540
       6558.6074       1.1381985
       6558.6248       1.1377515
       6558.6422       1.1372843
       6558.6597       1.1369427
       6558.6771       1.1368109
       6558.6945       1.1368971
       6558.7119       1.1371497
       6558.7293       1.1374992
       6558.7467       1.1379067
       6558.7641       1.1383967
       6558.7815       1.1390580
       6558.7989       1.1400112
       6558.8163       1.1413601
       6558.8338       1.1431458
       6558.8512       1.1453350
       6558.8686       1.1478382
       6558.8860       1.1505508
       6558.9034       1.1533965
       6558.9208       1.1563512
       6558.9382       1.1594381
       6558.9556       1.1626949
       6558.9730       1.1661305
       6558.9905       1.1696917
       6559.0079       1.1732579
       6559.0253       1.1766653
       6559.0427       1.1797527
       6559.0601       1.1824051
       6559.0775       1.1845769
       6559.0949       1.1862845
       6559.1123       1.1875760
       6559.1297       1.1884934
       6559.1471       1.1890477
       6559.1646       1.1892158
       6559.1820       1.1889596
       6559.1994       1.1882532
       6559.2168       1.1871079
       6559.2342       1.1855817
       6559.2516       1.1837721
       6559.2690       1.1817936
       6559.2864       1.1797485
       6559.3038       1.1776996
       6559.3212       1.1756521
       6559.3387       1.1735525
       6559.3561       1.1713030
       6559.3735       1.1687898
       6559.3909       1.1659186
       6559.4083       1.1626489
       6559.4257       1.1590179
       6559.4431       1.1551467
       6559.4605       1.1512252
       6559.4779       1.1474809
       6559.4953       1.1441278
       6559.5128       1.1413267
       6559.5302       1.1391594
       6559.5476       1.1376252
       6559.5650       1.1366609
       6559.5824       1.1361746
       6559.5998       1.1360795
       6559.6172       1.1363170
       6559.6346       1.1368616
       6559.6520       1.1377097
       6559.6695       1.1388660
       6559.6869       1.1403353
       6559.7043       1.1421277
       6559.7217       1.1442716
       6559.7391       1.1468253
       6559.7565       1.1498744
       6559.7739       1.1535133
       6559.7913       1.1578128
       6559.8087       1.1627837
       6559.8261       1.1683479
       6559.8436       1.1743248
       6559.8610       1.1804396
       6559.8784       1.1863583
       6559.8958       1.1917466
       6559.9132       1.1963431
       6559.9306       1.2000285
       6559.9480       1.2028642
       6559.9654       1.2050834
       6559.9828       1.2070307
       6560.0002       1.2090667
       6560.0177       1.2114698
       6560.0351       1.2143681
       6560.0525       1.2177222
       6560.0699       1.2213604
       6560.0873       1.2250448
       6560.1047       1.2285400
       6560.1221       1.2316600
       6560.1395       1.2342860
       6560.1569       1.2363520
       6560.1743       1.2378297
       6560.1918       1.2387275
       6560.2092       1.2391074
       6560.2266       1.2391113
       6560.2440       1.2389724
       6560.2614       1.2389928
       6560.2788       1.2394816
       6560.2962       1.2406696
       6560.3136       1.2426333
       6560.3310       1.2452591
       6560.3485       1.2482666
       6560.3659       1.2512825
       6560.3833       1.2539379
       6560.4007       1.2559560
       6560.4181       1.2572023
       6560.4355       1.2576892
       6560.4529       1.2575423
       6560.4703       1.2569467
       6560.4877       1.2560956
       6560.5051       1.2551566
       6560.5226       1.2542642
       6560.5400       1.2535328
       6560.5574       1.2530765
       6560.5748       1.2530169
       6560.5922       1.2534689
       6560.6096       1.2545046
       6560.6270       1.2561123
       6560.6444       1.2581761
       6560.6618       1.2604940
       6560.6792       1.2628372
       6560.6967       1.2650319
       6560.7141       1.2670312
       6560.7315       1.2689441
       6560.7489       1.2710085
       6560.7663       1.2735221
       6560.7837       1.2767368
       6560.8011       1.2807873
       6560.8185       1.2856517
       6560.8359       1.2911571
       6560.8533       1.2970189
       6560.8708       1.3029020
       6560.8882       1.3084884
       6560.9056       1.3135424
       6560.9230       1.3179601
       6560.9404       1.3217925
       6560.9578       1.3252322
       6560.9752       1.3285630
       6560.9926       1.3320902
       6561.0100       1.3360715
       6561.0275       1.3406724
       6561.0449       1.3459540
       6561.0623       1.3518881
       6561.0797       1.3583848
       6561.0971       1.3653205
       6561.1145       1.3725644
       6561.1319       1.3800026
       6561.1493       1.3875636
       6561.1667       1.3952375
       6561.1841       1.4030822
       6561.2016       1.4112094
       6561.2190       1.4197532
       6561.2364       1.4288334
       6561.2538       1.4385236
       6561.2712       1.4488355
       6561.2886       1.4597184
       6561.3060       1.4710713
       6561.3234       1.4827626
       6561.3408       1.4946548
       6561.3582       1.5066322
       6561.3757       1.5186290
       6561.3931       1.5306535
       6561.4105       1.5428005
       6561.4279       1.5552503
       6561.4453       1.5682391
       6561.4627       1.5820149
       6561.4801       1.5967816
       6561.4975       1.6126453
       6561.5149       1.6295799
       6561.5323       1.6474261
       6561.5498       1.6659307
       6561.5672       1.6848176
       6561.5846       1.7038688
       6561.6020       1.7229869
       6561.6194       1.7422137
       6561.6368       1.7616985
       6561.6542       1.7816271
       6561.6716       1.8021370
       6561.6890       1.8232527
       6561.7065       1.8448615
       6561.7239       1.8667378
       6561.7413       1.8886037
       6561.7587       1.9102046
       6561.7761       1.9313695
       6561.7935       1.9520370
       6561.8109       1.9722393
       6561.8283       1.9920540
       6561.8457       2.0115444
       6561.8631       2.0307114
       6561.8806       2.0494706
       6561.8980       2.0676606
       6561.9154       2.0850759
       6561.9328       2.1015170
       6561.9502       2.1168475
       6561.9676       2.1310429
       6561.9850       2.1442162
       6562.0024       2.1566080
       6562.0198       2.1685338
       6562.0372       2.1803016
       6562.0547       2.1921210
       6562.0721       2.2040358
       6562.0895       2.2158937
       6562.1069       2.2273947
       6562.1243       2.2381728
       6562.1417       2.2479016
       6562.1591       2.2563879
       6562.1765       2.2636285
       6562.1939       2.2698162
       6562.2113       2.2752977
       6562.2288       2.2805014
       6562.2462       2.2858562
       6562.2636       2.2917250
       6562.2810       2.2983657
       6562.2984       2.3059250
       6562.3158       2.3144587
       6562.3332       2.3239629
       6562.3506       2.3344031
       6562.3680       2.3457270
       6562.3855       2.3578614
       6562.4029       2.3706965
       6562.4203       2.3840758
       6562.4377       2.3978025
       6562.4551       2.4116709
       6562.4725       2.4255168
       6562.4899       2.4392690
       6562.5073       2.4529801
       6562.5247       2.4668215
       6562.5421       2.4810380
       6562.5596       2.4958762
       6562.5770       2.5115079
       6562.5944       2.5279699
       6562.6118       2.5451374
       6562.6292       2.5627310
       6562.6466       2.5803530
       6562.6640       2.5975406
       6562.6814       2.6138228
       6562.6988       2.6287719
       6562.7162       2.6420313
       6562.7337       2.6533441
       6562.7511       2.6625341
       6562.7685       2.6694700
       6562.7859       2.6740387
       6562.8033       2.6761320
       6562.8207       2.6756572
       6562.8381       2.6725613
       6562.8555       2.6668491
       6562.8729       2.6585773
       6562.8903       2.6478212
       6562.9078       2.6346300
       6562.9252       2.6189988
       6562.9426       2.6008778
       6562.9600       2.5802254
       6562.9774       2.5570882
       6562.9948       2.5316790
       6563.0122       2.5044199
       6563.0296       2.4759283
       6563.0470       2.4469413
       6563.0645       2.4181977
       6563.0819       2.3903117
       6563.0993       2.3636795
       6563.1167       2.3384497
       6563.1341       2.3145634
       6563.1515       2.2918461
       6563.1689       2.2701100
       6563.1863       2.2492262
       6563.2037       2.2291431
       6563.2211       2.2098537
       6563.2386       2.1913383
       6563.2560       2.1735206
       6563.2734       2.1562621
       6563.2908       2.1393988
       6563.3082       2.1227988
       6563.3256       2.1064107
       6563.3430       2.0902779
       6563.3604       2.0745137
       6563.3778       2.0592522
       6563.3952       2.0445922
       6563.4127       2.0305714
       6563.4301       2.0171690
       6563.4475       2.0043330
       6563.4649       1.9920146
       6563.4823       1.9801913
       6563.4997       1.9688714
       6563.5171       1.9580828
       6563.5345       1.9478560
       6563.5519       1.9382094
       6563.5693       1.9291385
       6563.5868       1.9206055
       6563.6042       1.9125285
       6563.6216       1.9047718
       6563.6390       1.8971458
       6563.6564       1.8894242
       6563.6738       1.8813797
       6563.6912       1.8728297
       6563.7086       1.8636749
       6563.7260       1.8539165
       6563.7435       1.8436432
       6563.7609       1.8329962
       6563.7783       1.8221286
       6563.7957       1.8111735
       6563.8131       1.8002299
       6563.8305       1.7893567
       6563.8479       1.7785647
       6563.8653       1.7678003
       6563.8827       1.7569278
       6563.9001       1.7457272
       6563.9176       1.7339193
       6563.9350       1.7212176
       6563.9524       1.7073897
       6563.9698       1.6923056
       6563.9872       1.6759578
       6564.0046       1.6584520
       6564.0220       1.6399773
       6564.0394       1.6207909
       6564.0568       1.6011805
       6564.0742       1.5814500
       6564.0917       1.5619042
       6564.1091       1.5428268
       6564.1265       1.5244511
       6564.1439       1.5069282
       6564.1613       1.4903036
       6564.1787       1.4745101
       6564.1961       1.4593823
       6564.2135       1.4446900
       6564.2309       1.4301834
       6564.2483       1.4156399
       6564.2658       1.4009062
       6564.2832       1.3859275
       6564.3006       1.3707638
       6564.3180       1.3555872
       6564.3354       1.3406618
       6564.3528       1.3263055
       6564.3702       1.3128421
       6564.3876       1.3005513
       6564.4050       1.2896281
       6564.4225       1.2801564
       6564.4399       1.2720996
       6564.4573       1.2653047
       6564.4747       1.2595167
       6564.4921       1.2544029
       6564.5095       1.2495877
       6564.5269       1.2447002
       6564.5443       1.2394302
       6564.5617       1.2335830
       6564.5791       1.2271175
       6564.5966       1.2201548
       6564.6140       1.2129518
       6564.6314       1.2058439
       6564.6488       1.1991724
       6564.6662       1.1932153
       6564.6836       1.1881356
       6564.7010       1.1839557
       6564.7184       1.1805847
       6564.7358       1.1778568
       6564.7532       1.1755817
       6564.7707       1.1735867
       6564.7881       1.1717402
       6564.8055       1.1699570
       6564.8229       1.1681902
       6564.8403       1.1664237
       6564.8577       1.1646687
       6564.8751       1.1629654
       6564.8925       1.1613829
       6564.9099       1.1600108
       6564.9273       1.1589406
       6564.9448       1.1582428
       6564.9622       1.1579472
       6564.9796       1.1580345
       6564.9970       1.1584397
       6565.0144       1.1590650
       6565.0318       1.1597952
       6565.0492       1.1605119
       6565.0666       1.1611032
       6565.0840       1.1614689
       6565.1015       1.1615248
       6565.1189       1.1612092
       6565.1363       1.1604938
       6565.1537       1.1593974
       6565.1711       1.1579930
       6565.1885       1.1564022
       6565.2059       1.1547710
       6565.2233       1.1532337
       6565.2407       1.1518778
       6565.2581       1.1507253
       6565.2756       1.1497377
       6565.2930       1.1488427
       6565.3104       1.1479702
       6565.3278       1.1470823
       6565.3452       1.1461856
       6565.3626       1.1453192
       6565.3800       1.1445293
       6565.3974       1.1438419
       6565.4148       1.1432485
       6565.4322       1.1427114
       6565.4497       1.1421840
       6565.4671       1.1416383
       6565.4845       1.1410845
       6565.5019       1.1405746
       6565.5193       1.1401901
       6565.5367       1.1400184
       6565.5541       1.1401278
       6565.5715       1.1405483
       6565.5889       1.1412615
       6565.6063       1.1421974
       6565.6238       1.1432391
       6565.6412       1.1442316
       6565.6586       1.1450010
       6565.6760       1.1453806
       6565.6934       1.1452425
       6565.7108       1.1445259
       6565.7282       1.1432520
       6565.7456       1.1415221
       6565.7630       1.1394981
       6565.7805       1.1373730
       6565.7979       1.1353404
       6565.8153       1.1335669
       6565.8327       1.1321743
       6565.8501       1.1312298
       6565.8675       1.1307475
       6565.8849       1.1306986
       6565.9023       1.1310276
       6565.9197       1.1316696
       6565.9371       1.1325628
       6565.9546       1.1336519
       6565.9720       1.1348810
       6565.9894       1.1361813
       6566.0068       1.1374596
       6566.0242       1.1385984
       6566.0416       1.1394678
       6566.0590       1.1399547
       6566.0764       1.1399983
       6566.0938       1.1396182
       6566.1112       1.1389212
       6566.1287       1.1380768
       6566.1461       1.1372677
       6566.1635       1.1366324
       6566.1809       1.1362210
       6566.1983       1.1359825
       6566.2157       1.1357879
       6566.2331       1.1354823
       6566.2505       1.1349460
       6566.2679       1.1341426
       6566.2853       1.1331352
       6566.3028       1.1320652
       6566.3202       1.1311035
       6566.3376       1.1303971
       6566.3550       1.1300346
       6566.3724       1.1300418
       6566.3898       1.1304037
       6566.4072       1.1310905
       6566.4246       1.1320711
       6566.4420       1.1333029
       6566.4595       1.1347104
       6566.4769       1.1361683
       6566.4943       1.1375073
       6566.5117       1.1385437
       6566.5291       1.1391236
       6566.5465       1.1391627
       6566.5639       1.1386650
       6566.5813       1.1377158
       6566.5987       1.1364515
       6566.6161       1.1350219
       6566.6336       1.1335587
       6566.6510       1.1321595
       6566.6684       1.1308880
       6566.6858       1.1297845
       6566.7032       1.1288733
       6566.7206       1.1281653
       6566.7380       1.1276590
       6566.7554       1.1273427
       6566.7728       1.1272011
       6566.7902       1.1272182
       6566.8077       1.1273711
       6566.8251       1.1276162
       6566.8425       1.1278766
       6566.8599       1.1280438
       6566.8773       1.1279999
       6566.8947       1.1276543
       6566.9121       1.1269762
       6566.9295       1.1260104
       6566.9469       1.1248673
       6566.9643       1.1236957
       6566.9818       1.1226513
       6566.9992       1.1218713
       6567.0166       1.1214578
       6567.0340       1.1214685
       6567.0514       1.1219098
       6567.0688       1.1227358
       6567.0862       1.1238535
       6567.1036       1.1251397
       6567.1210       1.1264630
       6567.1385       1.1277052
       6567.1559       1.1287760
       6567.1733       1.1296173
       6567.1907       1.1302023
       6567.2081       1.1305345
       6567.2255       1.1306478
       6567.2429       1.1306047
       6567.2603       1.1304892
       6567.2777       1.1303902
       6567.2951       1.1303777
       6567.3126       1.1304802
       6567.3300       1.1306747
       6567.3474       1.1308907
       6567.3648       1.1310291
       6567.3822       1.1309853
       6567.3996       1.1306723
       6567.4170       1.1300339
       6567.4344       1.1290483
       6567.4518       1.1277266
       6567.4692       1.1261092
       6567.4867       1.1242667
       6567.5041       1.1223036
       6567.5215       1.1203591
       6567.5389       1.1186014
       6567.5563       1.1172070
       6567.5737       1.1163293
       6567.5911       1.1160615
       6567.6085       1.1164085
       6567.6259       1.1172779
       6567.6433       1.1184966
       6567.6608       1.1198485
       6567.6782       1.1211212
       6567.6956       1.1221458
       6567.7130       1.1228186
       6567.7304       1.1230999
       6567.7478       1.1229973
       6567.7652       1.1225428
       6567.7826       1.1217771
       6567.8000       1.1207477
       6567.8175       1.1195180
       6567.8349       1.1181824
       6567.8523       1.1168736
       6567.8697       1.1157570
       6567.8871       1.1150080
       6567.9045       1.1147757
       6567.9219       1.1151426
       6567.9393       1.1160917
       6567.9567       1.1174836
       6567.9741       1.1190839
       6567.9916       1.1206032
       6568.0090       1.1217582
       6568.0264       1.1223306
       6568.0438       1.1222086
       6568.0612       1.1214011
       6568.0786       1.1200245
       6568.0960       1.1182711
       6568.1134       1.1163693
       6568.1308       1.1145432
       6568.1482       1.1129788
       6568.1657       1.1117985
       6568.1831       1.1110484
       6568.2005       1.1107006
       6568.2179       1.1106685
       6568.2353       1.1108332
       6568.2527       1.1110733
       6568.2701       1.1112908
       6568.2875       1.1114301
       6568.3049       1.1114857
       6568.3223       1.1115030
       6568.3398       1.1115705
       6568.3572       1.1118059
       6568.3746       1.1123377
       6568.3920       1.1132831
       6568.4094       1.1147285
       6568.4268       1.1167148
       6568.4442       1.1192346
       6568.4616       1.1222401
       6568.4790       1.1256617
       6568.4965       1.1294298
       6568.5139       1.1334932
       6568.5313       1.1378267
       6568.5487       1.1424263
       6568.5661       1.1472986
       6568.5835       1.1524478
       6568.6009       1.1578673
       6568.6183       1.1635320
       6568.6357       1.1693919
       6568.6531       1.1753623
       6568.6706       1.1813131
       6568.6880       1.1870628
       6568.7054       1.1923833
       6568.7228       1.1970177
       6568.7402       1.2007117
       6568.7576       1.2032526
       6568.7750       1.2045068
       6568.7924       1.2044449
       6568.8098       1.2031468
       6568.8272       1.2007819
       6568.8447       1.1975699
       6568.8621       1.1937304
       6568.8795       1.1894356
       6568.8969       1.1847765
       6568.9143       1.1797548
       6568.9317       1.1742994
       6568.9491       1.1683048
       6568.9665       1.1616766
       6568.9839       1.1543687
       6569.0014       1.1464023
       6569.0188       1.1378642
       6569.0362       1.1288927
       6569.0536       1.1196609
       6569.0710       1.1103641
       6569.0884       1.1012091
       6569.1058       1.0924030
       6569.1232       1.0841364
       6569.1406       1.0765660
       6569.1580       1.0698005
       6569.1755       1.0638954
       6569.1929       1.0588572
       6569.2103       1.0546535
       6569.2277       1.0512263
       6569.2451       1.0485028
       6569.2625       1.0464017
       6569.2799       1.0448457
       6569.2973       1.0437645
       6569.3147       1.0430989
       6569.3321       1.0428071
       6569.3496       1.0428728
       6569.3670       1.0433139
       6569.3844       1.0441836
       6569.4018       1.0455608
       6569.4192       1.0475259
       6569.4366       1.0501314
       6569.4540       1.0533765
       6569.4714       1.0571945
       6569.4888       1.0614569
       6569.5062       1.0659901
       6569.5237       1.0705981
       6569.5411       1.0750842
       6569.5585       1.0792708
       6569.5759       1.0830146
       6569.5933       1.0862175
       6569.6107       1.0888326
       6569.6281       1.0908648
       6569.6455       1.0923647
       6569.6629       1.0934182
       6569.6804       1.0941342
       6569.6978       1.0946332
       6569.7152       1.0950367
       6569.7326       1.0954589
       6569.7500       1.0959968
       6569.7674       1.0967202
       6569.7848       1.0976624
       6569.8022       1.0988122
       6569.8196       1.1001099
       6569.8370       1.1014481
       6569.8545       1.1026791
       6569.8719       1.1036345
       6569.8893       1.1041552
       6569.9067       1.1041421
       6569.9241       1.1035902
       6569.9415       1.1026049
       6569.9589       1.1013890
       6569.9763       1.1001987
       6569.9937       1.0992842
       6570.0111       1.0988338
       6570.0286       1.0989364
       6570.0460       1.0995703
       6570.0634       1.1006159
       6570.0808       1.1018842
       6570.0982       1.1031560
       6570.1156       1.1042226
       6570.1330       1.1049227
       6570.1504       1.1051693
       6570.1678       1.1049607
       6570.1852       1.1043742
       6570.2027       1.1035447
       6570.2201       1.1026334
       6570.2375       1.1017963
       6570.2549       1.1011573
       6570.2723       1.1007893
       6570.2897       1.1007059
       6570.3071       1.1008603
       6570.3245       1.1011545
       6570.3419       1.1014570
       6570.3594       1.1016293
       6570.3768       1.1015559
       6570.3942       1.1011712
       6570.4116       1.1004722
       6570.4290       1.0995123
       6570.4464       1.0983760
       6570.4638       1.0971443
       6570.4812       1.0958654
       6570.4986       1.0945453
       6570.5160       1.0931612
       6570.5335       1.0916907
       6570.5509       1.0901397
       6570.5683       1.0885526
       6570.5857       1.0869970
       6570.6031       1.0855372
       6570.6205       1.0842095
       6570.6379       1.0830154
       6570.6553       1.0819336
       6570.6727       1.0809436
       6570.6901       1.0800463
       6570.7076       1.0792719
       6570.7250       1.0786703
       6570.7424       1.0782918
       6570.7598       1.0781652
       6570.7772       1.0782854
       6570.7946       1.0786112
       6570.8120       1.0790743
       6570.8294       1.0795927
       6570.8468       1.0800845
       6570.8642       1.0804783
       6570.8817       1.0807210
       6570.8991       1.0807854
       6570.9165       1.0806793
       6570.9339       1.0804537
       6570.9513       1.0802030
       6570.9687       1.0800510
       6570.9861       1.0801220
       6571.0035       1.0805037
       6571.0209       1.0812192
       6571.0384       1.0822188
       6571.0558       1.0833979
       6571.0732       1.0846300
       6571.0906       1.0857987
       6571.1080       1.0868136
       6571.1254       1.0876083
       6571.1428       1.0881288
       6571.1602       1.0883280
       6571.1776       1.0881732
       6571.1950       1.0876608
       6571.2125       1.0868392
       6571.2299       1.0858040
       6571.2473       1.0846866
       6571.2647       1.0836319
       6571.2821       1.0827721
       6571.2995       1.0822033
       6571.3169       1.0819684
       6571.3343       1.0820488
       6571.3517       1.0823703
       6571.3691       1.0828245
       6571.3866       1.0832986
       6571.4040       1.0837020
       6571.4214       1.0839740
       6571.4388       1.0840695
       6571.4562       1.0839303
       6571.4736       1.0834605
       6571.4910       1.0825257
       6571.5084       1.0809833
       6571.5258       1.0787349
       6571.5432       1.0757803
       6571.5607       1.0722484
       6571.5781       1.0683908
       6571.5955       1.0645390
       6571.6129       1.0610412
       6571.6303       1.0582002
       6571.6477       1.0562302
       6571.6651       1.0552388
       6571.6825       1.0552299
       6571.6999       1.0561177
       6571.7174       1.0577463
       6571.7348       1.0599103
       6571.7522       1.0623796
       6571.7696       1.0649262
       6571.7870       1.0673510
       6571.8044       1.0695066
       6571.8218       1.0713123
       6571.8392       1.0727603
       6571.8566       1.0739141
       6571.8740       1.0748896
       6571.8915       1.0758200
       6571.9089       1.0768151
       6571.9263       1.0779234
       6571.9437       1.0791121
       6571.9611       1.0802783
       6571.9785       1.0812877
       6571.9959       1.0820245
       6572.0133       1.0824320
       6572.0307       1.0825247
       6572.0481       1.0823725
       6572.0656       1.0820682
       6572.0830       1.0816987
       6572.1004       1.0813328
       6572.1178       1.0810262
       6572.1352       1.0808347
       6572.1526       1.0808230
       6572.1700       1.0810592
       6572.1874       1.0815982
       6572.2048       1.0824621
       6572.2222       1.0836285
       6572.2397       1.0850367
       6572.2571       1.0866094
       6572.2745       1.0882809
       6572.2919       1.0900145
       6572.3093       1.0917975
       6572.3267       1.0936141
       6572.3441       1.0954103
       6572.3615       1.0970734
       6572.3789       1.0984434
       6572.3964       1.0993524
       6572.4138       1.0996759
       6572.4312       1.0993686
       6572.4486       1.0984705
       6572.4660       1.0970837
       6572.4834       1.0953366
       6572.5008       1.0933534
       6572.5182       1.0912397
       6572.5356       1.0890760
       6572.5530       1.0869169
       6572.5705       1.0847860
       6572.5879       1.0826710
       6572.6053       1.0805279
       6572.6227       1.0782994
       6572.6401       1.0759448
       6572.6575       1.0734695
       6572.6749       1.0709422
       6572.6923       1.0684899
       6572.7097       1.0662735
       6572.7271       1.0644471
       6572.7446       1.0631150
       6572.7620       1.0622964
       6572.7794       1.0619108
       6572.7968       1.0617907
       6572.8142       1.0617229
       6572.8316       1.0615081
       6572.8490       1.0610202
       6572.8664       1.0602459
       6572.8838       1.0592892
       6572.9012       1.0583401
       6572.9187       1.0576180
       6572.9361       1.0573087
       6572.9535       1.0575143
       6572.9709       1.0582290
       6572.9883       1.0593431
       6573.0057       1.0606734
       6573.0231       1.0620113
       6573.0405       1.0631752
       6573.0579       1.0640560
       6573.0754       1.0646398
       6573.0928       1.0650029
       6573.1102       1.0652762
       6573.1276       1.0655945
       6573.1450       1.0660455
       6573.1624       1.0666371
       6573.1798       1.0672966
       6573.1972       1.0679006
       6573.2146       1.0683192
       6573.2320       1.0684610
       6573.2495       1.0683030
       6573.2669       1.0678954
       6573.2843       1.0673418
       6573.3017       1.0667638
       6573.3191       1.0662663
       6573.3365       1.0659153
       6573.3539       1.0657357
       6573.3713       1.0657240
       6573.3887       1.0658638
       6573.4061       1.0661362
       6573.4236       1.0665196
       6573.4410       1.0669849
       6573.4584       1.0674912
       6573.4758       1.0679887
       6573.4932       1.0684283
       6573.5106       1.0687755
       6573.5280       1.0690233
       6573.5454       1.0692024
       6573.5628       1.0693803
       6573.5802       1.0696477
       6573.5977       1.0700907
       6573.6151       1.0707546
       6573.6325       1.0716140
       6573.6499       1.0725633
       6573.6673       1.0734364
       6573.6847       1.0740526
       6573.7021       1.0742740
       6573.7195       1.0740532
       6573.7369       1.0734558
       6573.7544       1.0726472
       6573.7718       1.0718496
       6573.7892       1.0712824
       6573.8066       1.0711071
       6573.8240       1.0713794
       6573.8414       1.0720503
       6573.8588       1.0729863
       6573.8762       1.0740107
       6573.8936       1.0749499
       6573.9110       1.0756696
       6573.9285       1.0760917
       6573.9459       1.0761922
       6573.9633       1.0759849
       6573.9807       1.0755005
       6573.9981       1.0747713
       6574.0155       1.0738247
       6574.0329       1.0726835
       6574.0503       1.0713690
       6574.0677       1.0699008
       6574.0851       1.0682928
       6574.1026       1.0665493
       6574.1200       1.0646676
       6574.1374       1.0626476
       6574.1548       1.0605072
       6574.1722       1.0582939
       6574.1896       1.0560887
       6574.2070       1.0539970
       6574.2244       1.0521305
       6574.2418       1.0505852
       6574.2592       1.0494214
       6574.2767       1.0486512
       6574.2941       1.0482422
       6574.3115       1.0481381
       6574.3289       1.0482966
       6574.3463       1.0487323
       6574.3637       1.0495472
       6574.3811       1.0509304
       6574.3985       1.0531186
       6574.4159       1.0563244
       6574.4334       1.0606571
       6574.4508       1.0660677
       6574.4682       1.0723175
       6574.4856       1.0790259
       6574.5030       1.0857431
       6574.5204       1.0920315
       6574.5378       1.0975362
       6574.5552       1.1020281
       6574.5726       1.1054152
       6574.5900       1.1077260
       6574.6075       1.1090732
       6574.6249       1.1096066
       6574.6423       1.1094661
       6574.6597       1.1087464
       6574.6771       1.1074826
       6574.6945       1.1056601
       6574.7119       1.1032447
       6574.7293       1.1002198
       6574.7467       1.0966162
       6574.7641       1.0925243
       6574.7816       1.0880830
       6574.7990       1.0834501
       6574.8164       1.0787673
       6574.8338       1.0741304
       6574.8512       1.0695813
       6574.8686       1.0651232
       6574.8860       1.0607572
       6574.9034       1.0565218
       6574.9208       1.0525171
       6574.9382       1.0488999
       6574.9557       1.0458481
       6574.9731       1.0435072
       6574.9905       1.0419417
       6575.0079       1.0411075
       6575.0253       1.0408592
       6575.0427       1.0409847
       6575.0601       1.0412583
       6575.0775       1.0414908
       6575.0949       1.0415627
       6575.1124       1.0414338
       6575.1298       1.0411328
       6575.1472       1.0407314
       6575.1646       1.0403235
       6575.1820       1.0400110
       6575.1994       1.0398938
       6575.2168       1.0400618
       6575.2342       1.0405804
       6575.2516       1.0414739
       6575.2690       1.0427128
       6575.2865       1.0442132
       6575.3039       1.0458543
       6575.3213       1.0475083
       6575.3387       1.0490731
       6575.3561       1.0504927
       6575.3735       1.0517554
       6575.3909       1.0528734
       6575.4083       1.0538515
       6575.4257       1.0546647
       6575.4431       1.0552556
       6575.4606       1.0555569
       6575.4780       1.0555294
       6575.4954       1.0551975
       6575.5128       1.0546642
       6575.5302       1.0540930
       6575.5476       1.0536618
       6575.5650       1.0535049
       6575.5824       1.0536686
       6575.5998       1.0540959
       6575.6172       1.0546465
       6575.6347       1.0551400
       6575.6521       1.0554081
       6575.6695       1.0553405
       6575.6869       1.0549162
       6575.7043       1.0542171
       6575.7217       1.0534173
       6575.7391       1.0527471
       6575.7565       1.0524368
       6575.7739       1.0526383
       6575.7914       1.0533709
       6575.8088       1.0545030
       6575.8262       1.0557819
       6575.8436       1.0569068
       6575.8610       1.0576178
       6575.8784       1.0577681
       6575.8958       1.0573521
       6575.9132       1.0564840
       6575.9306       1.0553425
       6575.9480       1.0541107
       6575.9655       1.0529353
       6575.9829       1.0519166
       6576.0003       1.0511208
       6576.0177       1.0505957
       6576.0351       1.0503774
       6576.0525       1.0504815
       6576.0699       1.0508892
       6576.0873       1.0515374
       6576.1047       1.0523242
       6576.1221       1.0531256
       6576.1396       1.0538208
       6576.1570       1.0543153
       6576.1744       1.0545561
       6576.1918       1.0545367
       6576.2092       1.0542894
       6576.2266       1.0538689
       6576.2440       1.0533332
       6576.2614       1.0527276
       6576.2788       1.0520807
       6576.2962       1.0514120
       6576.3137       1.0507485
       6576.3311       1.0501386
       6576.3485       1.0496549
       6576.3659       1.0493806
       6576.3833       1.0493814
       6576.4007       1.0496763
       6576.4181       1.0502155
       6576.4355       1.0508818
       6576.4529       1.0515197
       6576.4704       1.0519740
       6576.4878       1.0521303
       6576.5052       1.0519408
       6576.5226       1.0514266
       6576.5400       1.0506591
       6576.5574       1.0497325
       6576.5748       1.0487404
       6576.5922       1.0477651
       6576.6096       1.0468774
       6576.6270       1.0461380
       6576.6445       1.0455929
       6576.6619       1.0452628
       6576.6793       1.0451333
       6576.6967       1.0451575
       6576.7141       1.0452704
       6576.7315       1.0454120
       6576.7489       1.0455449
       6576.7663       1.0456594
       6576.7837       1.0457631
       6576.8011       1.0458633
       6576.8186       1.0459501
       6576.8360       1.0459894
       6576.8534       1.0459279
       6576.8708       1.0457069
       6576.8882       1.0452789
       6576.9056       1.0446232
       6576.9230       1.0437539
       6576.9404       1.0427216
       6576.9578       1.0416078
       6576.9752       1.0405148
       6576.9927       1.0395496
       6577.0101       1.0388086
       6577.0275       1.0383614
       6577.0449       1.0382410
       6577.0623       1.0384420
       6577.0797       1.0389180
       6577.0971       1.0395970
       6577.1145       1.0403936
       6577.1319       1.0412233
       6577.1494       1.0420194
       6577.1668       1.0427459
       6577.1842       1.0434018
       6577.2016       1.0440094
       6577.2190       1.0445893
       6577.2364       1.0451306
       6577.2538       1.0455741
       6577.2712       1.0458221
       6577.2886       1.0457777
       6577.3060       1.0453969
       6577.3235       1.0447276
       6577.3409       1.0439125
       6577.3583       1.0431489
       6577.3757       1.0426208
       6577.3931       1.0424327
       6577.4105       1.0425768
       6577.4279       1.0429430
       6577.4453       1.0433670
       6577.4627       1.0436915
       6577.4801       1.0438156
       6577.4976       1.0437162
       6577.5150       1.0434394
       6577.5324       1.0430729
       6577.5498       1.0427101
       6577.5672       1.0424220
       6577.5846       1.0422423
       6577.6020       1.0421693
       6577.6194       1.0421815
       6577.6368       1.0422595
       6577.6542       1.0424032
       6577.6717       1.0426368
       6577.6891       1.0429961
       6577.7065       1.0435050
       6577.7239       1.0441511
       6577.7413       1.0448755
       6577.7587       1.0455853
       6577.7761       1.0461796
       6577.7935       1.0465803
       6577.8109       1.0467534
       6577.8284       1.0467125
       6577.8458       1.0465053
       6577.8632       1.0461905
       6577.8806       1.0458157
       6577.8980       1.0454060
       6577.9154       1.0449643
       6577.9328       1.0444834
       6577.9502       1.0439624
       6577.9676       1.0434210
       6577.9850       1.0429063
       6578.0025       1.0424887
       6578.0199       1.0422496
       6578.0373       1.0422615
       6578.0547       1.0425682
       6578.0721       1.0431692
       6578.0895       1.0440120
       6578.1069       1.0449949
       6578.1243       1.0459844
       6578.1417       1.0468431
       6578.1591       1.0474632
       6578.1766       1.0477948
       6578.1940       1.0478575
       6578.2114       1.0477289
       6578.2288       1.0475145
       6578.2462       1.0473093
       6578.2636       1.0471661
       6578.2810       1.0470801
       6578.2984       1.0469927
       6578.3158       1.0468090
       6578.3332       1.0464224
       6578.3507       1.0457390
       6578.3681       1.0446971
       6578.3855       1.0432916
       6578.4029       1.0415791
       6578.4203       1.0396838
       6578.4377       1.0377906
       6578.4551       1.0361223
       6578.4725       1.0349028
       6578.4899       1.0343091
       6578.5074       1.0344266
       6578.5248       1.0352187
       6578.5422       1.0365251
       6578.5596       1.0380900
       6578.5770       1.0396138
       6578.5944       1.0408150
       6578.6118       1.0414838
       6578.6292       1.0415185
       6578.6466       1.0409351
       6578.6640       1.0398551
       6578.6815       1.0384733
       6578.6989       1.0370162
       6578.7163       1.0356964
       6578.7337       1.0346741
       6578.7511       1.0340298
       6578.7685       1.0337553
       6578.7859       1.0337637
       6578.8033       1.0339186
       6578.8207       1.0340749
       6578.8381       1.0341237
       6578.8556       1.0340258
       6578.8730       1.0338237
       6578.8904       1.0336281
       6578.9078       1.0335802
       6578.9252       1.0338043
       6578.9426       1.0343665
       6578.9600       1.0352520
       6578.9774       1.0363690
       6578.9948       1.0375778
       6579.0122       1.0387316
       6579.0297       1.0397177
       6579.0471       1.0404831
       6579.0645       1.0410338
       6579.0819       1.0414157
       6579.0993       1.0416871
       6579.1167       1.0418964
       6579.1341       1.0420730
       6579.1515       1.0422314
       6579.1689       1.0423815
       6579.1864       1.0425355
       6579.2038       1.0427066
       6579.2212       1.0429019
       6579.2386       1.0431153
       6579.2560       1.0433280
       6579.2734       1.0435154
       6579.2908       1.0436550
       6579.3082       1.0437291
       6579.3256       1.0437200
       6579.3430       1.0436030
       6579.3605       1.0433430
       6579.3779       1.0429016
       6579.3953       1.0422512
       6579.4127       1.0413923
       6579.4301       1.0403643
       6579.4475       1.0392454
       6579.4649       1.0381416
       6579.4823       1.0371661
       6579.4997       1.0364174
       6579.5171       1.0359590
       6579.5346       1.0358105
       6579.5520       1.0359498
       6579.5694       1.0363287
       6579.5868       1.0368950
       6579.6042       1.0376138
       6579.6216       1.0384774
       6579.6390       1.0394996
       6579.6564       1.0406939
       6579.6738       1.0420471
       6579.6912       1.0434959
       6579.7087       1.0449287
       6579.7261       1.0462001
       6579.7435       1.0471609
       6579.7609       1.0476915
       6579.7783       1.0477298
       6579.7957       1.0472884
       6579.8131       1.0464544
       6579.8305       1.0453725
       6579.8479       1.0442128
       6579.8654       1.0431334
       6579.8828       1.0422494
       6579.9002       1.0416204
       6579.9176       1.0412558
       6579.9350       1.0411318
       6579.9524       1.0412066
       6579.9698       1.0414274
       6579.9872       1.0417293
       6580.0046       1.0420340
       6580.0220       1.0422567
       6580.0395       1.0423174
       6580.0569       1.0421513
       6580.0743       1.0417092
       6580.0917       1.0409486
       6580.1091       1.0398261
       6580.1265       1.0383020
       6580.1439       1.0363600
       6580.1613       1.0340345
       6580.1787       1.0314264
       6580.1961       1.0286963
       6580.2136       1.0260325
       6580.2310       1.0236094
       6580.2484       1.0215551
       6580.2658       1.0199433
       6580.2832       1.0188076
       6580.3006       1.0181648
       6580.3180       1.0180303
       6580.3354       1.0184051
       6580.3528       1.0192599
       6580.3702       1.0205183
       6580.3877       1.0220577
       6580.4051       1.0237362
       6580.4225       1.0254300
       6580.4399       1.0270666
       6580.4573       1.0286353
       6580.4747       1.0301742
       6580.4921       1.0317400
       6580.5095       1.0333767
       6580.5269       1.0350950
       6580.5444       1.0368680
       6580.5618       1.0386426
       6580.5792       1.0403585
       6580.5966       1.0419648
       6580.6140       1.0434276
       6580.6314       1.0447275
       6580.6488       1.0458503
       6580.6662       1.0467812
       6580.6836       1.0475057
       6580.7010       1.0480183
       6580.7185       1.0483312
       6580.7359       1.0484773
       6580.7533       1.0485066
       6580.7707       1.0484763
       6580.7881       1.0484415
       6580.8055       1.0484462
       6580.8229       1.0485156
       6580.8403       1.0486493
       6580.8577       1.0488190
       6580.8751       1.0489721
       6580.8926       1.0490417
       6580.9100       1.0489581
       6580.9274       1.0486577
       6580.9448       1.0480883
       6580.9622       1.0472138
       6580.9796       1.0460269
       6580.9970       1.0445676
       6581.0144       1.0429295
       6581.0318       1.0412534
       6581.0492       1.0396969
       6581.0667       1.0383907
       6581.0841       1.0374000
       6581.1015       1.0367095
       6581.1189       1.0362371
       6581.1363       1.0358696
       6581.1537       1.0355028
       6581.1711       1.0350690
       6581.1885       1.0345454
       6581.2059       1.0339443
       6581.2234       1.0332937
       6581.2408       1.0326185
       6581.2582       1.0319281
       6581.2756       1.0312141
       6581.2930       1.0304583
       6581.3104       1.0296456
       6581.3278       1.0287788
       6581.3452       1.0278874
       6581.3626       1.0270283
       6581.3800       1.0262767
       6581.3975       1.0257125
       6581.4149       1.0254052
       6581.4323       1.0254010
       6581.4497       1.0257152
       6581.4671       1.0263285
       6581.4845       1.0271929
       6581.5019       1.0282432
       6581.5193       1.0294159
       6581.5367       1.0306633
       6581.5541       1.0319566
       6581.5716       1.0332731
       6581.5890       1.0345746
       6581.6064       1.0357916
       6581.6238       1.0368271
       6581.6412       1.0375889
       6581.6586       1.0380285
       6581.6760       1.0381701
       6581.6934       1.0381110
       6581.7108       1.0379899
       6581.7282       1.0379372
       6581.7457       1.0380300
       6581.7631       1.0382696
       6581.7805       1.0385902
       6581.7979       1.0388884
       6581.8153       1.0390595
       6581.8327       1.0390263
       6581.8501       1.0387534
       6581.8675       1.0382475
       6581.8849       1.0375471
       6581.9024       1.0367077
       6581.9198       1.0357857
       6581.9372       1.0348251
       6581.9546       1.0338516
       6581.9720       1.0328749
       6581.9894       1.0319002
       6582.0068       1.0309447
       6582.0242       1.0300491
       6582.0416       1.0292797
       6582.0590       1.0287150
       6582.0765       1.0284211
       6582.0939       1.0284252
       6582.1113       1.0286981
       6582.1287       1.0291550
       6582.1461       1.0296776
       6582.1635       1.0301510
       6582.1809       1.0305027
       6582.1983       1.0307284
       6582.2157       1.0308940
       6582.2331       1.0311109
       6582.2506       1.0314932
       6582.2680       1.0321123
       6582.2854       1.0329624
       6582.3028       1.0339513
       6582.3202       1.0349241
       6582.3376       1.0357032
       6582.3550       1.0361372
       6582.3724       1.0361425
       6582.3898       1.0357239
       6582.4072       1.0349686
       6582.4247       1.0340163
       6582.4421       1.0330205
       6582.4595       1.0321148
       6582.4769       1.0313943
       6582.4943       1.0309142
       6582.5117       1.0306967
       6582.5291       1.0307388
       6582.5465       1.0310182
       6582.5639       1.0314985
       6582.5814       1.0321386
       6582.5988       1.0329036
       6582.6162       1.0337729
       6582.6336       1.0347355
       6582.6510       1.0357709
       6582.6684       1.0368226
       6582.6858       1.0377798
       6582.7032       1.0384835
       6582.7206       1.0387617
       6582.7380       1.0384845
       6582.7555       1.0376155
       6582.7729       1.0362368
       6582.7903       1.0345322
       6582.8077       1.0327388
       6582.8251       1.0310867
       6582.8425       1.0297541
       6582.8599       1.0288538
       6582.8773       1.0284474
       6582.8947       1.0285708
       6582.9121       1.0292539
       6582.9296       1.0305238
       6582.9470       1.0323765
       6582.9644       1.0347604
       6582.9818       1.0375519
       6582.9992       1.0405535
       6583.0166       1.0435161
       6583.0340       1.0461847
       6583.0514       1.0483546
       6583.0688       1.0499197
       6583.0862       1.0508918
       6583.1037       1.0513843
       6583.1211       1.0515635
       6583.1385       1.0515900
       6583.1559       1.0515721
       6583.1733       1.0515502
       6583.1907       1.0515138
       6583.2081       1.0514387
       6583.2255       1.0513243
       6583.2429       1.0512102
       6583.2604       1.0511654
       6583.2778       1.0512541
       6583.2952       1.0514947
       6583.3126       1.0518323
       6583.3300       1.0521370
       6583.3474       1.0522312
       6583.3648       1.0519362
       6583.3822       1.0511200
       6583.3996       1.0497314
       6583.4170       1.0478085
       6583.4345       1.0454643
       6583.4519       1.0428554
       6583.4693       1.0401493
       6583.4867       1.0374995
       6583.5041       1.0350345
       6583.5215       1.0328582
       6583.5389       1.0310565
       6583.5563       1.0296994
       6583.5737       1.0288351
       6583.5911       1.0284683
       6583.6086       1.0285380
       6583.6260       1.0289084
       6583.6434       1.0293785
       6583.6608       1.0297212
       6583.6782       1.0297442
       6583.6956       1.0293495
       6583.7130       1.0285647
       6583.7304       1.0275290
       6583.7478       1.0264340
       6583.7652       1.0254457
       6583.7827       1.0246430
       6583.8001       1.0240030
       6583.8175       1.0234389
       6583.8349       1.0228690
       6583.8523       1.0222802
       6583.8697       1.0217556
       6583.8871       1.0214520
       6583.9045       1.0215434
       6583.9219       1.0221561
       6583.9394       1.0233227
       6583.9568       1.0249693
       6583.9742       1.0269343
       6583.9916       1.0290085
       6584.0090       1.0309787
       6584.0264       1.0326655
       6584.0438       1.0339472
       6584.0612       1.0347691
       6584.0786       1.0351426
       6584.0960       1.0351360
       6584.1135       1.0348619
       6584.1309       1.0344579
       6584.1483       1.0340630
       6584.1657       1.0337886
       6584.1831       1.0336910
       6584.2005       1.0337555
       6584.2179       1.0339021
       6584.2353       1.0340115
       6584.2527       1.0339702
       6584.2701       1.0337127
       6584.2876       1.0332434
       6584.3050       1.0326302
       6584.3224       1.0319717
       6584.3398       1.0313537
       6584.3572       1.0308143
       6584.3746       1.0303358
       6584.3920       1.0298644
       6584.4094       1.0293492
       6584.4268       1.0287784
       6584.4442       1.0281968
       6584.4617       1.0276962
       6584.4791       1.0273846
       6584.4965       1.0273474
       6584.5139       1.0276151
       6584.5313       1.0281478
       6584.5487       1.0288387
       6584.5661       1.0295344
       6584.5835       1.0300663
       6584.6009       1.0302842
       6584.6184       1.0300848
       6584.6358       1.0294291
       6584.6532       1.0283491
       6584.6706       1.0269424
       6584.6880       1.0253576
       6584.7054       1.0237703
       6584.7228       1.0223535
       6584.7402       1.0212480
       6584.7576       1.0205430
       6584.7750       1.0202725
       6584.7925       1.0204283
       6584.8099       1.0209804
       6584.8273       1.0218937
       6584.8447       1.0231306
       6584.8621       1.0246413
       6584.8795       1.0263502
       6584.8969       1.0281436
       6584.9143       1.0298788
       6584.9317       1.0314020
       6584.9491       1.0325744
       6584.9666       1.0332968
       6584.9840       1.0335281
       6585.0014       1.0332921
