# Angstrom [air],  flux [abs.cor.cont.sub+1]
       6545.0041       1.0304192
       6545.0215       1.0302098
       6545.0389       1.0299803
       6545.0563       1.0297409
       6545.0737       1.0294921
       6545.0911       1.0292335
       6545.1085       1.0289726
       6545.1259       1.0287288
       6545.1433       1.0285322
       6545.1608       1.0284191
       6545.1782       1.0284289
       6545.1956       1.0286057
       6545.2130       1.0290014
       6545.2304       1.0296790
       6545.2478       1.0307086
       6545.2652       1.0321582
       6545.2826       1.0340801
       6545.3000       1.0364999
       6545.3174       1.0394148
       6545.3349       1.0428043
       6545.3523       1.0466498
       6545.3697       1.0509577
       6545.3871       1.0557745
       6545.4045       1.0611868
       6545.4219       1.0673030
       6545.4393       1.0742232
       6545.4567       1.0820047
       6545.4741       1.0906368
       6545.4915       1.1000301
       6545.5090       1.1100214
       6545.5264       1.1203925
       6545.5438       1.1308947
       6545.5612       1.1412752
       6545.5786       1.1513003
       6545.5960       1.1607721
       6545.6134       1.1695352
       6545.6308       1.1774735
       6545.6482       1.1844983
       6545.6656       1.1905327
       6545.6831       1.1954994
       6545.7005       1.1993147
       6545.7179       1.2018946
       6545.7353       1.2031625
       6545.7527       1.2030564
       6545.7701       1.2015286
       6545.7875       1.1985417
       6545.8049       1.1940626
       6545.8223       1.1880625
       6545.8397       1.1805242
       6545.8572       1.1714534
       6545.8746       1.1608916
       6545.8920       1.1489236
       6545.9094       1.1356805
       6545.9268       1.1213386
       6545.9442       1.1061149
       6545.9616       1.0902590
       6545.9790       1.0740393
       6545.9964       1.0577259
       6546.0138       1.0415728
       6546.0313       1.0258044
       6546.0487       1.0106100
       6546.0661      0.99614397
       6546.0835      0.98252983
       6546.1009      0.96986382
       6546.1183      0.95821910
       6546.1357      0.94765110
       6546.1531      0.93820515
       6546.1705      0.92992464
       6546.1879      0.92285691
       6546.2054      0.91705404
       6546.2228      0.91256833
       6546.2402      0.90944456
       6546.2576      0.90771190
       6546.2750      0.90737780
       6546.2924      0.90842447
       6546.3098      0.91080713
       6546.3272      0.91445814
       6546.3446      0.91927203
       6546.3620      0.92511613
       6546.3795      0.93183492
       6546.3969      0.93925314
       6546.4143      0.94718370
       6546.4317      0.95543608
       6546.4491      0.96382308
       6546.4665      0.97216526
       6546.4839      0.98029361
       6546.5013      0.98805320
       6546.5187      0.99530958
       6546.5361       1.0019583
       6546.5536       1.0079341
       6546.5710       1.0132158
       6546.5884       1.0178218
       6546.6058       1.0217981
       6546.6232       1.0252000
       6546.6406       1.0280766
       6546.6580       1.0304623
       6546.6754       1.0323787
       6546.6928       1.0338447
       6546.7102       1.0348895
       6546.7277       1.0355620
       6546.7451       1.0359329
       6546.7625       1.0360884
       6546.7799       1.0361196
       6546.7973       1.0361103
       6546.8147       1.0361278
       6546.8321       1.0362175
       6546.8495       1.0364027
       6546.8669       1.0366876
       6546.8843       1.0370614
       6546.9018       1.0375049
       6546.9192       1.0379947
       6546.9366       1.0385080
       6546.9540       1.0390242
       6546.9714       1.0395252
       6546.9888       1.0399919
       6547.0062       1.0403992
       6547.0236       1.0407108
       6547.0410       1.0408782
       6547.0584       1.0408454
       6547.0759       1.0405608
       6547.0933       1.0399905
       6547.1107       1.0391314
       6547.1281       1.0380178
       6547.1455       1.0367215
       6547.1629       1.0353443
       6547.1803       1.0340047
       6547.1977       1.0328209
       6547.2151       1.0318941
       6547.2325       1.0312950
       6547.2500       1.0310575
       6547.2674       1.0311803
       6547.2848       1.0316349
       6547.3022       1.0323756
       6547.3196       1.0333467
       6547.3370       1.0344853
       6547.3544       1.0357199
       6547.3718       1.0369708
       6547.3892       1.0381552
       6547.4066       1.0392000
       6547.4241       1.0400574
       6547.4415       1.0407172
       6547.4589       1.0412105
       6547.4763       1.0416015
       6547.4937       1.0419685
       6547.5111       1.0423822
       6547.5285       1.0428868
       6547.5459       1.0434912
       6547.5633       1.0441731
       6547.5807       1.0448938
       6547.5982       1.0456161
       6547.6156       1.0463185
       6547.6330       1.0469982
       6547.6504       1.0476655
       6547.6678       1.0483312
       6547.6852       1.0489974
       6547.7026       1.0496563
       6547.7200       1.0502952
       6547.7374       1.0509021
       6547.7548       1.0514690
       6547.7723       1.0519872
       6547.7897       1.0524402
       6547.8071       1.0527972
       6547.8245       1.0530144
       6547.8419       1.0530428
       6547.8593       1.0528409
       6547.8767       1.0523838
       6547.8941       1.0516641
       6547.9115       1.0506840
       6547.9289       1.0494408
       6547.9464       1.0479167
       6547.9638       1.0460780
       6547.9812       1.0438873
       6547.9986       1.0413256
       6548.0160       1.0384164
       6548.0334       1.0352432
       6548.0508       1.0319550
       6548.0682       1.0287577
       6548.0856       1.0258912
       6548.1030       1.0235962
       6548.1205       1.0220748
       6548.1379       1.0214539
       6548.1553       1.0217591
       6548.1727       1.0229093
       6548.1901       1.0247330
       6548.2075       1.0270042
       6548.2249       1.0294868
       6548.2423       1.0319730
       6548.2597       1.0343085
       6548.2771       1.0363973
       6548.2946       1.0381954
       6548.3120       1.0396983
       6548.3294       1.0409226
       6548.3468       1.0418967
       6548.3642       1.0426561
       6548.3816       1.0432400
       6548.3990       1.0436915
       6548.4164       1.0440559
       6548.4338       1.0443793
       6548.4512       1.0447042
       6548.4687       1.0450648
       6548.4861       1.0454837
       6548.5035       1.0459723
       6548.5209       1.0465362
       6548.5383       1.0471807
       6548.5557       1.0479135
       6548.5731       1.0487435
       6548.5905       1.0496743
       6548.6079       1.0506991
       6548.6253       1.0517986
       6548.6428       1.0529444
       6548.6602       1.0541037
       6548.6776       1.0552421
       6548.6950       1.0563244
       6548.7124       1.0573129
       6548.7298       1.0581683
       6548.7472       1.0588537
       6548.7646       1.0593420
       6548.7820       1.0596233
       6548.7994       1.0597082
       6548.8169       1.0596254
       6548.8343       1.0594123
       6548.8517       1.0591027
       6548.8691       1.0587153
       6548.8865       1.0582476
       6548.9039       1.0576785
       6548.9213       1.0569799
       6548.9387       1.0561330
       6548.9561       1.0551453
       6548.9735       1.0540581
       6548.9910       1.0529413
       6549.0084       1.0518789
       6549.0258       1.0509471
       6549.0432       1.0501955
       6549.0606       1.0496369
       6549.0780       1.0492505
       6549.0954       1.0489960
       6549.1128       1.0488325
       6549.1302       1.0487329
       6549.1476       1.0486881
       6549.1651       1.0486986
       6549.1825       1.0487613
       6549.1999       1.0488598
       6549.2173       1.0489639
       6549.2347       1.0490400
       6549.2521       1.0490637
       6549.2695       1.0490299
       6549.2869       1.0489523
       6549.3043       1.0488562
       6549.3217       1.0487670
       6549.3392       1.0487025
       6549.3566       1.0486695
       6549.3740       1.0486654
       6549.3914       1.0486826
       6549.4088       1.0487126
       6549.4262       1.0487508
       6549.4436       1.0487998
       6549.4610       1.0488704
       6549.4784       1.0489792
       6549.4958       1.0491447
       6549.5133       1.0493814
       6549.5307       1.0496974
       6549.5481       1.0500950
       6549.5655       1.0505724
       6549.5829       1.0511246
       6549.6003       1.0517385
       6549.6177       1.0523874
       6549.6351       1.0530287
       6549.6525       1.0536093
       6549.6699       1.0540798
       6549.6874       1.0544122
       6549.7048       1.0546115
       6549.7222       1.0547151
       6549.7396       1.0547786
       6549.7570       1.0548531
       6549.7744       1.0549643
       6549.7918       1.0551031
       6549.8092       1.0552297
       6549.8266       1.0552895
       6549.8440       1.0552331
       6549.8615       1.0550337
       6549.8789       1.0546952
       6549.8963       1.0542505
       6549.9137       1.0537526
       6549.9311       1.0532603
       6549.9485       1.0528255
       6549.9659       1.0524832
       6549.9833       1.0522494
       6550.0007       1.0521246
       6550.0181       1.0521016
       6550.0356       1.0521715
       6550.0530       1.0523273
       6550.0704       1.0525612
       6550.0878       1.0528591
       6550.1052       1.0531958
       6550.1226       1.0535336
       6550.1400       1.0538257
       6550.1574       1.0540255
       6550.1748       1.0540976
       6550.1922       1.0540285
       6550.2097       1.0538327
       6550.2271       1.0535500
       6550.2445       1.0532360
       6550.2619       1.0529456
       6550.2793       1.0527159
       6550.2967       1.0525573
       6550.3141       1.0524553
       6550.3315       1.0523813
       6550.3489       1.0523100
       6550.3663       1.0522348
       6550.3838       1.0521765
       6550.4012       1.0521804
       6550.4186       1.0523026
       6550.4360       1.0525902
       6550.4534       1.0530619
       6550.4708       1.0536947
       6550.4882       1.0544240
       6550.5056       1.0551568
       6550.5230       1.0557958
       6550.5404       1.0562657
       6550.5579       1.0565330
       6550.5753       1.0566105
       6550.5927       1.0565475
       6550.6101       1.0564096
       6550.6275       1.0562586
       6550.6449       1.0561390
       6550.6623       1.0560752
       6550.6797       1.0560756
       6550.6971       1.0561396
       6550.7145       1.0562635
       6550.7320       1.0564458
       6550.7494       1.0566898
       6550.7668       1.0570023
       6550.7842       1.0573874
       6550.8016       1.0578349
       6550.8190       1.0583107
       6550.8364       1.0587545
       6550.8538       1.0590910
       6550.8712       1.0592531
       6550.8886       1.0592065
       6550.9061       1.0589690
       6550.9235       1.0586087
       6550.9409       1.0582247
       6550.9583       1.0579207
       6550.9757       1.0577794
       6550.9931       1.0578481
       6551.0105       1.0581364
       6551.0279       1.0586245
       6551.0453       1.0592751
       6551.0627       1.0600437
       6551.0802       1.0608845
       6551.0976       1.0617529
       6551.1150       1.0626054
       6551.1324       1.0634011
       6551.1498       1.0641028
       6551.1672       1.0646791
       6551.1846       1.0651064
       6551.2020       1.0653684
       6551.2194       1.0654567
       6551.2368       1.0653705
       6551.2543       1.0651167
       6551.2717       1.0647116
       6551.2891       1.0641811
       6551.3065       1.0635640
       6551.3239       1.0629124
       6551.3413       1.0622908
       6551.3587       1.0617682
       6551.3761       1.0614041
       6551.3935       1.0612299
       6551.4109       1.0612349
       6551.4284       1.0613624
       6551.4458       1.0615230
       6551.4632       1.0616215
       6551.4806       1.0615885
       6551.4980       1.0614042
       6551.5154       1.0611046
       6551.5328       1.0607658
       6551.5502       1.0604755
       6551.5676       1.0602986
       6551.5850       1.0602594
       6551.6025       1.0603419
       6551.6199       1.0605073
       6551.6373       1.0607170
       6551.6547       1.0609496
       6551.6721       1.0612046
       6551.6895       1.0614940
       6551.7069       1.0618287
       6551.7243       1.0622083
       6551.7417       1.0626186
       6551.7591       1.0630359
       6551.7766       1.0634362
       6551.7940       1.0638010
       6551.8114       1.0641196
       6551.8288       1.0643853
       6551.8462       1.0645882
       6551.8636       1.0647073
       6551.8810       1.0647058
       6551.8984       1.0645330
       6551.9158       1.0641319
       6551.9332       1.0634517
       6551.9507       1.0624593
       6551.9681       1.0611447
       6551.9855       1.0595169
       6552.0029       1.0575960
       6552.0203       1.0554079
       6552.0377       1.0529909
       6552.0551       1.0504134
       6552.0725       1.0477965
       6552.0899       1.0453256
       6552.1073       1.0432394
       6552.1248       1.0417928
       6552.1422       1.0412036
       6552.1596       1.0415989
       6552.1770       1.0429800
       6552.1944       1.0452185
       6552.2118       1.0480677
       6552.2292       1.0512194
       6552.2466       1.0543593
       6552.2640       1.0572178
       6552.2814       1.0596110
       6552.2989       1.0614619
       6552.3163       1.0627993
       6552.3337       1.0637380
       6552.3511       1.0644439
       6552.3685       1.0650944
       6552.3859       1.0658412
       6552.4033       1.0667847
       6552.4207       1.0679614
       6552.4381       1.0693473
       6552.4555       1.0708729
       6552.4730       1.0724444
       6552.4904       1.0739687
       6552.5078       1.0753732
       6552.5252       1.0766200
       6552.5426       1.0777108
       6552.5600       1.0786834
       6552.5774       1.0796016
       6552.5948       1.0805403
       6552.6122       1.0815682
       6552.6296       1.0827311
       6552.6471       1.0840384
       6552.6645       1.0854552
       6552.6819       1.0869056
       6552.6993       1.0882861
       6552.7167       1.0894876
       6552.7341       1.0904180
       6552.7515       1.0910193
       6552.7689       1.0912739
       6552.7863       1.0911998
       6552.8037       1.0908405
       6552.8212       1.0902527
       6552.8386       1.0894969
       6552.8560       1.0886313
       6552.8734       1.0877070
       6552.8908       1.0867645
       6552.9082       1.0858301
       6552.9256       1.0849123
       6552.9430       1.0839993
       6552.9604       1.0830628
       6552.9778       1.0820667
       6552.9953       1.0809823
       6553.0127       1.0798026
       6553.0301       1.0785509
       6553.0475       1.0772767
       6553.0649       1.0760388
       6553.0823       1.0748825
       6553.0997       1.0738191
       6553.1171       1.0728190
       6553.1345       1.0718212
       6553.1519       1.0707581
       6553.1694       1.0695862
       6553.1868       1.0683113
       6553.2042       1.0669969
       6553.2216       1.0657537
       6553.2390       1.0647111
       6553.2564       1.0639836
       6553.2738       1.0636432
       6553.2912       1.0637084
       6553.3086       1.0641493
       6553.3260       1.0649064
       6553.3435       1.0659114
       6553.3609       1.0671041
       6553.3783       1.0684383
       6553.3957       1.0698793
       6553.4131       1.0713934
       6553.4305       1.0729371
       6553.4479       1.0744517
       6553.4653       1.0758674
       6553.4827       1.0771186
       6553.5001       1.0781619
       6553.5176       1.0789978
       6553.5350       1.0796726
       6553.5524       1.0802680
       6553.5698       1.0808789
       6553.5872       1.0815873
       6553.6046       1.0824413
       6553.6220       1.0834463
       6553.6394       1.0845686
       6553.6568       1.0857482
       6553.6742       1.0869147
       6553.6917       1.0880027
       6553.7091       1.0889634
       6553.7265       1.0897719
       6553.7439       1.0904285
       6553.7613       1.0909539
       6553.7787       1.0913792
       6553.7961       1.0917324
       6553.8135       1.0920289
       6553.8309       1.0922670
       6553.8483       1.0924331
       6553.8658       1.0925120
       6553.8832       1.0924971
       6553.9006       1.0923963
       6553.9180       1.0922298
       6553.9354       1.0920219
       6553.9528       1.0917902
       6553.9702       1.0915385
       6553.9876       1.0912545
       6554.0050       1.0909145
       6554.0224       1.0904932
       6554.0399       1.0899771
       6554.0573       1.0893763
       6554.0747       1.0887324
       6554.0921       1.0881184
       6554.1095       1.0876266
       6554.1269       1.0873478
       6554.1443       1.0873460
       6554.1617       1.0876352
       6554.1791       1.0881680
       6554.1966       1.0888456
       6554.2140       1.0895368
       6554.2314       1.0901038
       6554.2488       1.0904281
       6554.2662       1.0904304
       6554.2836       1.0900850
       6554.3010       1.0894262
       6554.3184       1.0885445
       6554.3358       1.0875717
       6554.3532       1.0866562
       6554.3707       1.0859329
       6554.3881       1.0854993
       6554.4055       1.0854043
       6554.4229       1.0856526
       6554.4403       1.0862208
       6554.4577       1.0870746
       6554.4751       1.0881798
       6554.4925       1.0895022
       6554.5099       1.0910004
       6554.5273       1.0926201
       6554.5448       1.0942967
       6554.5622       1.0959689
       6554.5796       1.0975994
       6554.5970       1.0991921
       6554.6144       1.1007980
       6554.6318       1.1025038
       6554.6492       1.1044094
       6554.6666       1.1065998
       6554.6840       1.1091234
       6554.7014       1.1119820
       6554.7189       1.1151323
       6554.7363       1.1184959
       6554.7537       1.1219731
       6554.7711       1.1254564
       6554.7885       1.1288408
       6554.8059       1.1320314
       6554.8233       1.1349514
       6554.8407       1.1375449
       6554.8581       1.1397812
       6554.8755       1.1416578
       6554.8930       1.1431989
       6554.9104       1.1444471
       6554.9278       1.1454474
       6554.9452       1.1462286
       6554.9626       1.1467867
       6554.9800       1.1470790
       6554.9974       1.1470299
       6555.0148       1.1465482
       6555.0322       1.1455481
       6555.0496       1.1439698
       6555.0671       1.1417918
       6555.0845       1.1390346
       6555.1019       1.1357567
       6555.1193       1.1320442
       6555.1367       1.1279967
       6555.1541       1.1237103
       6555.1715       1.1192629
       6555.1889       1.1147057
       6555.2063       1.1100647
       6555.2237       1.1053539
       6555.2412       1.1005939
       6555.2586       1.0958286
       6555.2760       1.0911303
       6555.2934       1.0865922
       6555.3108       1.0823097
       6555.3282       1.0783618
       6555.3456       1.0747986
       6555.3630       1.0716414
       6555.3804       1.0688938
       6555.3978       1.0665579
       6555.4153       1.0646465
       6555.4327       1.0631862
       6555.4501       1.0622112
       6555.4675       1.0617454
       6555.4849       1.0617882
       6555.5023       1.0623113
       6555.5197       1.0632610
       6555.5371       1.0645677
       6555.5545       1.0661583
       6555.5719       1.0679637
       6555.5894       1.0699223
       6555.6068       1.0719784
       6555.6242       1.0740797
       6555.6416       1.0761759
       6555.6590       1.0782206
       6555.6764       1.0801737
       6555.6938       1.0820042
       6555.7112       1.0836908
       6555.7286       1.0852233
       6555.7460       1.0866042
       6555.7635       1.0878517
       6555.7809       1.0889990
       6555.7983       1.0900872
       6555.8157       1.0911476
       6555.8331       1.0921809
       6555.8505       1.0931438
       6555.8679       1.0939540
       6555.8853       1.0945173
       6555.9027       1.0947662
       6555.9201       1.0946940
       6555.9376       1.0943651
       6555.9550       1.0938990
       6555.9724       1.0934344
       6555.9898       1.0930901
       6556.0072       1.0929394
       6556.0246       1.0930028
       6556.0420       1.0932580
       6556.0594       1.0936571
       6556.0768       1.0941452
       6556.0942       1.0946745
       6556.1117       1.0952145
       6556.1291       1.0957571
       6556.1465       1.0963144
       6556.1639       1.0969113
       6556.1813       1.0975714
       6556.1987       1.0983040
       6556.2161       1.0990952
       6556.2335       1.0999082
       6556.2509       1.1006947
       6556.2683       1.1014099
       6556.2858       1.1020274
       6556.3032       1.1025459
       6556.3206       1.1029856
       6556.3380       1.1033751
       6556.3554       1.1037363
       6556.3728       1.1040710
       6556.3902       1.1043565
       6556.4076       1.1045478
       6556.4250       1.1045853
       6556.4424       1.1044039
       6556.4599       1.1039428
       6556.4773       1.1031537
       6556.4947       1.1020114
       6556.5121       1.1005224
       6556.5295       1.0987295
       6556.5469       1.0967068
       6556.5643       1.0945459
       6556.5817       1.0923369
       6556.5991       1.0901564
       6556.6165       1.0880672
       6556.6340       1.0861329
       6556.6514       1.0844362
       6556.6688       1.0830884
       6556.6862       1.0822199
       6556.7036       1.0819495
       6556.7210       1.0823449
       6556.7384       1.0833909
       6556.7558       1.0849826
       6556.7732       1.0869407
       6556.7906       1.0890592
       6556.8081       1.0911522
       6556.8255       1.0930862
       6556.8429       1.0947913
       6556.8603       1.0962531
       6556.8777       1.0974940
       6556.8951       1.0985547
       6556.9125       1.0994818
       6556.9299       1.1003228
       6556.9473       1.1011248
       6556.9647       1.1019328
       6556.9822       1.1027867
       6556.9996       1.1037164
       6557.0170       1.1047374
       6557.0344       1.1058491
       6557.0518       1.1070364
       6557.0692       1.1082747
       6557.0866       1.1095367
       6557.1040       1.1107981
       6557.1214       1.1120425
       6557.1388       1.1132634
       6557.1563       1.1144638
       6557.1737       1.1156549
       6557.1911       1.1168519
       6557.2085       1.1180687
       6557.2259       1.1193101
       6557.2433       1.1205634
       6557.2607       1.1217921
       6557.2781       1.1229361
       6557.2955       1.1239238
       6557.3129       1.1246918
       6557.3304       1.1252086
       6557.3478       1.1254885
       6557.3652       1.1255886
       6557.3826       1.1255867
       6557.4000       1.1255495
       6557.4174       1.1255045
       6557.4348       1.1254280
       6557.4522       1.1252594
       6557.4696       1.1249280
       6557.4870       1.1243848
       6557.5045       1.1236240
       6557.5219       1.1226893
       6557.5393       1.1216641
       6557.5567       1.1206509
       6557.5741       1.1197457
       6557.5915       1.1190154
       6557.6089       1.1184844
       6557.6263       1.1181353
       6557.6437       1.1179264
       6557.6611       1.1178169
       6557.6786       1.1177911
       6557.6960       1.1178674
       6557.7134       1.1180876
       6557.7308       1.1184909
       6557.7482       1.1190866
       6557.7656       1.1198398
       6557.7830       1.1206776
       6557.8004       1.1215130
       6557.8178       1.1222747
       6557.8352       1.1229296
       6557.8527       1.1234893
       6557.8701       1.1239995
       6557.8875       1.1245204
       6557.9049       1.1251050
       6557.9223       1.1257826
       6557.9397       1.1265498
       6557.9571       1.1273688
       6557.9745       1.1281734
       6557.9919       1.1288820
       6558.0093       1.1294183
       6558.0268       1.1297351
       6558.0442       1.1298330
       6558.0616       1.1297660
       6558.0790       1.1296305
       6558.0964       1.1295335
       6558.1138       1.1295611
       6558.1312       1.1297580
       6558.1486       1.1301246
       6558.1660       1.1306329
       6558.1834       1.1312496
       6558.2009       1.1319521
       6558.2183       1.1327312
       6558.2357       1.1335799
       6558.2531       1.1344794
       6558.2705       1.1353951
       6558.2879       1.1362867
       6558.3053       1.1371296
       6558.3227       1.1379324
       6558.3401       1.1387378
       6558.3575       1.1396028
       6558.3750       1.1405655
       6558.3924       1.1416170
       6558.4098       1.1426921
       6558.4272       1.1436872
       6558.4446       1.1444959
       6558.4620       1.1450468
       6558.4794       1.1453255
       6558.4968       1.1453759
       6558.5142       1.1452805
       6558.5316       1.1451347
       6558.5491       1.1450241
       6558.5665       1.1450136
       6558.5839       1.1451473
       6558.6013       1.1454549
       6558.6187       1.1459597
       6558.6361       1.1466841
       6558.6535       1.1476499
       6558.6709       1.1488749
       6558.6883       1.1503670
       6558.7057       1.1521175
       6558.7232       1.1540978
       6558.7406       1.1562616
       6558.7580       1.1585533
       6558.7754       1.1609191
       6558.7928       1.1633179
       6558.8102       1.1657277
       6558.8276       1.1681449
       6558.8450       1.1705781
       6558.8624       1.1730386
       6558.8798       1.1755323
       6558.8973       1.1780545
       6558.9147       1.1805895
       6558.9321       1.1831128
       6558.9495       1.1855958
       6558.9669       1.1880092
       6558.9843       1.1903253
       6559.0017       1.1925180
       6559.0191       1.1945614
       6559.0365       1.1964278
       6559.0539       1.1980866
       6559.0714       1.1995023
       6559.0888       1.2006330
       6559.1062       1.2014277
       6559.1236       1.2018264
       6559.1410       1.2017656
       6559.1584       1.2011903
       6559.1758       1.2000718
       6559.1932       1.1984205
       6559.2106       1.1962900
       6559.2280       1.1937651
       6559.2455       1.1909390
       6559.2629       1.1878891
       6559.2803       1.1846625
       6559.2977       1.1812781
       6559.3151       1.1777428
       6559.3325       1.1740742
       6559.3499       1.1703174
       6559.3673       1.1665502
       6559.3847       1.1628808
       6559.4021       1.1594300
       6559.4196       1.1563175
       6559.4370       1.1536470
       6559.4544       1.1514922
       6559.4718       1.1498861
       6559.4892       1.1488147
       6559.5066       1.1482220
       6559.5240       1.1480260
       6559.5414       1.1481439
       6559.5588       1.1485191
       6559.5762       1.1491393
       6559.5937       1.1500390
       6559.6111       1.1512847
       6559.6285       1.1529461
       6559.6459       1.1550673
       6559.6633       1.1576475
       6559.6807       1.1606410
       6559.6981       1.1639773
       6559.7155       1.1675901
       6559.7329       1.1714415
       6559.7503       1.1755262
       6559.7678       1.1798536
       6559.7852       1.1844139
       6559.8026       1.1891470
       6559.8200       1.1939298
       6559.8374       1.1985927
       6559.8548       1.2029588
       6559.8722       1.2068940
       6559.8896       1.2103449
       6559.9070       1.2133528
       6559.9244       1.2160354
       6559.9419       1.2185460
       6559.9593       1.2210255
       6559.9767       1.2235645
       6559.9941       1.2261882
       6560.0115       1.2288655
       6560.0289       1.2315325
       6560.0463       1.2341208
       6560.0637       1.2365779
       6560.0811       1.2388724
       6560.0985       1.2409910
       6560.1160       1.2429304
       6560.1334       1.2446933
       6560.1508       1.2462906
       6560.1682       1.2477487
       6560.1856       1.2491160
       6560.2030       1.2504597
       6560.2204       1.2518531
       6560.2378       1.2533530
       6560.2552       1.2549803
       6560.2726       1.2567106
       6560.2901       1.2584810
       6560.3075       1.2602082
       6560.3249       1.2618098
       6560.3423       1.2632200
       6560.3597       1.2643968
       6560.3771       1.2653223
       6560.3945       1.2660001
       6560.4119       1.2664538
       6560.4293       1.2667281
       6560.4467       1.2668894
       6560.4642       1.2670257
       6560.4816       1.2672422
       6560.4990       1.2676535
       6560.5164       1.2683728
       6560.5338       1.2695008
       6560.5512       1.2711199
       6560.5686       1.2732907
       6560.5860       1.2760534
       6560.6034       1.2794270
       6560.6208       1.2834069
       6560.6383       1.2879613
       6560.6557       1.2930321
       6560.6731       1.2985447
       6560.6905       1.3044146
       6560.7079       1.3105707
       6560.7253       1.3169582
       6560.7427       1.3235348
       6560.7601       1.3302608
       6560.7775       1.3370904
       6560.7949       1.3439728
       6560.8124       1.3508639
       6560.8298       1.3577432
       6560.8472       1.3646272
       6560.8646       1.3715715
       6560.8820       1.3786595
       6560.8994       1.3859803
       6560.9168       1.3936037
       6560.9342       1.4015620
       6560.9516       1.4098445
       6560.9690       1.4184068
       6560.9865       1.4271934
       6561.0039       1.4361632
       6561.0213       1.4453092
       6561.0387       1.4546655
       6561.0561       1.4642974
       6561.0735       1.4742805
       6561.0909       1.4846744
       6561.1083       1.4955020
       6561.1257       1.5067419
       6561.1431       1.5183366
       6561.1606       1.5302153
       6561.1780       1.5423231
       6561.1954       1.5546447
       6561.2128       1.5672147
       6561.2302       1.5801107
       6561.2476       1.5934319
       6561.2650       1.6072743
       6561.2824       1.6217114
       6561.2998       1.6367867
       6561.3172       1.6525188
       6561.3347       1.6689071
       6561.3521       1.6859391
       6561.3695       1.7035929
       6561.3869       1.7218289
       6561.4043       1.7405823
       6561.4217       1.7597581
       6561.4391       1.7792360
       6561.4565       1.7988836
       6561.4739       1.8185776
       6561.4913       1.8382256
       6561.5088       1.8577824
       6561.5262       1.8772526
       6561.5436       1.8966767
       6561.5610       1.9161026
       6561.5784       1.9355508
       6561.5958       1.9549860
       6561.6132       1.9743062
       6561.6306       1.9933533
       6561.6480       2.0119426
       6561.6654       2.0299023
       6561.6829       2.0471099
       6561.7003       2.0635161
       6561.7177       2.0791494
       6561.7351       2.0941012
       6561.7525       2.1084962
       6561.7699       2.1224567
       6561.7873       2.1360707
       6561.8047       2.1493739
       6561.8221       2.1623485
       6561.8395       2.1749402
       6561.8570       2.1870854
       6561.8744       2.1987410
       6561.8918       2.2099072
       6561.9092       2.2206352
       6561.9266       2.2310172
       6561.9440       2.2411619
       6561.9614       2.2511609
       6561.9788       2.2610599
       6561.9962       2.2708350
       6562.0136       2.2804041
       6562.0311       2.2896487
       6562.0485       2.2984507
       6562.0659       2.3067265
       6562.0833       2.3144486
       6562.1007       2.3216503
       6562.1181       2.3284152
       6562.1355       2.3348575
       6562.1529       2.3411023
       6562.1703       2.3472678
       6562.1877       2.3534537
       6562.2052       2.3597373
       6562.2226       2.3661795
       6562.2400       2.3728386
       6562.2574       2.3797879
       6562.2748       2.3871285
       6562.2922       2.3949911
       6562.3096       2.4035251
       6562.3270       2.4128793
       6562.3444       2.4231826
       6562.3618       2.4345307
       6562.3793       2.4469813
       6562.3967       2.4605530
       6562.4141       2.4752239
       6562.4315       2.4909298
       6562.4489       2.5075613
       6562.4663       2.5249682
       6562.4837       2.5429719
       6562.5011       2.5613854
       6562.5185       2.5800321
       6562.5359       2.5987569
       6562.5534       2.6174236
       6562.5708       2.6359017
       6562.5882       2.6540502
       6562.6056       2.6717074
       6562.6230       2.6886870
       6562.6404       2.7047890
       6562.6578       2.7198075
       6562.6752       2.7335322
       6562.6926       2.7457476
       6562.7100       2.7562319
       6562.7275       2.7647576
       6562.7449       2.7710991
       6562.7623       2.7750413
       6562.7797       2.7763890
       6562.7971       2.7749744
       6562.8145       2.7706646
       6562.8319       2.7633702
       6562.8493       2.7530558
       6562.8667       2.7397499
       6562.8841       2.7235512
       6562.9016       2.7046301
       6562.9190       2.6832294
       6562.9364       2.6596643
       6562.9538       2.6343201
       6562.9712       2.6076430
       6562.9886       2.5801150
       6563.0060       2.5522156
       6563.0234       2.5243778
       6563.0408       2.4969518
       6563.0582       2.4701903
       6563.0757       2.4442538
       6563.0931       2.4192298
       6563.1105       2.3951528
       6563.1279       2.3720160
       6563.1453       2.3497765
       6563.1627       2.3283618
       6563.1801       2.3076850
       6563.1975       2.2876705
       6563.2149       2.2682813
       6563.2323       2.2495357
       6563.2498       2.2315021
       6563.2672       2.2142726
       6563.2846       2.1979246
       6563.3020       2.1824772
       6563.3194       2.1678833
       6563.3368       2.1540344
       6563.3542       2.1407849
       6563.3716       2.1279812
       6563.3890       2.1154830
       6563.4064       2.1031726
       6563.4239       2.0909578
       6563.4413       2.0787726
       6563.4587       2.0665829
       6563.4761       2.0543912
       6563.4935       2.0422352
       6563.5109       2.0301717
       6563.5283       2.0182465
       6563.5457       2.0064623
       6563.5631       1.9947573
       6563.5805       1.9830118
       6563.5980       1.9710843
       6563.6154       1.9588689
       6563.6328       1.9463528
       6563.6502       1.9336501
       6563.6676       1.9209945
       6563.6850       1.9086889
       6563.7024       1.8970245
       6563.7198       1.8861965
       6563.7372       1.8762439
       6563.7546       1.8670325
       6563.7721       1.8582858
       6563.7895       1.8496494
       6563.8069       1.8407654
       6563.8243       1.8313318
       6563.8417       1.8211336
       6563.8591       1.8100441
       6563.8765       1.7980096
       6563.8939       1.7850294
       6563.9113       1.7711416
       6563.9287       1.7564103
       6563.9462       1.7409313
       6563.9636       1.7248122
       6563.9810       1.7081643
       6563.9984       1.6910975
       6564.0158       1.6737212
       6564.0332       1.6561499
       6564.0506       1.6385071
       6564.0680       1.6209253
       6564.0854       1.6035367
       6564.1028       1.5864601
       6564.1203       1.5697866
       6564.1377       1.5535699
       6564.1551       1.5378222
       6564.1725       1.5225183
       6564.1899       1.5076075
       6564.2073       1.4930340
       6564.2247       1.4787621
       6564.2421       1.4647988
       6564.2595       1.4512031
       6564.2769       1.4380760
       6564.2944       1.4255313
       6564.3118       1.4136597
       6564.3292       1.4024993
       6564.3466       1.3920243
       6564.3640       1.3821555
       6564.3814       1.3727829
       6564.3988       1.3637900
       6564.4162       1.3550701
       6564.4336       1.3465339
       6564.4510       1.3381114
       6564.4685       1.3297536
       6564.4859       1.3214385
       6564.5033       1.3131775
       6564.5207       1.3050193
       6564.5381       1.2970464
       6564.5555       1.2893639
       6564.5729       1.2820849
       6564.5903       1.2753144
       6564.6077       1.2691322
       6564.6251       1.2635906
       6564.6426       1.2587070
       6564.6600       1.2544586
       6564.6774       1.2507793
       6564.6948       1.2475617
       6564.7122       1.2446673
       6564.7296       1.2419471
       6564.7470       1.2392672
       6564.7644       1.2365325
       6564.7818       1.2337000
       6564.7992       1.2307783
       6564.8167       1.2278135
       6564.8341       1.2248677
       6564.8515       1.2219974
       6564.8689       1.2192380
       6564.8863       1.2165988
       6564.9037       1.2140680
       6564.9211       1.2116255
       6564.9385       1.2092594
       6564.9559       1.2069788
       6564.9733       1.2048173
       6564.9908       1.2028231
       6565.0082       1.2010381
       6565.0256       1.1994751
       6565.0430       1.1981027
       6565.0604       1.1968452
       6565.0778       1.1956001
       6565.0952       1.1942654
       6565.1126       1.1927671
       6565.1300       1.1910786
       6565.1474       1.1892265
       6565.1649       1.1872831
       6565.1823       1.1853487
       6565.1997       1.1835274
       6565.2171       1.1819032
       6565.2345       1.1805217
       6565.2519       1.1793767
       6565.2693       1.1784186
       6565.2867       1.1775702
       6565.3041       1.1767492
       6565.3215       1.1758894
       6565.3390       1.1749529
       6565.3564       1.1739317
       6565.3738       1.1728386
       6565.3912       1.1716962
       6565.4086       1.1705258
       6565.4260       1.1693433
       6565.4434       1.1681615
       6565.4608       1.1669959
       6565.4782       1.1658685
       6565.4956       1.1648075
       6565.5131       1.1638387
       6565.5305       1.1629749
       6565.5479       1.1622076
       6565.5653       1.1615090
       6565.5827       1.1608445
       6565.6001       1.1601915
       6565.6175       1.1595558
       6565.6349       1.1589777
       6565.6523       1.1585233
       6565.6697       1.1582641
       6565.6872       1.1582515
       6565.7046       1.1584938
       6565.7220       1.1589443
       6565.7394       1.1595038
       6565.7568       1.1600381
       6565.7742       1.1604075
       6565.7916       1.1604996
       6565.8090       1.1602543
       6565.8264       1.1596746
       6565.8438       1.1588169
       6565.8613       1.1577673
       6565.8787       1.1566131
       6565.8961       1.1554223
       6565.9135       1.1542359
       6565.9309       1.1530744
       6565.9483       1.1519498
       6565.9657       1.1508747
       6565.9831       1.1498649
       6566.0005       1.1489342
       6566.0179       1.1480885
       6566.0354       1.1473236
       6566.0528       1.1466301
       6566.0702       1.1460033
       6566.0876       1.1454535
       6566.1050       1.1450107
       6566.1224       1.1447177
       6566.1398       1.1446167
       6566.1572       1.1447319
       6566.1746       1.1450590
       6566.1920       1.1455639
       6566.2095       1.1461925
       6566.2269       1.1468843
       6566.2443       1.1475843
       6566.2617       1.1482485
       6566.2791       1.1488410
       6566.2965       1.1493295
       6566.3139       1.1496789
       6566.3313       1.1498513
       6566.3487       1.1498081
       6566.3661       1.1495165
       6566.3836       1.1489562
       6566.4010       1.1481249
       6566.4184       1.1470414
       6566.4358       1.1457457
       6566.4532       1.1442956
       6566.4706       1.1427594
       6566.4880       1.1412073
       6566.5054       1.1397025
       6566.5228       1.1382954
       6566.5402       1.1370240
       6566.5577       1.1359122
       6566.5751       1.1349754
       6566.5925       1.1342188
       6566.6099       1.1336324
       6566.6273       1.1331872
       6566.6447       1.1328350
       6566.6621       1.1325179
       6566.6795       1.1321838
       6566.6969       1.1318035
       6566.7143       1.1313809
       6566.7318       1.1309519
       6566.7492       1.1305711
       6566.7666       1.1302916
       6566.7840       1.1301434
       6566.8014       1.1301198
       6566.8188       1.1301752
       6566.8362       1.1302379
       6566.8536       1.1302322
       6566.8710       1.1301043
       6566.8884       1.1298397
       6566.9059       1.1294684
       6566.9233       1.1290528
       6566.9407       1.1286668
       6566.9581       1.1283741
       6566.9755       1.1282128
       6566.9929       1.1281920
       6567.0103       1.1282961
       6567.0277       1.1284925
       6567.0451       1.1287385
       6567.0625       1.1289850
       6567.0800       1.1291786
       6567.0974       1.1292655
       6567.1148       1.1291973
       6567.1322       1.1289375
       6567.1496       1.1284689
       6567.1670       1.1277979
       6567.1844       1.1269549
       6567.2018       1.1259932
       6567.2192       1.1249821
       6567.2366       1.1239970
       6567.2541       1.1231115
       6567.2715       1.1223889
       6567.2889       1.1218760
       6567.3063       1.1216011
       6567.3237       1.1215729
       6567.3411       1.1217799
       6567.3585       1.1221882
       6567.3759       1.1227379
       6567.3933       1.1233427
       6567.4107       1.1238979
       6567.4282       1.1242982
       6567.4456       1.1244628
       6567.4630       1.1243589
       6567.4804       1.1240121
       6567.4978       1.1235008
       6567.5152       1.1229340
       6567.5326       1.1224236
       6567.5500       1.1220595
       6567.5674       1.1218941
       6567.5848       1.1219363
       6567.6023       1.1221541
       6567.6197       1.1224832
       6567.6371       1.1228404
       6567.6545       1.1231412
       6567.6719       1.1233168
       6567.6893       1.1233269
       6567.7067       1.1231651
       6567.7241       1.1228566
       6567.7415       1.1224524
       6567.7589       1.1220206
       6567.7764       1.1216377
       6567.7938       1.1213774
       6567.8112       1.1212978
       6567.8286       1.1214272
       6567.8460       1.1217560
       6567.8634       1.1222328
       6567.8808       1.1227782
       6567.8982       1.1232995
       6567.9156       1.1237096
       6567.9330       1.1239418
       6567.9505       1.1239598
       6567.9679       1.1237635
       6567.9853       1.1233886
       6568.0027       1.1229006
       6568.0201       1.1223803
       6568.0375       1.1219054
       6568.0549       1.1215304
       6568.0723       1.1212748
       6568.0897       1.1211217
       6568.1071       1.1210283
       6568.1246       1.1209423
       6568.1420       1.1208188
       6568.1594       1.1206324
       6568.1768       1.1203838
       6568.1942       1.1201010
       6568.2116       1.1198363
       6568.2290       1.1196578
       6568.2464       1.1196390
       6568.2638       1.1198464
       6568.2812       1.1203333
       6568.2987       1.1211395
       6568.3161       1.1222990
       6568.3335       1.1238485
       6568.3509       1.1258305
       6568.3683       1.1282873
       6568.3857       1.1312488
       6568.4031       1.1347178
       6568.4205       1.1386620
       6568.4379       1.1430154
       6568.4553       1.1476890
       6568.4728       1.1525861
       6568.4902       1.1576163
       6568.5076       1.1627065
       6568.5250       1.1678014
       6568.5424       1.1728588
       6568.5598       1.1778438
       6568.5772       1.1827201
       6568.5946       1.1874415
       6568.6120       1.1919429
       6568.6294       1.1961336
       6568.6469       1.1998962
       6568.6643       1.2030937
       6568.6817       1.2055846
       6568.6991       1.2072409
       6568.7165       1.2079653
       6568.7339       1.2077011
       6568.7513       1.2064340
       6568.7687       1.2041886
       6568.7861       1.2010186
       6568.8035       1.1969960
       6568.8210       1.1921998
       6568.8384       1.1867062
       6568.8558       1.1805846
       6568.8732       1.1738997
       6568.8906       1.1667189
       6568.9080       1.1591228
       6568.9254       1.1512109
       6568.9428       1.1431009
       6568.9602       1.1349180
       6568.9776       1.1267787
       6568.9951       1.1187752
       6569.0125       1.1109650
       6569.0299       1.1033724
       6569.0473       1.0959989
       6569.0647       1.0888405
       6569.0821       1.0819051
       6569.0995       1.0752251
       6569.1169       1.0688618
       6569.1343       1.0629024
       6569.1517       1.0574511
       6569.1692       1.0526125
       6569.1866       1.0484812
       6569.2040       1.0451308
       6569.2214       1.0426090
       6569.2388       1.0409361
       6569.2562       1.0401073
       6569.2736       1.0400956
       6569.2910       1.0408528
       6569.3084       1.0423096
       6569.3258       1.0443771
       6569.3433       1.0469528
       6569.3607       1.0499318
       6569.3781       1.0532191
       6569.3955       1.0567388
       6569.4129       1.0604344
       6569.4303       1.0642602
       6569.4477       1.0681667
       6569.4651       1.0720876
       6569.4825       1.0759335
       6569.5000       1.0795972
       6569.5174       1.0829703
       6569.5348       1.0859642
       6569.5522       1.0885294
       6569.5696       1.0906629
       6569.5870       1.0924024
       6569.6044       1.0938089
       6569.6218       1.0949464
       6569.6392       1.0958666
       6569.6566       1.0966047
       6569.6741       1.0971842
       6569.6915       1.0976269
       6569.7089       1.0979591
       6569.7263       1.0982117
       6569.7437       1.0984130
       6569.7611       1.0985802
       6569.7785       1.0987157
       6569.7959       1.0988105
       6569.8133       1.0988574
       6569.8307       1.0988628
       6569.8482       1.0988532
       6569.8656       1.0988717
       6569.8830       1.0989644
       6569.9004       1.0991619
       6569.9178       1.0994653
       6569.9352       1.0998406
       6569.9526       1.1002259
       6569.9700       1.1005489
       6569.9874       1.1007500
       6570.0048       1.1008030
       6570.0223       1.1007281
       6570.0397       1.1005906
       6570.0571       1.1004849
       6570.0745       1.1005071
       6570.0919       1.1007234
       6570.1093       1.1011440
       6570.1267       1.1017127
       6570.1441       1.1023170
       6570.1615       1.1028175
       6570.1789       1.1030872
       6570.1964       1.1030477
       6570.2138       1.1026885
       6570.2312       1.1020634
       6570.2486       1.1012684
       6570.2660       1.1004088
       6570.2834       1.0995707
       6570.3008       1.0988047
       6570.3182       1.0981252
       6570.3356       1.0975200
       6570.3530       1.0969639
       6570.3705       1.0964265
       6570.3879       1.0958742
       6570.4053       1.0952683
       6570.4227       1.0945671
       6570.4401       1.0937346
       6570.4575       1.0927573
       6570.4749       1.0916584
       6570.4923       1.0904994
       6570.5097       1.0893680
       6570.5271       1.0883559
       6570.5446       1.0875339
       6570.5620       1.0869356
       6570.5794       1.0865539
       6570.5968       1.0863498
       6570.6142       1.0862671
       6570.6316       1.0862470
       6570.6490       1.0862382
       6570.6664       1.0862028
       6570.6838       1.0861189
       6570.7012       1.0859847
       6570.7187       1.0858211
       6570.7361       1.0856733
       6570.7535       1.0856042
       6570.7709       1.0856793
       6570.7883       1.0859443
       6570.8057       1.0864034
       6570.8231       1.0870091
       6570.8405       1.0876696
       6570.8579       1.0882752
       6570.8753       1.0887317
       6570.8928       1.0889900
       6570.9102       1.0890566
       6570.9276       1.0889835
       6570.9450       1.0888402
       6570.9624       1.0886811
       6570.9798       1.0885220
       6570.9972       1.0883363
       6571.0146       1.0880701
       6571.0320       1.0876716
       6571.0494       1.0871200
       6571.0669       1.0864423
       6571.0843       1.0857118
       6571.1017       1.0850294
       6571.1191       1.0844941
       6571.1365       1.0841741
       6571.1539       1.0840911
       6571.1713       1.0842170
       6571.1887       1.0844857
       6571.2061       1.0848125
       6571.2235       1.0851162
       6571.2410       1.0853362
       6571.2584       1.0854412
       6571.2758       1.0854275
       6571.2932       1.0853124
       6571.3106       1.0851223
       6571.3280       1.0848820
       6571.3454       1.0846048
       6571.3628       1.0842843
       6571.3802       1.0838909
       6571.3976       1.0833730
       6571.4151       1.0826638
       6571.4325       1.0816934
       6571.4499       1.0804040
       6571.4673       1.0787650
       6571.4847       1.0767866
       6571.5021       1.0745285
       6571.5195       1.0721022
       6571.5369       1.0696647
       6571.5543       1.0674031
       6571.5717       1.0655112
       6571.5892       1.0641613
       6571.6066       1.0634770
       6571.6240       1.0635129
       6571.6414       1.0642458
       6571.6588       1.0655815
       6571.6762       1.0673731
       6571.6936       1.0694480
       6571.7110       1.0716348
       6571.7284       1.0737847
       6571.7458       1.0757843
       6571.7633       1.0775599
       6571.7807       1.0790763
       6571.7981       1.0803268
       6571.8155       1.0813249
       6571.8329       1.0820969
       6571.8503       1.0826772
       6571.8677       1.0831047
       6571.8851       1.0834216
       6571.9025       1.0836722
       6571.9199       1.0839026
       6571.9374       1.0841603
       6571.9548       1.0844941
       6571.9722       1.0849504
       6571.9896       1.0855670
       6572.0070       1.0863632
       6572.0244       1.0873319
       6572.0418       1.0884386
       6572.0592       1.0896302
       6572.0766       1.0908506
       6572.0940       1.0920563
       6572.1115       1.0932220
       6572.1289       1.0943368
       6572.1463       1.0953926
       6572.1637       1.0963757
       6572.1811       1.0972669
       6572.1985       1.0980496
       6572.2159       1.0987177
       6572.2333       1.0992767
       6572.2507       1.0997338
       6572.2681       1.1000834
       6572.2856       1.1002949
       6572.3030       1.1003133
       6572.3204       1.1000730
       6572.3378       1.0995193
       6572.3552       1.0986300
       6572.3726       1.0974246
       6572.3900       1.0959584
       6572.4074       1.0943025
       6572.4248       1.0925191
       6572.4422       1.0906414
       6572.4597       1.0886685
       6572.4771       1.0865767
       6572.4945       1.0843398
       6572.5119       1.0819531
       6572.5293       1.0794500
       6572.5467       1.0769047
       6572.5641       1.0744208
       6572.5815       1.0721064
       6572.5989       1.0700467
       6572.6163       1.0682815
       6572.6338       1.0667968
       6572.6512       1.0655337
       6572.6686       1.0644107
       6572.6860       1.0633525
       6572.7034       1.0623149
       6572.7208       1.0612972
       6572.7382       1.0603388
       6572.7556       1.0595008
       6572.7730       1.0588404
       6572.7904       1.0583876
       6572.8079       1.0581312
       6572.8253       1.0580200
       6572.8427       1.0579780
       6572.8601       1.0579278
       6572.8775       1.0578165
       6572.8949       1.0576346
       6572.9123       1.0574225
       6572.9297       1.0572628
       6572.9471       1.0572601
       6572.9645       1.0575140
       6572.9820       1.0580935
       6572.9994       1.0590187
       6573.0168       1.0602540
       6573.0342       1.0617128
       6573.0516       1.0632716
       6573.0690       1.0647911
       6573.0864       1.0661432
       6573.1038       1.0672332
       6573.1212       1.0680146
       6573.1386       1.0684924
       6573.1561       1.0687140
       6573.1735       1.0687503
       6573.1909       1.0686738
       6573.2083       1.0685405
       6573.2257       1.0683819
       6573.2431       1.0682063
       6573.2605       1.0680079
       6573.2779       1.0677758
       6573.2953       1.0675005
       6573.3127       1.0671766
       6573.3302       1.0668062
       6573.3476       1.0664046
       6573.3650       1.0660103
       6573.3824       1.0656904
       6573.3998       1.0655378
       6573.4172       1.0656515
       6573.4346       1.0661066
       6573.4520       1.0669230
       6573.4694       1.0680474
       6573.4868       1.0693595
       6573.5043       1.0707014
       6573.5217       1.0719207
       6573.5391       1.0729109
       6573.5565       1.0736335
       6573.5739       1.0741172
       6573.5913       1.0744352
       6573.6087       1.0746742
       6573.6261       1.0749075
       6573.6435       1.0751792
       6573.6609       1.0755027
       6573.6784       1.0758678
       6573.6958       1.0762509
       6573.7132       1.0766231
       6573.7306       1.0769537
       6573.7480       1.0772110
       6573.7654       1.0773600
       6573.7828       1.0773606
       6573.8002       1.0771692
       6573.8176       1.0767460
       6573.8350       1.0760662
       6573.8525       1.0751335
       6573.8699       1.0739874
       6573.8873       1.0727010
       6573.9047       1.0713645
       6573.9221       1.0700617
       6573.9395       1.0688466
       6573.9569       1.0677309
       6573.9743       1.0666871
       6573.9917       1.0656666
       6574.0091       1.0646249
       6574.0266       1.0635437
       6574.0440       1.0624423
       6574.0614       1.0613760
       6574.0788       1.0604239
       6574.0962       1.0596704
       6574.1136       1.0591864
       6574.1310       1.0590124
       6574.1484       1.0591465
       6574.1658       1.0595393
       6574.1832       1.0600966
       6574.2007       1.0606930
       6574.2181       1.0611948
       6574.2355       1.0614903
       6574.2529       1.0615218
       6574.2703       1.0613110
       6574.2877       1.0609730
       6574.3051       1.0607130
       6574.3225       1.0608049
       6574.3399       1.0615522
       6574.3573       1.0632400
       6574.3748       1.0660610
       6574.3922       1.0700670
       6574.4096       1.0751439
       6574.4270       1.0810138
       6574.4444       1.0872750
       6574.4618       1.0934691
       6574.4792       1.0991561
       6574.4966       1.1039796
       6574.5140       1.1077063
       6574.5314       1.1102359
       6574.5489       1.1115828
       6574.5663       1.1118411
       6574.5837       1.1111440
       6574.6011       1.1096284
       6574.6185       1.1074142
       6574.6359       1.1045982
       6574.6533       1.1012617
       6574.6707       1.0974840
       6574.6881       1.0933560
       6574.7055       1.0889862
       6574.7230       1.0844999
       6574.7404       1.0800301
       6574.7578       1.0757043
       6574.7752       1.0716307
       6574.7926       1.0678873
       6574.8100       1.0645166
       6574.8274       1.0615276
       6574.8448       1.0589024
       6574.8622       1.0566063
       6574.8796       1.0545948
       6574.8971       1.0528186
       6574.9145       1.0512223
       6574.9319       1.0497441
       6574.9493       1.0483172
       6574.9667       1.0468766
       6574.9841       1.0453720
       6575.0015       1.0437827
       6575.0189       1.0421289
       6575.0363       1.0404733
       6575.0537       1.0389102
       6575.0712       1.0375466
       6575.0886       1.0364809
       6575.1060       1.0357868
       6575.1234       1.0355075
       6575.1408       1.0356578
       6575.1582       1.0362299
       6575.1756       1.0371956
       6575.1930       1.0385062
       6575.2104       1.0400889
       6575.2278       1.0418486
       6575.2453       1.0436771
       6575.2627       1.0454706
       6575.2801       1.0471476
       6575.2975       1.0486608
       6575.3149       1.0499964
       6575.3323       1.0511608
       6575.3497       1.0521622
       6575.3671       1.0529964
       6575.3845       1.0536454
       6575.4019       1.0540881
       6575.4194       1.0543174
       6575.4368       1.0543538
       6575.4542       1.0542480
       6575.4716       1.0540727
       6575.4890       1.0539062
       6575.5064       1.0538157
       6575.5238       1.0538437
       6575.5412       1.0540009
       6575.5586       1.0542668
       6575.5760       1.0545980
       6575.5935       1.0549425
       6575.6109       1.0552558
       6575.6283       1.0555126
       6575.6457       1.0557099
       6575.6631       1.0558618
       6575.6805       1.0559909
       6575.6979       1.0561194
       6575.7153       1.0562648
       6575.7327       1.0564383
       6575.7501       1.0566443
       6575.7676       1.0568790
       6575.7850       1.0571289
       6575.8024       1.0573729
       6575.8198       1.0575870
       6575.8372       1.0577504
       6575.8546       1.0578521
       6575.8720       1.0578922
       6575.8894       1.0578792
       6575.9068       1.0578230
       6575.9242       1.0577274
       6575.9417       1.0575855
       6575.9591       1.0573823
       6575.9765       1.0571020
       6575.9939       1.0567386
       6576.0113       1.0563024
       6576.0287       1.0558205
       6576.0461       1.0553292
       6576.0635       1.0548637
       6576.0809       1.0544501
       6576.0983       1.0541017
       6576.1158       1.0538211
       6576.1332       1.0536043
       6576.1506       1.0534423
       6576.1680       1.0533213
       6576.1854       1.0532213
       6576.2028       1.0531174
       6576.2202       1.0529840
       6576.2376       1.0528003
       6576.2550       1.0525557
       6576.2724       1.0522511
       6576.2899       1.0518973
       6576.3073       1.0515125
       6576.3247       1.0511192
       6576.3421       1.0507399
       6576.3595       1.0503926
       6576.3769       1.0500849
       6576.3943       1.0498092
       6576.4117       1.0495434
       6576.4291       1.0492559
       6576.4465       1.0489158
       6576.4640       1.0485018
       6576.4814       1.0480087
       6576.4988       1.0474493
       6576.5162       1.0468545
       6576.5336       1.0462731
       6576.5510       1.0457698
       6576.5684       1.0454192
       6576.5858       1.0452897
       6576.6032       1.0454211
       6576.6206       1.0458022
       6576.6381       1.0463614
       6576.6555       1.0469788
       6576.6729       1.0475198
       6576.6903       1.0478785
       6576.7077       1.0480130
       6576.7251       1.0479568
       6576.7425       1.0478020
       6576.7599       1.0476626
       6576.7773       1.0476328
       6576.7947       1.0477587
       6576.8122       1.0480291
       6576.8296       1.0483863
       6576.8470       1.0487470
       6576.8644       1.0490245
       6576.8818       1.0491462
       6576.8992       1.0490650
       6576.9166       1.0487664
       6576.9340       1.0482715
       6576.9514       1.0476371
       6576.9688       1.0469480
       6576.9863       1.0463033
       6577.0037       1.0457945
       6577.0211       1.0454869
       6577.0385       1.0454047
       6577.0559       1.0455266
       6577.0733       1.0457903
       6577.0907       1.0461065
       6577.1081       1.0463793
       6577.1255       1.0465272
       6577.1429       1.0465001
       6577.1604       1.0462873
       6577.1778       1.0459132
       6577.1952       1.0454232
       6577.2126       1.0448666
       6577.2300       1.0442845
       6577.2474       1.0437077
       6577.2648       1.0431645
       6577.2822       1.0426888
       6577.2996       1.0423226
       6577.3170       1.0421070
       6577.3345       1.0420659
       6577.3519       1.0421904
       6577.3693       1.0424332
       6577.3867       1.0427189
       6577.4041       1.0429647
       6577.4215       1.0431050
       6577.4389       1.0431083
       6577.4563       1.0429822
       6577.4737       1.0427650
       6577.4911       1.0425115
       6577.5086       1.0422772
       6577.5260       1.0421067
       6577.5434       1.0420270
       6577.5608       1.0420440
       6577.5782       1.0421411
       6577.5956       1.0422828
       6577.6130       1.0424243
       6577.6304       1.0425277
       6577.6478       1.0425818
       6577.6652       1.0426131
       6577.6827       1.0426829
       6577.7001       1.0428668
       6577.7175       1.0432244
       6577.7349       1.0437716
       6577.7523       1.0444668
       6577.7697       1.0452192
       6577.7871       1.0459151
       6577.8045       1.0464518
       6577.8219       1.0467666
       6577.8393       1.0468515
       6577.8568       1.0467498
       6577.8742       1.0465397
       6577.8916       1.0463106
       6577.9090       1.0461404
       6577.9264       1.0460776
       6577.9438       1.0461341
       6577.9612       1.0462872
       6577.9786       1.0464918
       6577.9960       1.0466976
       6578.0134       1.0468669
       6578.0309       1.0469848
       6578.0483       1.0470611
       6578.0657       1.0471220
       6578.0831       1.0471973
       6578.1005       1.0473070
       6578.1179       1.0474531
       6578.1353       1.0476181
       6578.1527       1.0477698
       6578.1701       1.0478709
       6578.1875       1.0478889
       6578.2050       1.0478041
       6578.2224       1.0476136
       6578.2398       1.0473304
       6578.2572       1.0469792
       6578.2746       1.0465889
       6578.2920       1.0461827
       6578.3094       1.0457696
       6578.3268       1.0453402
       6578.3442       1.0448705
       6578.3616       1.0443331
       6578.3791       1.0437126
       6578.3965       1.0430190
       6578.4139       1.0422922
       6578.4313       1.0415935
       6578.4487       1.0409881
       6578.4661       1.0405238
       6578.4835       1.0402142
       6578.5009       1.0400350
       6578.5183       1.0399340
       6578.5357       1.0398516
       6578.5532       1.0397429
       6578.5706       1.0395932
       6578.5880       1.0394216
       6578.6054       1.0392717
       6578.6228       1.0391952
       6578.6402       1.0392323
       6578.6576       1.0393963
       6578.6750       1.0396652
       6578.6924       1.0399832
       6578.7098       1.0402731
       6578.7273       1.0404553
       6578.7447       1.0404689
       6578.7621       1.0402881
       6578.7795       1.0399282
       6578.7969       1.0394408
       6578.8143       1.0389001
       6578.8317       1.0383852
       6578.8491       1.0379621
       6578.8665       1.0376694
       6578.8839       1.0375114
       6578.9014       1.0374614
       6578.9188       1.0374734
       6578.9362       1.0375001
       6578.9536       1.0375101
       6578.9710       1.0374961
       6578.9884       1.0374725
       6579.0058       1.0374632
       6579.0232       1.0374877
       6579.0406       1.0375492
       6579.0580       1.0376321
       6579.0755       1.0377079
       6579.0929       1.0377469
       6579.1103       1.0377316
       6579.1277       1.0376656
       6579.1451       1.0375750
       6579.1625       1.0375038
       6579.1799       1.0375027
       6579.1973       1.0376165
       6579.2147       1.0378700
       6579.2321       1.0382586
       6579.2496       1.0387440
       6579.2670       1.0392613
       6579.2844       1.0397349
       6579.3018       1.0401025
       6579.3192       1.0403347
       6579.3366       1.0404435
       6579.3540       1.0404757
       6579.3714       1.0404923
       6579.3888       1.0405453
       6579.4062       1.0406597
       6579.4237       1.0408279
       6579.4411       1.0410155
       6579.4585       1.0411763
       6579.4759       1.0412697
       6579.4933       1.0412761
       6579.5107       1.0412067
       6579.5281       1.0411054
       6579.5455       1.0410423
       6579.5629       1.0411009
       6579.5803       1.0413590
       6579.5978       1.0418633
       6579.6152       1.0426132
       6579.6326       1.0435514
       6579.6500       1.0445691
       6579.6674       1.0455288
       6579.6848       1.0462974
       6579.7022       1.0467779
       6579.7196       1.0469276
       6579.7370       1.0467572
       6579.7544       1.0463130
       6579.7719       1.0456548
       6579.7893       1.0448405
       6579.8067       1.0439223
       6579.8241       1.0429524
       6579.8415       1.0419880
       6579.8589       1.0410891
       6579.8763       1.0403068
       6579.8937       1.0396682
       6579.9111       1.0391660
       6579.9285       1.0387596
       6579.9460       1.0383894
       6579.9634       1.0379992
       6579.9808       1.0375596
       6579.9982       1.0370817
       6580.0156       1.0366178
       6580.0330       1.0362449
       6580.0504       1.0360377
       6580.0678       1.0360373
       6580.0852       1.0362277
       6580.1026       1.0365290
       6580.1201       1.0368117
       6580.1375       1.0369278
       6580.1549       1.0367496
       6580.1723       1.0362032
       6580.1897       1.0352850
       6580.2071       1.0340593
       6580.2245       1.0326390
       6580.2419       1.0311631
       6580.2593       1.0297703
       6580.2767       1.0285865
       6580.2942       1.0277189
       6580.3116       1.0272522
       6580.3290       1.0272425
       6580.3464       1.0277062
       6580.3638       1.0286106
       6580.3812       1.0298703
       6580.3986       1.0313572
       6580.4160       1.0329240
       6580.4334       1.0344359
       6580.4508       1.0357987
       6580.4683       1.0369748
       6580.4857       1.0379818
       6580.5031       1.0388746
       6580.5205       1.0397202
       6580.5379       1.0405744
       6580.5553       1.0414665
       6580.5727       1.0423957
       6580.5901       1.0433367
       6580.6075       1.0442506
       6580.6249       1.0450975
       6580.6424       1.0458466
       6580.6598       1.0464826
       6580.6772       1.0470059
       6580.6946       1.0474271
       6580.7120       1.0477593
       6580.7294       1.0480085
       6580.7468       1.0481696
       6580.7642       1.0482275
       6580.7816       1.0481664
       6580.7990       1.0479806
       6580.8165       1.0476822
       6580.8339       1.0472997
       6580.8513       1.0468679
       6580.8687       1.0464118
       6580.8861       1.0459337
       6580.9035       1.0454099
       6580.9209       1.0448005
       6580.9383       1.0440667
       6580.9557       1.0431873
       6580.9731       1.0421682
       6580.9906       1.0410383
       6581.0080       1.0398355
       6581.0254       1.0385890
       6581.0428       1.0373068
       6581.0602       1.0359760
       6581.0776       1.0345747
       6581.0950       1.0330914
       6581.1124       1.0315415
       6581.1298       1.0299741
       6581.1472       1.0284649
       6581.1647       1.0270983
       6581.1821       1.0259465
       6581.1995       1.0250528
       6581.2169       1.0244254
       6581.2343       1.0240420
       6581.2517       1.0238631
       6581.2691       1.0238485
       6581.2865       1.0239728
       6581.3039       1.0242349
       6581.3213       1.0246572
       6581.3388       1.0252750
       6581.3562       1.0261165
       6581.3736       1.0271824
       6581.3910       1.0284321
       6581.4084       1.0297856
       6581.4258       1.0311384
       6581.4432       1.0323859
       6581.4606       1.0334454
       6581.4780       1.0342682
       6581.4954       1.0348404
       6581.5129       1.0351763
       6581.5303       1.0353092
       6581.5477       1.0352892
       6581.5651       1.0351779
       6581.5825       1.0350462
       6581.5999       1.0349675
       6581.6173       1.0350043
       6581.6347       1.0351930
       6581.6521       1.0355325
       6581.6695       1.0359831
       6581.6870       1.0364783
       6581.7044       1.0369451
       6581.7218       1.0373261
       6581.7392       1.0375930
       6581.7566       1.0377502
       6581.7740       1.0378258
       6581.7914       1.0378584
       6581.8088       1.0378831
       6581.8262       1.0379222
       6581.8436       1.0379801
       6581.8611       1.0380441
       6581.8785       1.0380881
       6581.8959       1.0380809
       6581.9133       1.0379965
       6581.9307       1.0378243
       6581.9481       1.0375753
       6581.9655       1.0372806
       6581.9829       1.0369828
       6582.0003       1.0367226
       6582.0177       1.0365271
       6582.0352       1.0364043
       6582.0526       1.0363445
       6582.0700       1.0363267
       6582.0874       1.0363251
       6582.1048       1.0363149
       6582.1222       1.0362761
       6582.1396       1.0361986
       6582.1570       1.0360862
       6582.1744       1.0359587
       6582.1918       1.0358479
       6582.2093       1.0357855
       6582.2267       1.0357888
       6582.2441       1.0358505
       6582.2615       1.0359389
       6582.2789       1.0360087
       6582.2963       1.0360177
       6582.3137       1.0359415
       6582.3311       1.0357801
       6582.3485       1.0355547
       6582.3659       1.0352996
       6582.3834       1.0350536
       6582.4008       1.0348539
       6582.4182       1.0347331
       6582.4356       1.0347173
       6582.4530       1.0348248
       6582.4704       1.0350630
       6582.4878       1.0354256
       6582.5052       1.0358899
       6582.5226       1.0364171
       6582.5400       1.0369554
       6582.5575       1.0374486
       6582.5749       1.0378492
       6582.5923       1.0381324
       6582.6097       1.0383063
       6582.6271       1.0384121
       6582.6445       1.0385125
       6582.6619       1.0386697
       6582.6793       1.0389205
       6582.6967       1.0392600
       6582.7141       1.0396399
       6582.7316       1.0399855
       6582.7490       1.0402249
       6582.7664       1.0403191
       6582.7838       1.0402808
       6582.8012       1.0401737
       6582.8186       1.0400935
       6582.8360       1.0401400
       6582.8534       1.0403885
       6582.8708       1.0408741
       6582.8882       1.0415918
       6582.9057       1.0425061
       6582.9231       1.0435673
       6582.9405       1.0447248
       6582.9579       1.0459362
       6582.9753       1.0471694
       6582.9927       1.0484013
       6583.0101       1.0496144
       6583.0275       1.0507930
       6583.0449       1.0519197
       6583.0623       1.0529723
       6583.0798       1.0539228
       6583.0972       1.0547399
       6583.1146       1.0553948
       6583.1320       1.0558693
       6583.1494       1.0561605
       6583.1668       1.0562802
       6583.1842       1.0562473
       6583.2016       1.0560768
       6583.2190       1.0557713
       6583.2364       1.0553184
       6583.2539       1.0546971
       6583.2713       1.0538882
       6583.2887       1.0528866
       6583.3061       1.0517081
       6583.3235       1.0503904
       6583.3409       1.0489865
       6583.3583       1.0475535
       6583.3757       1.0461404
       6583.3931       1.0447773
       6583.4105       1.0434708
       6583.4280       1.0422034
       6583.4454       1.0409394
       6583.4628       1.0396350
       6583.4802       1.0382495
       6583.4976       1.0367602
       6583.5150       1.0351737
       6583.5324       1.0335287
       6583.5498       1.0318926
       6583.5672       1.0303473
       6583.5846       1.0289689
       6583.6021       1.0278086
       6583.6195       1.0268823
       6583.6369       1.0261719
       6583.6543       1.0256365
       6583.6717       1.0252274
       6583.6891       1.0248999
       6583.7065       1.0246209
       6583.7239       1.0243738
       6583.7413       1.0241644
       6583.7587       1.0240235
       6583.7762       1.0240055
       6583.7936       1.0241759
       6583.8110       1.0245916
       6583.8284       1.0252788
       6583.8458       1.0262204
       6583.8632       1.0273573
       6583.8806       1.0286047
       6583.8980       1.0298761
       6583.9154       1.0311065
       6583.9328       1.0322641
       6583.9503       1.0333496
       6583.9677       1.0343816
       6583.9851       1.0353766
       6584.0025       1.0363304
       6584.0199       1.0372098
       6584.0373       1.0379585
       6584.0547       1.0385145
       6584.0721       1.0388342
       6584.0895       1.0389114
       6584.1069       1.0387847
       6584.1244       1.0385279
       6584.1418       1.0382283
       6584.1592       1.0379592
       6584.1766       1.0377597
       6584.1940       1.0376299
       6584.2114       1.0375400
       6584.2288       1.0374485
       6584.2462       1.0373183
       6584.2636       1.0371242
       6584.2810       1.0368506
       6584.2985       1.0364845
       6584.3159       1.0360110
       6584.3333       1.0354172
       6584.3507       1.0347035
       6584.3681       1.0338964
       6584.3855       1.0330534
       6584.4029       1.0322549
       6584.4203       1.0315849
       6584.4377       1.0311064
       6584.4551       1.0308439
       6584.4726       1.0307793
       6584.4900       1.0308637
       6584.5074       1.0310376
       6584.5248       1.0312513
       6584.5422       1.0314748
       6584.5596       1.0316970
       6584.5770       1.0319146
       6584.5944       1.0321215
       6584.6118       1.0323011
       6584.6292       1.0324276
       6584.6467       1.0324723
       6584.6641       1.0324117
       6584.6815       1.0322337
       6584.6989       1.0319406
       6584.7163       1.0315495
       6584.7337       1.0310884
       6584.7511       1.0305915
       6584.7685       1.0300930
       6584.7859       1.0296239
       6584.8034       1.0292125
       6584.8208       1.0288883
       6584.8382       1.0286864
       6584.8556       1.0286457
       6584.8730       1.0287993
       6584.8904       1.0291606
       6584.9078       1.0297113
       6584.9252       1.0304000
       6584.9426       1.0311521
       6584.9600       1.0318875
       6584.9775       1.0325372
       6584.9949       1.0330526
