# Angstrom [air],  flux [abs.cor.cont.sub+1]
       6545.0064       1.0170601
       6545.0239       1.0187769
       6545.0413       1.0205267
       6545.0587       1.0220833
       6545.0761       1.0232149
       6545.0935       1.0237463
       6545.1109       1.0236006
       6545.1283       1.0228254
       6545.1457       1.0215939
       6545.1631       1.0201797
       6545.1805       1.0189056
       6545.1980       1.0180774
       6545.2154       1.0179181
       6545.2328       1.0185225
       6545.2502       1.0198484
       6545.2676       1.0217461
       6545.2850       1.0240167
       6545.3024       1.0264763
       6545.3198       1.0290059
       6545.3372       1.0315732
       6545.3546       1.0342255
       6545.3721       1.0370637
       6545.3895       1.0402127
       6545.4069       1.0437969
       6545.4243       1.0479253
       6545.4417       1.0526844
       6545.4591       1.0581336
       6545.4765       1.0643031
       6545.4939       1.0711913
       6545.5113       1.0787657
       6545.5287       1.0869666
       6545.5462       1.0957140
       6545.5636       1.1049153
       6545.5810       1.1144694
       6545.5984       1.1242665
       6545.6158       1.1341824
       6545.6332       1.1440732
       6545.6506       1.1537710
       6545.6680       1.1630832
       6545.6854       1.1717944
       6545.7028       1.1796689
       6545.7203       1.1864570
       6545.7377       1.1919098
       6545.7551       1.1958044
       6545.7725       1.1979698
       6545.7899       1.1983062
       6545.8073       1.1967874
       6545.8247       1.1934433
       6545.8421       1.1883285
       6545.8595       1.1814934
       6545.8769       1.1729695
       6545.8944       1.1627790
       6545.9118       1.1509646
       6545.9292       1.1376273
       6545.9466       1.1229566
       6545.9640       1.1072379
       6545.9814       1.0908312
       6545.9988       1.0741247
       6546.0162       1.0574774
       6546.0336       1.0411703
       6546.0511       1.0253816
       6546.0685       1.0101952
       6546.0859      0.99563527
       6546.1033      0.98171092
       6546.1207      0.96845347
       6546.1381      0.95593501
       6546.1555      0.94426986
       6546.1729      0.93360814
       6546.1903      0.92412994
       6546.2077      0.91603935
       6546.2252      0.90954965
       6546.2426      0.90485137
       6546.2600      0.90206595
       6546.2774      0.90120253
       6546.2948      0.90214114
       6546.3122      0.90465561
       6546.3296      0.90846881
       6546.3470      0.91331331
       6546.3644      0.91896979
       6546.3818      0.92525400
       6546.3993      0.93198741
       6546.4167      0.93895801
       6546.4341      0.94590714
       6546.4515      0.95255760
       6546.4689      0.95867114
       6546.4863      0.96410884
       6546.5037      0.96886662
       6546.5211      0.97307079
       6546.5385      0.97693708
       6546.5559      0.98071005
       6546.5734      0.98460380
       6546.5908      0.98875924
       6546.6082      0.99322452
       6546.6256      0.99795770
       6546.6430       1.0028462
       6546.6604       1.0077360
       6546.6778       1.0124598
       6546.6952       1.0168575
       6546.7126       1.0207816
       6546.7300       1.0240929
       6546.7475       1.0266582
       6546.7649       1.0283617
       6546.7823       1.0291375
       6546.7997       1.0290123
       6546.8171       1.0281390
       6546.8345       1.0267951
       6546.8519       1.0253363
       6546.8693       1.0241091
       6546.8867       1.0233513
       6546.9041       1.0231137
       6546.9216       1.0232380
       6546.9390       1.0234031
       6546.9564       1.0232313
       6546.9738       1.0224246
       6546.9912       1.0208837
       6547.0086       1.0187656
       6547.0260       1.0164586
       6547.0434       1.0144604
       6547.0608       1.0132105
       6547.0782       1.0129475
       6547.0957       1.0136406
       6547.1131       1.0150223
       6547.1305       1.0167053
       6547.1479       1.0183307
       6547.1653       1.0196836
       6547.1827       1.0207359
       6547.2001       1.0216081
       6547.2175       1.0224802
       6547.2349       1.0234983
       6547.2523       1.0247142
       6547.2698       1.0260793
       6547.2872       1.0274829
       6547.3046       1.0288079
       6547.3220       1.0299754
       6547.3394       1.0309592
       6547.3568       1.0317688
       6547.3742       1.0324152
       6547.3916       1.0328790
       6547.4090       1.0330948
       6547.4264       1.0329585
       6547.4439       1.0323561
       6547.4613       1.0312073
       6547.4787       1.0295128
       6547.4961       1.0273935
       6547.5135       1.0251022
       6547.5309       1.0229947
       6547.5483       1.0214570
       6547.5657       1.0208045
       6547.5831       1.0211880
       6547.6006       1.0225435
       6547.6180       1.0246108
       6547.6354       1.0270124
       6547.6528       1.0293615
       6547.6702       1.0313518
       6547.6876       1.0328151
       6547.7050       1.0337163
       6547.7224       1.0341173
       6547.7398       1.0341353
       6547.7572       1.0339078
       6547.7747       1.0335725
       6547.7921       1.0332607
       6547.8095       1.0330976
       6547.8269       1.0332007
       6547.8443       1.0336688
       6547.8617       1.0345563
       6547.8791       1.0358402
       6547.8965       1.0373939
       6547.9139       1.0389858
       6547.9313       1.0403125
       6547.9488       1.0410585
       6547.9662       1.0409666
       6547.9836       1.0398935
       6548.0010       1.0378349
       6548.0184       1.0349192
       6548.0358       1.0313740
       6548.0532       1.0274834
       6548.0706       1.0235450
       6548.0880       1.0198359
       6548.1054       1.0165900
       6548.1229       1.0139855
       6548.1403       1.0121408
       6548.1577       1.0111171
       6548.1751       1.0109220
       6548.1925       1.0115119
       6548.2099       1.0127919
       6548.2273       1.0146203
       6548.2447       1.0168224
       6548.2621       1.0192173
       6548.2795       1.0216497
       6548.2970       1.0240114
       6548.3144       1.0262389
       6548.3318       1.0282882
       6548.3492       1.0301035
       6548.3666       1.0315988
       6548.3840       1.0326736
       6548.4014       1.0332521
       6548.4188       1.0333248
       6548.4362       1.0329668
       6548.4536       1.0323178
       6548.4711       1.0315359
       6548.4885       1.0307479
       6548.5059       1.0300229
       6548.5233       1.0293796
       6548.5407       1.0288182
       6548.5581       1.0283540
       6548.5755       1.0280342
       6548.5929       1.0279305
       6548.6103       1.0281177
       6548.6277       1.0286528
       6548.6452       1.0295662
       6548.6626       1.0308626
       6548.6800       1.0325252
       6548.6974       1.0345126
       6548.7148       1.0367513
       6548.7322       1.0391305
       6548.7496       1.0415115
       6548.7670       1.0437537
       6548.7844       1.0457483
       6548.8018       1.0474439
       6548.8193       1.0488504
       6548.8367       1.0500174
       6548.8541       1.0509978
       6548.8715       1.0518131
       6548.8889       1.0524343
       6548.9063       1.0527877
       6548.9237       1.0527829
       6548.9411       1.0523509
       6548.9585       1.0514796
       6548.9759       1.0502292
       6548.9934       1.0487304
       6549.0108       1.0471492
       6549.0282       1.0456494
       6549.0456       1.0443588
       6549.0630       1.0433471
       6549.0804       1.0426196
       6549.0978       1.0421212
       6549.1152       1.0417490
       6549.1326       1.0413690
       6549.1501       1.0408410
       6549.1675       1.0400512
       6549.1849       1.0389500
       6549.2023       1.0375840
       6549.2197       1.0361052
       6549.2371       1.0347450
       6549.2545       1.0337498
       6549.2719       1.0332966
       6549.2893       1.0334200
       6549.3067       1.0339827
       6549.3242       1.0347086
       6549.3416       1.0352682
       6549.3590       1.0353869
       6549.3764       1.0349330
       6549.3938       1.0339563
       6549.4112       1.0326643
       6549.4286       1.0313481
       6549.4460       1.0302882
       6549.4634       1.0296739
       6549.4808       1.0295663
       6549.4983       1.0299127
       6549.5157       1.0306028
       6549.5331       1.0315344
       6549.5505       1.0326558
       6549.5679       1.0339638
       6549.5853       1.0354647
       6549.6027       1.0371230
       6549.6201       1.0388328
       6549.6375       1.0404285
       6549.6549       1.0417353
       6549.6724       1.0426264
       6549.6898       1.0430620
       6549.7072       1.0430983
       6549.7246       1.0428665
       6549.7420       1.0425353
       6549.7594       1.0422694
       6549.7768       1.0421939
       6549.7942       1.0423704
       6549.8116       1.0427868
       6549.8290       1.0433662
       6549.8465       1.0439936
       6549.8639       1.0445530
       6549.8813       1.0449639
       6549.8987       1.0452024
       6549.9161       1.0453020
       6549.9335       1.0453334
       6549.9509       1.0453721
       6549.9683       1.0454663
       6549.9857       1.0456141
       6550.0031       1.0457575
       6550.0206       1.0457941
       6550.0380       1.0456049
       6550.0554       1.0450879
       6550.0728       1.0441912
       6550.0902       1.0429320
       6550.1076       1.0413972
       6550.1250       1.0397233
       6550.1424       1.0380643
       6550.1598       1.0365597
       6550.1772       1.0353149
       6550.1947       1.0344003
       6550.2121       1.0338621
       6550.2295       1.0337301
       6550.2469       1.0340126
       6550.2643       1.0346782
       6550.2817       1.0356389
       6550.2991       1.0367459
       6550.3165       1.0378253
       6550.3339       1.0387221
       6550.3513       1.0393438
       6550.3688       1.0396813
       6550.3862       1.0397996
       6550.4036       1.0398031
       6550.4210       1.0397899
       6550.4384       1.0398133
       6550.4558       1.0398611
       6550.4732       1.0398613
       6550.4906       1.0397106
       6550.5080       1.0393177
       6550.5254       1.0386418
       6550.5429       1.0377111
       6550.5603       1.0366121
       6550.5777       1.0354582
       6550.5951       1.0343555
       6550.6125       1.0333869
       6550.6299       1.0326201
       6550.6473       1.0321304
       6550.6647       1.0320185
       6550.6821       1.0324032
       6550.6995       1.0333888
       6550.7170       1.0350178
       6550.7344       1.0372339
       6550.7518       1.0398724
       6550.7692       1.0426869
       6550.7866       1.0454020
       6550.8040       1.0477756
       6550.8214       1.0496500
       6550.8388       1.0509784
       6550.8562       1.0518242
       6550.8737       1.0523368
       6550.8911       1.0527145
       6550.9085       1.0531613
       6550.9259       1.0538452
       6550.9433       1.0548522
       6550.9607       1.0561546
       6550.9781       1.0576050
       6550.9955       1.0589639
       6551.0129       1.0599653
       6551.0303       1.0604037
       6551.0478       1.0602102
       6551.0652       1.0594856
       6551.0826       1.0584754
       6551.1000       1.0574969
       6551.1174       1.0568487
       6551.1348       1.0567326
       6551.1522       1.0572084
       6551.1696       1.0581851
       6551.1870       1.0594427
       6551.2044       1.0606775
       6551.2219       1.0615671
       6551.2393       1.0618457
       6551.2567       1.0613742
       6551.2741       1.0601840
       6551.2915       1.0584780
       6551.3089       1.0565840
       6551.3263       1.0548725
       6551.3437       1.0536664
       6551.3611       1.0531680
       6551.3785       1.0534247
       6551.3960       1.0543384
       6551.4134       1.0557074
       6551.4308       1.0572805
       6551.4482       1.0588044
       6551.4656       1.0600570
       6551.4830       1.0608721
       6551.5004       1.0611647
       6551.5178       1.0609592
       6551.5352       1.0604029
       6551.5526       1.0597454
       6551.5701       1.0592736
       6551.5875       1.0592203
       6551.6049       1.0596750
       6551.6223       1.0605658
       6551.6397       1.0617033
       6551.6571       1.0628710
       6551.6745       1.0639126
       6551.6919       1.0647717
       6551.7093       1.0654669
       6551.7267       1.0660280
       6551.7442       1.0664380
       6551.7616       1.0666255
       6551.7790       1.0665105
       6551.7964       1.0660750
       6551.8138       1.0654070
       6551.8312       1.0646818
       6551.8486       1.0640869
       6551.8660       1.0637278
       6551.8834       1.0635727
       6551.9008       1.0634668
       6551.9183       1.0632101
       6551.9357       1.0626602
       6551.9531       1.0618057
       6551.9705       1.0607776
       6551.9879       1.0597962
       6552.0053       1.0590818
       6552.0227       1.0587680
       6552.0401       1.0588547
       6552.0575       1.0592119
       6552.0749       1.0596309
       6552.0924       1.0598992
       6552.1098       1.0598693
       6552.1272       1.0594984
       6552.1446       1.0588476
       6552.1620       1.0580473
       6552.1794       1.0572506
       6552.1968       1.0566000
       6552.2142       1.0562189
       6552.2316       1.0562224
       6552.2490       1.0567172
       6552.2665       1.0577872
       6552.2839       1.0594552
       6552.3013       1.0616436
       6552.3187       1.0641615
       6552.3361       1.0667322
       6552.3535       1.0690526
       6552.3709       1.0708587
       6552.3883       1.0719721
       6552.4057       1.0723167
       6552.4232       1.0719128
       6552.4406       1.0708638
       6552.4580       1.0693465
       6552.4754       1.0676046
       6552.4928       1.0659386
       6552.5102       1.0646778
       6552.5276       1.0641328
       6552.5450       1.0645304
       6552.5624       1.0659488
       6552.5798       1.0682744
       6552.5973       1.0712043
       6552.6147       1.0743041
       6552.6321       1.0771113
       6552.6495       1.0792538
       6552.6669       1.0805420
       6552.6843       1.0810046
       6552.7017       1.0808594
       6552.7191       1.0804364
       6552.7365       1.0800823
       6552.7539       1.0800699
       6552.7714       1.0805301
       6552.7888       1.0814113
       6552.8062       1.0824794
       6552.8236       1.0833691
       6552.8410       1.0836895
       6552.8584       1.0831593
       6552.8758       1.0817215
       6552.8932       1.0795901
       6552.9106       1.0771910
       6552.9280       1.0750069
       6552.9455       1.0734182
       6552.9629       1.0725888
       6552.9803       1.0724435
       6552.9977       1.0727362
       6553.0151       1.0731679
       6553.0325       1.0735052
       6553.0499       1.0736565
       6553.0673       1.0736835
       6553.0847       1.0737553
       6553.1021       1.0740643
       6553.1196       1.0747408
       6553.1370       1.0757958
       6553.1544       1.0771125
       6553.1718       1.0784847
       6553.1892       1.0796817
       6553.2066       1.0805138
       6553.2240       1.0808752
       6553.2414       1.0807603
       6553.2588       1.0802585
       6553.2762       1.0795353
       6553.2937       1.0788035
       6553.3111       1.0782841
       6553.3285       1.0781584
       6553.3459       1.0785243
       6553.3633       1.0793709
       6553.3807       1.0805830
       6553.3981       1.0819747
       6553.4155       1.0833387
       6553.4329       1.0844950
       6553.4503       1.0853252
       6553.4678       1.0857869
       6553.4852       1.0859082
       6553.5026       1.0857659
       6553.5200       1.0854532
       6553.5374       1.0850459
       6553.5548       1.0845818
       6553.5722       1.0840557
       6553.5896       1.0834373
       6553.6070       1.0826995
       6553.6244       1.0818442
       6553.6419       1.0809165
       6553.6593       1.0800014
       6553.6767       1.0792067
       6553.6941       1.0786385
       6553.7115       1.0783776
       6553.7289       1.0784608
       6553.7463       1.0788722
       6553.7637       1.0795435
       6553.7811       1.0803656
       6553.7985       1.0812115
       6553.8160       1.0819676
       6553.8334       1.0825647
       6553.8508       1.0829997
       6553.8682       1.0833380
       6553.8856       1.0836937
       6553.9030       1.0841955
       6553.9204       1.0849475
       6553.9378       1.0859959
       6553.9552       1.0873101
       6553.9727       1.0887819
       6553.9901       1.0902458
       6554.0075       1.0915149
       6554.0249       1.0924240
       6554.0423       1.0928651
       6554.0597       1.0928013
       6554.0771       1.0922557
       6554.0945       1.0912829
       6554.1119       1.0899407
       6554.1293       1.0882774
       6554.1468       1.0863417
       6554.1642       1.0842067
       6554.1816       1.0819919
       6554.1990       1.0798682
       6554.2164       1.0780305
       6554.2338       1.0766570
       6554.2512       1.0758685
       6554.2686       1.0757104
       6554.2860       1.0761637
       6554.3034       1.0771776
       6554.3209       1.0787028
       6554.3383       1.0807017
       6554.3557       1.0831280
       6554.3731       1.0858889
       6554.3905       1.0888180
       6554.4079       1.0916851
       6554.4253       1.0942488
       6554.4427       1.0963286
       6554.4601       1.0978584
       6554.4775       1.0988928
       6554.4950       1.0995607
       6554.5124       1.0999931
       6554.5298       1.1002666
       6554.5472       1.1003934
       6554.5646       1.1003627
       6554.5820       1.1002092
       6554.5994       1.1000676
       6554.6168       1.1001795
       6554.6342       1.1008419
       6554.6516       1.1023160
       6554.6691       1.1047364
       6554.6865       1.1080585
       6554.7039       1.1120678
       6554.7213       1.1164424
       6554.7387       1.1208415
       6554.7561       1.1249847
       6554.7735       1.1286977
       6554.7909       1.1319198
       6554.8083       1.1346825
       6554.8257       1.1370729
       6554.8432       1.1391957
       6554.8606       1.1411421
       6554.8780       1.1429638
       6554.8954       1.1446722
       6554.9128       1.1462552
       6554.9302       1.1477030
       6554.9476       1.1490265
       6554.9650       1.1502523
       6554.9824       1.1513912
       6554.9998       1.1523961
       6555.0173       1.1531373
       6555.0347       1.1534164
       6555.0521       1.1530211
       6555.0695       1.1517985
       6555.0869       1.1497104
       6555.1043       1.1468429
       6555.1217       1.1433621
       6555.1391       1.1394396
       6555.1565       1.1351860
       6555.1739       1.1306266
       6555.1914       1.1257297
       6555.2088       1.1204689
       6555.2262       1.1148851
       6555.2436       1.1091124
       6555.2610       1.1033582
       6555.2784       1.0978480
       6555.2958       1.0927656
       6555.3132       1.0882176
       6555.3306       1.0842353
       6555.3480       1.0808057
       6555.3655       1.0779064
       6555.3829       1.0755263
       6555.4003       1.0736617
       6555.4177       1.0723003
       6555.4351       1.0714068
       6555.4525       1.0709219
       6555.4699       1.0707715
       6555.4873       1.0708772
       6555.5047       1.0711595
       6555.5222       1.0715396
       6555.5396       1.0719462
       6555.5570       1.0723316
       6555.5744       1.0726942
       6555.5918       1.0730919
       6555.6092       1.0736334
       6555.6266       1.0744453
       6555.6440       1.0756232
       6555.6614       1.0771866
       6555.6788       1.0790540
       6555.6963       1.0810482
       6555.7137       1.0829308
       6555.7311       1.0844596
       6555.7485       1.0854519
       6555.7659       1.0858368
       6555.7833       1.0856803
       6555.8007       1.0851760
       6555.8181       1.0846042
       6555.8355       1.0842733
       6555.8529       1.0844582
       6555.8704       1.0853464
       6555.8878       1.0869993
       6555.9052       1.0893315
       6555.9226       1.0921171
       6555.9400       1.0950242
       6555.9574       1.0976805
       6555.9748       1.0997528
       6555.9922       1.1010225
       6556.0096       1.1014343
       6556.0270       1.1011057
       6556.0445       1.1002963
       6556.0619       1.0993470
       6556.0793       1.0986032
       6556.0967       1.0983426
       6556.1141       1.0987240
       6556.1315       1.0997714
       6556.1489       1.1013945
       6556.1663       1.1034254
       6556.1837       1.1056810
       6556.2011       1.1079947
       6556.2186       1.1102287
       6556.2360       1.1122678
       6556.2534       1.1140084
       6556.2708       1.1153533
       6556.2882       1.1162167
       6556.3056       1.1165341
       6556.3230       1.1162724
       6556.3404       1.1154360
       6556.3578       1.1140717
       6556.3752       1.1122698
       6556.3927       1.1101611
       6556.4101       1.1079020
       6556.4275       1.1056510
       6556.4449       1.1035419
       6556.4623       1.1016646
       6556.4797       1.1000606
       6556.4971       1.0987291
       6556.5145       1.0976344
       6556.5319       1.0967058
       6556.5493       1.0958302
       6556.5668       1.0948499
       6556.5842       1.0935795
       6556.6016       1.0918535
       6556.6190       1.0895943
       6556.6364       1.0868776
       6556.6538       1.0839620
       6556.6712       1.0812585
       6556.6886       1.0792368
       6556.7060       1.0782970
       6556.7234       1.0786501
       6556.7409       1.0802552
       6556.7583       1.0828400
       6556.7757       1.0859987
       6556.7931       1.0893282
       6556.8105       1.0925490
       6556.8279       1.0955638
       6556.8453       1.0984222
       6556.8627       1.1012260
       6556.8801       1.1040228
       6556.8975       1.1067390
       6556.9150       1.1091804
       6556.9324       1.1110943
       6556.9498       1.1122629
       6556.9672       1.1125873
       6556.9846       1.1121339
       6557.0020       1.1111310
       6557.0194       1.1099179
       6557.0368       1.1088618
       6557.0542       1.1082623
       6557.0717       1.1082734
       6557.0891       1.1088652
       6557.1065       1.1098440
       6557.1239       1.1109240
       6557.1413       1.1118273
       6557.1587       1.1123773
       6557.1761       1.1125531
       6557.1935       1.1124851
       6557.2109       1.1123982
       6557.2283       1.1125236
       6557.2458       1.1130167
       6557.2632       1.1139123
       6557.2806       1.1151321
       6557.2980       1.1165362
       6557.3154       1.1179883
       6557.3328       1.1193994
       6557.3502       1.1207322
       6557.3676       1.1219719
       6557.3850       1.1230900
       6557.4024       1.1240292
       6557.4199       1.1247176
       6557.4373       1.1250981
       6557.4547       1.1251462
       6557.4721       1.1248663
       6557.4895       1.1242619
       6557.5069       1.1233202
       6557.5243       1.1220261
       6557.5417       1.1204039
       6557.5591       1.1185637
       6557.5765       1.1167178
       6557.5940       1.1151517
       6557.6114       1.1141557
       6557.6288       1.1139433
       6557.6462       1.1145880
       6557.6636       1.1159998
       6557.6810       1.1179493
       6557.6984       1.1201316
       6557.7158       1.1222513
       6557.7332       1.1240986
       6557.7506       1.1255901
       6557.7681       1.1267591
       6557.7855       1.1277015
       6557.8029       1.1285051
       6557.8203       1.1291978
       6557.8377       1.1297388
       6557.8551       1.1300537
       6557.8725       1.1300892
       6557.8899       1.1298570
       6557.9073       1.1294435
       6557.9247       1.1289799
       6557.9422       1.1285878
       6557.9596       1.1283213
       6557.9770       1.1281313
       6557.9944       1.1278683
       6558.0118       1.1273300
       6558.0292       1.1263435
       6558.0466       1.1248550
       6558.0640       1.1229894
       6558.0814       1.1210470
       6558.0988       1.1194323
       6558.1163       1.1185235
       6558.1337       1.1185469
       6558.1511       1.1195122
       6558.1685       1.1212240
       6558.1859       1.1233641
       6558.2033       1.1256058
       6558.2207       1.1277107
       6558.2381       1.1295740
       6558.2555       1.1312121
       6558.2729       1.1327082
       6558.2904       1.1341445
       6558.3078       1.1355497
       6558.3252       1.1368779
       6558.3426       1.1380223
       6558.3600       1.1388594
       6558.3774       1.1393048
       6558.3948       1.1393610
       6558.4122       1.1391357
       6558.4296       1.1388203
       6558.4470       1.1386357
       6558.4645       1.1387656
       6558.4819       1.1393055
       6558.4993       1.1402450
       6558.5167       1.1414871
       6558.5341       1.1428898
       6558.5515       1.1443118
       6558.5689       1.1456467
       6558.5863       1.1468352
       6558.6037       1.1478594
       6558.6212       1.1487232
       6558.6386       1.1494333
       6558.6560       1.1499897
       6558.6734       1.1503940
       6558.6908       1.1506723
       6558.7082       1.1508993
       6558.7256       1.1512056
       6558.7430       1.1517596
       6558.7604       1.1527260
       6558.7778       1.1542124
       6558.7953       1.1562391
       6558.8127       1.1587345
       6558.8301       1.1615591
       6558.8475       1.1645480
       6558.8649       1.1675540
       6558.8823       1.1704813
       6558.8997       1.1732985
       6558.9171       1.1760302
       6558.9345       1.1787293
       6558.9519       1.1814379
       6558.9694       1.1841532
       6558.9868       1.1868141
       6559.0042       1.1893149
       6559.0216       1.1915420
       6559.0390       1.1934117
       6559.0564       1.1948882
       6559.0738       1.1959692
       6559.0912       1.1966507
       6559.1086       1.1968921
       6559.1260       1.1966085
       6559.1435       1.1956985
       6559.1609       1.1940978
       6559.1783       1.1918308
       6559.1957       1.1890358
       6559.2131       1.1859481
       6559.2305       1.1828441
       6559.2479       1.1799653
       6559.2653       1.1774488
       6559.2827       1.1752882
       6559.3001       1.1733381
       6559.3176       1.1713609
       6559.3350       1.1690996
       6559.3524       1.1663540
       6559.3698       1.1630352
       6559.3872       1.1591849
       6559.4046       1.1549554
       6559.4220       1.1505749
       6559.4394       1.1462868
       6559.4568       1.1423169
       6559.4742       1.1388593
       6559.4917       1.1360766
       6559.5091       1.1341010
       6559.5265       1.1330259
       6559.5439       1.1328871
       6559.5613       1.1336486
       6559.5787       1.1352074
       6559.5961       1.1374209
       6559.6135       1.1401467
       6559.6309       1.1432756
       6559.6483       1.1467418
       6559.6658       1.1505135
       6559.6832       1.1545754
       6559.7006       1.1589169
       6559.7180       1.1635293
       6559.7354       1.1684053
       6559.7528       1.1735313
       6559.7702       1.1788678
       6559.7876       1.1843245
       6559.8050       1.1897418
       6559.8224       1.1948927
       6559.8399       1.1995123
       6559.8573       1.2033546
       6559.8747       1.2062661
       6559.8921       1.2082523
       6559.9095       1.2095112
       6559.9269       1.2104100
       6559.9443       1.2114026
       6559.9617       1.2129092
       6559.9791       1.2151982
       6559.9965       1.2183129
       6560.0140       1.2220680
       6560.0314       1.2261120
       6560.0488       1.2300281
       6560.0662       1.2334371
       6560.0836       1.2360817
       6560.1010       1.2378555
       6560.1184       1.2388012
       6560.1358       1.2390849
       6560.1532       1.2389591
       6560.1706       1.2387200
       6560.1881       1.2386616
       6560.2055       1.2390310
       6560.2229       1.2399931
       6560.2403       1.2416150
       6560.2577       1.2438741
       6560.2751       1.2466831
       6560.2925       1.2499168
       6560.3099       1.2534253
       6560.3273       1.2570294
       6560.3448       1.2605079
       6560.3622       1.2635969
       6560.3796       1.2660177
       6560.3970       1.2675367
       6560.4144       1.2680403
       6560.4318       1.2675932
       6560.4492       1.2664516
       6560.4666       1.2650181
       6560.4840       1.2637509
       6560.5014       1.2630611
       6560.5189       1.2632303
       6560.5363       1.2643695
       6560.5537       1.2664158
       6560.5711       1.2691539
       6560.5885       1.2722510
       6560.6059       1.2753048
       6560.6233       1.2779139
       6560.6407       1.2797700
       6560.6581       1.2807536
       6560.6755       1.2809973
       6560.6930       1.2808817
       6560.7104       1.2809553
       6560.7278       1.2817795
       6560.7452       1.2837700
       6560.7626       1.2870932
       6560.7800       1.2916441
       6560.7974       1.2971103
       6560.8148       1.3030868
       6560.8322       1.3091937
       6560.8496       1.3151551
       6560.8671       1.3208255
       6560.8845       1.3261731
       6560.9019       1.3312463
       6560.9193       1.3361462
       6560.9367       1.3410149
       6560.9541       1.3460303
       6560.9715       1.3513917
       6560.9889       1.3572839
       6561.0063       1.3638253
       6561.0237       1.3710200
       6561.0412       1.3787418
       6561.0586       1.3867675
       6561.0760       1.3948529
       6561.0934       1.4028214
       6561.1108       1.4106270
       6561.1282       1.4183633
       6561.1456       1.4262196
       6561.1630       1.4344087
       6561.1804       1.4431017
       6561.1978       1.4523976
       6561.2153       1.4623310
       6561.2327       1.4729058
       6561.2501       1.4841305
       6561.2675       1.4960373
       6561.2849       1.5086762
       6561.3023       1.5220872
       6561.3197       1.5362642
       6561.3371       1.5511253
       6561.3545       1.5665068
       6561.3719       1.5821871
       6561.3894       1.5979516
       6561.4068       1.6136672
       6561.4242       1.6293451
       6561.4416       1.6451677
       6561.4590       1.6614607
       6561.4764       1.6786169
       6561.4938       1.6969961
       6561.5112       1.7168315
       6561.5286       1.7381691
       6561.5460       1.7608495
       6561.5635       1.7845303
       6561.5809       1.8087402
       6561.5983       1.8329572
       6561.6157       1.8567007
       6561.6331       1.8796228
       6561.6505       1.9015776
       6561.6679       1.9226439
       6561.6853       1.9430890
       6561.7027       1.9632791
       6561.7201       1.9835674
       6561.7376       2.0041988
       6561.7550       2.0252650
       6561.7724       2.0467184
       6561.7898       2.0684258
       6561.8072       2.0902250
       6561.8246       2.1119524
       6561.8420       2.1334327
       6561.8594       2.1544436
       6561.8768       2.1746910
       6561.8943       2.1938235
       6561.9117       2.2114953
       6561.9291       2.2274630
       6561.9465       2.2416730
       6561.9639       2.2542983
       6561.9813       2.2656994
       6561.9987       2.2763166
       6562.0161       2.2865383
       6562.0335       2.2965884
       6562.0509       2.3064902
       6562.0684       2.3161078
       6562.0858       2.3252329
       6562.1032       2.3336757
       6562.1206       2.3413210
       6562.1380       2.3481397
       6562.1554       2.3541653
       6562.1728       2.3594623
       6562.1902       2.3641122
       6562.2076       2.3682294
       6562.2250       2.3720004
       6562.2425       2.3757227
       6562.2599       2.3798105
       6562.2773       2.3847420
       6562.2947       2.3909510
       6562.3121       2.3986965
       6562.3295       2.4079658
       6562.3469       2.4184585
       6562.3643       2.4296666
       6562.3817       2.4410219
       6562.3991       2.4520538
       6562.4166       2.4625055
       6562.4340       2.4723773
       6562.4514       2.4819006
       6562.4688       2.4914659
       6562.4862       2.5015297
       6562.5036       2.5125227
       6562.5210       2.5247736
       6562.5384       2.5384584
       6562.5558       2.5535881
       6562.5732       2.5700337
       6562.5907       2.5875767
       6562.6081       2.6059624
       6562.6255       2.6249310
       6562.6429       2.6442134
       6562.6603       2.6635031
       6562.6777       2.6824214
       6562.6951       2.7005194
       6562.7125       2.7173064
       6562.7299       2.7323000
       6562.7473       2.7450760
       6562.7648       2.7552915
       6562.7822       2.7626768
       6562.7996       2.7670069
       6562.8170       2.7680793
       6562.8344       2.7657167
       6562.8518       2.7597980
       6562.8692       2.7503010
       6562.8866       2.7373298
       6562.9040       2.7211115
       6562.9214       2.7019607
       6562.9389       2.6802318
       6562.9563       2.6562816
       6562.9737       2.6304521
       6562.9911       2.6030706
       6563.0085       2.5744503
       6563.0259       2.5448836
       6563.0433       2.5146297
       6563.0607       2.4839086
       6563.0781       2.4529129
       6563.0955       2.4218350
       6563.1130       2.3908947
       6563.1304       2.3603462
       6563.1478       2.3304543
       6563.1652       2.3014485
       6563.1826       2.2734816
       6563.2000       2.2466198
       6563.2174       2.2208750
       6563.2348       2.1962639
       6563.2522       2.1728576
       6563.2696       2.1507916
       6563.2871       2.1302237
       6563.3045       2.1112639
       6563.3219       2.0939122
       6563.3393       2.0780261
       6563.3567       2.0633778
       6563.3741       2.0497147
       6563.3915       2.0368156
       6563.4089       2.0245084
       6563.4263       2.0126479
       6563.4438       2.0010806
       6563.4612       1.9896329
       6563.4786       1.9781421
       6563.4960       1.9665214
       6563.5134       1.9548197
       6563.5308       1.9432379
       6563.5482       1.9320787
       6563.5656       1.9216453
       6563.5830       1.9121310
       6563.6004       1.9035482
       6563.6179       1.8957270
       6563.6353       1.8883774
       6563.6527       1.8811831
       6563.6701       1.8738837
       6563.6875       1.8663145
       6563.7049       1.8583950
       6563.7223       1.8500832
       6563.7397       1.8413209
       6563.7571       1.8319983
       6563.7745       1.8219542
       6563.7920       1.8110132
       6563.8094       1.7990494
       6563.8268       1.7860525
       6563.8442       1.7721698
       6563.8616       1.7577029
       6563.8790       1.7430510
       6563.8964       1.7286108
       6563.9138       1.7146642
       6563.9312       1.7012894
       6563.9486       1.6883315
       6563.9661       1.6754426
       6563.9835       1.6621863
       6564.0009       1.6481726
       6564.0183       1.6331603
       6564.0357       1.6171095
       6564.0531       1.6001711
       6564.0705       1.5826322
       6564.0879       1.5648453
       6564.1053       1.5471670
       6564.1227       1.5299201
       6564.1402       1.5133724
       6564.1576       1.4977247
       6564.1750       1.4830971
       6564.1924       1.4695165
       6564.2098       1.4569110
       6564.2272       1.4451173
       6564.2446       1.4339039
       6564.2620       1.4230033
       6564.2794       1.4121469
       6564.2968       1.4010943
       6564.3143       1.3896562
       6564.3317       1.3777089
       6564.3491       1.3652044
       6564.3665       1.3521778
       6564.3839       1.3387543
       6564.4013       1.3251510
       6564.4187       1.3116667
       6564.4361       1.2986476
       6564.4535       1.2864281
       6564.4709       1.2752579
       6564.4884       1.2652419
       6564.5058       1.2563223
       6564.5232       1.2483140
       6564.5406       1.2409811
       6564.5580       1.2341230
       6564.5754       1.2276326
       6564.5928       1.2215052
       6564.6102       1.2158026
       6564.6276       1.2105918
       6564.6450       1.2058894
       6564.6625       1.2016511
       6564.6799       1.1977971
       6564.6973       1.1942665
       6564.7147       1.1910703
       6564.7321       1.1883128
       6564.7495       1.1861646
       6564.7669       1.1847943
       6564.7843       1.1842856
       6564.8017       1.1845753
       6564.8191       1.1854395
       6564.8366       1.1865337
       6564.8540       1.1874747
       6564.8714       1.1879310
       6564.8888       1.1876923
       6564.9062       1.1866985
       6564.9236       1.1850266
       6564.9410       1.1828540
       6564.9584       1.1804182
       6564.9758       1.1779857
       6564.9933       1.1758327
       6565.0107       1.1742261
       6565.0281       1.1733956
       6565.0455       1.1734941
       6565.0629       1.1745516
       6565.0803       1.1764428
       6565.0977       1.1788833
       6565.1151       1.1814666
       6565.1325       1.1837342
       6565.1499       1.1852605
       6565.1674       1.1857253
       6565.1848       1.1849576
       6565.2022       1.1829448
       6565.2196       1.1798181
       6565.2370       1.1758279
       6565.2544       1.1713161
       6565.2718       1.1666879
       6565.2892       1.1623682
       6565.3066       1.1587374
       6565.3240       1.1560674
       6565.3415       1.1544631
       6565.3589       1.1538323
       6565.3763       1.1538995
       6565.3937       1.1542657
       6565.4111       1.1545000
       6565.4285       1.1542396
       6565.4459       1.1532711
       6565.4633       1.1515704
       6565.4807       1.1492927
       6565.4981       1.1467202
       6565.5156       1.1441854
       6565.5330       1.1419956
       6565.5504       1.1403796
       6565.5678       1.1394638
       6565.5852       1.1392769
       6565.6026       1.1397727
       6565.6200       1.1408585
       6565.6374       1.1424180
       6565.6548       1.1443256
       6565.6722       1.1464503
       6565.6897       1.1486557
       6565.7071       1.1508032
       6565.7245       1.1527651
       6565.7419       1.1544472
       6565.7593       1.1558150
       6565.7767       1.1569111
       6565.7941       1.1578511
       6565.8115       1.1587921
       6565.8289       1.1598791
       6565.8463       1.1611848
       6565.8638       1.1626682
       6565.8812       1.1641684
       6565.8986       1.1654393
       6565.9160       1.1662104
       6565.9334       1.1662539
       6565.9508       1.1654376
       6565.9682       1.1637375
       6565.9856       1.1612397
       6566.0030       1.1581306
       6566.0204       1.1546788
       6566.0379       1.1512056
       6566.0553       1.1480386
       6566.0727       1.1454550
       6566.0901       1.1436317
       6566.1075       1.1426176
       6566.1249       1.1423393
       6566.1423       1.1426328
       6566.1597       1.1432836
       6566.1771       1.1440622
       6566.1945       1.1447434
       6566.2120       1.1451196
       6566.2294       1.1450164
       6566.2468       1.1443242
       6566.2642       1.1430373
       6566.2816       1.1412852
       6566.2990       1.1393267
       6566.3164       1.1374960
       6566.3338       1.1361084
       6566.3512       1.1353641
       6566.3686       1.1352919
       6566.3861       1.1357602
       6566.4035       1.1365486
       6566.4209       1.1374440
       6566.4383       1.1383161
       6566.4557       1.1391409
       6566.4731       1.1399709
       6566.4905       1.1408762
       6566.5079       1.1418916
       6566.5253       1.1429923
       6566.5428       1.1441031
       6566.5602       1.1451276
       6566.5776       1.1459776
       6566.5950       1.1465968
       6566.6124       1.1469625
       6566.6298       1.1470788
       6566.6472       1.1469642
       6566.6646       1.1466369
       6566.6820       1.1461065
       6566.6994       1.1453730
       6566.7169       1.1444353
       6566.7343       1.1433046
       6566.7517       1.1420158
       6566.7691       1.1406294
       6566.7865       1.1392239
       6566.8039       1.1378784
       6566.8213       1.1366533
       6566.8387       1.1355720
       6566.8561       1.1346130
       6566.8735       1.1337139
       6566.8910       1.1327916
       6566.9084       1.1317710
       6566.9258       1.1306135
       6566.9432       1.1293316
       6566.9606       1.1279871
       6566.9780       1.1266747
       6566.9954       1.1255016
       6567.0128       1.1245688
       6567.0302       1.1239576
       6567.0476       1.1237156
       6567.0651       1.1238429
       6567.0825       1.1242802
       6567.0999       1.1249069
       6567.1173       1.1255552
       6567.1347       1.1260400
       6567.1521       1.1262002
       6567.1695       1.1259430
       6567.1869       1.1252789
       6567.2043       1.1243362
       6567.2217       1.1233455
       6567.2392       1.1225904
       6567.2566       1.1223267
       6567.2740       1.1227089
       6567.2914       1.1237418
       6567.3088       1.1252768
       6567.3262       1.1270519
       6567.3436       1.1287580
       6567.3610       1.1301042
       6567.3784       1.1308624
       6567.3958       1.1308865
       6567.4133       1.1301170
       6567.4307       1.1285817
       6567.4481       1.1264011
       6567.4655       1.1237903
       6567.4829       1.1210471
       6567.5003       1.1185120
       6567.5177       1.1165030
       6567.5351       1.1152400
       6567.5525       1.1147890
       6567.5699       1.1150483
       6567.5874       1.1157868
       6567.6048       1.1167181
       6567.6222       1.1175790
       6567.6396       1.1181840
       6567.6570       1.1184431
       6567.6744       1.1183478
       6567.6918       1.1179452
       6567.7092       1.1173145
       6567.7266       1.1165523
       6567.7440       1.1157686
       6567.7615       1.1150836
       6567.7789       1.1146232
       6567.7963       1.1145034
       6567.8137       1.1148066
       6567.8311       1.1155530
       6567.8485       1.1166827
       6567.8659       1.1180620
       6567.8833       1.1195193
       6567.9007       1.1209007
       6567.9181       1.1221214
       6567.9356       1.1231802
       6567.9530       1.1241319
       6567.9704       1.1250276
       6567.9878       1.1258502
       6568.0052       1.1264815
       6568.0226       1.1267231
       6568.0400       1.1263695
       6568.0574       1.1253073
       6568.0748       1.1235946
       6568.0923       1.1214813
       6568.1097       1.1193542
       6568.1271       1.1176268
       6568.1445       1.1166195
       6568.1619       1.1164777
       6568.1793       1.1171561
       6568.1967       1.1184621
       6568.2141       1.1201277
       6568.2315       1.1218754
       6568.2489       1.1234603
       6568.2664       1.1246917
       6568.2838       1.1254503
       6568.3012       1.1257091
       6568.3186       1.1255536
       6568.3360       1.1251818
       6568.3534       1.1248709
       6568.3708       1.1249151
       6568.3882       1.1255541
       6568.4056       1.1269227
       6568.4230       1.1290375
       6568.4405       1.1318207
       6568.4579       1.1351428
       6568.4753       1.1388638
       6568.4927       1.1428635
       6568.5101       1.1470570
       6568.5275       1.1514006
       6568.5449       1.1558921
       6568.5623       1.1605550
       6568.5797       1.1654161
       6568.5971       1.1704788
       6568.6146       1.1757012
       6568.6320       1.1809891
       6568.6494       1.1862047
       6568.6668       1.1911892
       6568.6842       1.1957896
       6568.7016       1.1998799
       6568.7190       1.2033687
       6568.7364       1.2061902
       6568.7538       1.2082792
       6568.7712       1.2095436
       6568.7887       1.2098471
       6568.8061       1.2090172
       6568.8235       1.2068817
       6568.8409       1.2033240
       6568.8583       1.1983359
       6568.8757       1.1920447
       6568.8931       1.1847021
       6568.9105       1.1766366
       6568.9279       1.1681868
       6568.9453       1.1596373
       6568.9628       1.1511756
       6568.9802       1.1428789
       6568.9976       1.1347287
       6569.0150       1.1266477
       6569.0324       1.1185485
       6569.0498       1.1103825
       6569.0672       1.1021770
       6569.0846       1.0940483
       6569.1020       1.0861856
       6569.1194       1.0788105
       6569.1369       1.0721274
       6569.1543       1.0662823
       6569.1717       1.0613440
       6569.1891       1.0573076
       6569.2065       1.0541067
       6569.2239       1.0516474
       6569.2413       1.0498281
       6569.2587       1.0485585
       6569.2761       1.0477756
       6569.2935       1.0474558
       6569.3110       1.0476183
       6569.3284       1.0483158
       6569.3458       1.0496105
       6569.3632       1.0515439
       6569.3806       1.0541113
       6569.3980       1.0572532
       6569.4154       1.0608652
       6569.4328       1.0648169
       6569.4502       1.0689674
       6569.4676       1.0731684
       6569.4851       1.0772595
       6569.5025       1.0810699
       6569.5199       1.0844379
       6569.5373       1.0872488
       6569.5547       1.0894757
       6569.5721       1.0911996
       6569.5895       1.0925913
       6569.6069       1.0938606
       6569.6243       1.0951889
       6569.6417       1.0966789
       6569.6592       1.0983373
       6569.6766       1.1000946
       6569.6940       1.1018440
       6569.7114       1.1034737
       6569.7288       1.1048775
       6569.7462       1.1059425
       6569.7636       1.1065333
       6569.7810       1.1064956
       6569.7984       1.1056940
       6569.8159       1.1040753
       6569.8333       1.1017264
       6569.8507       1.0989105
       6569.8681       1.0960219
       6569.8855       1.0935071
       6569.9029       1.0917703
       6569.9203       1.0910918
       6569.9377       1.0915826
       6569.9551       1.0931728
       6569.9725       1.0956275
       6569.9900       1.0985795
       6570.0074       1.1015795
       6570.0248       1.1041625
       6570.0422       1.1059256
       6570.0596       1.1066041
       6570.0770       1.1061236
       6570.0944       1.1046123
       6570.1118       1.1023659
       6570.1292       1.0997742
       6570.1466       1.0972326
       6570.1641       1.0950623
       6570.1815       1.0934636
       6570.1989       1.0925055
       6570.2163       1.0921453
       6570.2337       1.0922613
       6570.2511       1.0926846
       6570.2685       1.0932269
       6570.2859       1.0937046
       6570.3033       1.0939636
       6570.3207       1.0938995
       6570.3382       1.0934650
       6570.3556       1.0926590
       6570.3730       1.0915043
       6570.3904       1.0900293
       6570.4078       1.0882693
       6570.4252       1.0862879
       6570.4426       1.0842041
       6570.4600       1.0822018
       6570.4774       1.0805100
       6570.4948       1.0793547
       6570.5123       1.0788972
       6570.5297       1.0791996
       6570.5471       1.0802092
       6570.5645       1.0817670
       6570.5819       1.0836296
       6570.5993       1.0854968
       6570.6167       1.0870433
       6570.6341       1.0879571
       6570.6515       1.0879857
       6570.6689       1.0869842
       6570.6864       1.0849565
       6570.7038       1.0820760
       6570.7212       1.0786764
       6570.7386       1.0752097
       6570.7560       1.0721727
       6570.7734       1.0700153
       6570.7908       1.0690512
       6570.8082       1.0693923
       6570.8256       1.0709293
       6570.8430       1.0733658
       6570.8605       1.0762963
       6570.8779       1.0793070
       6570.8953       1.0820671
       6570.9127       1.0843853
       6570.9301       1.0862150
       6570.9475       1.0876136
       6570.9649       1.0886716
       6570.9823       1.0894418
       6570.9997       1.0898961
       6571.0171       1.0899284
       6571.0346       1.0894035
       6571.0520       1.0882326
       6571.0694       1.0864437
       6571.0868       1.0842148
       6571.1042       1.0818509
       6571.1216       1.0797086
       6571.1390       1.0781002
       6571.1564       1.0771940
       6571.1738       1.0769840
       6571.1912       1.0773104
       6571.2087       1.0779275
       6571.2261       1.0785896
       6571.2435       1.0791244
       6571.2609       1.0794747
       6571.2783       1.0796963
       6571.2957       1.0799183
       6571.3131       1.0802787
       6571.3305       1.0808598
       6571.3479       1.0816488
       6571.3654       1.0825377
       6571.3828       1.0833638
       6571.4002       1.0839701
       6571.4176       1.0842596
       6571.4350       1.0842225
       6571.4524       1.0839285
       6571.4698       1.0834935
       6571.4872       1.0830377
       6571.5046       1.0826492
       6571.5220       1.0823615
       6571.5395       1.0821469
       6571.5569       1.0819230
       6571.5743       1.0815706
       6571.5917       1.0809620
       6571.6091       1.0799964
       6571.6265       1.0786371
       6571.6439       1.0769386
       6571.6613       1.0750508
       6571.6787       1.0731910
       6571.6961       1.0715878
       6571.7136       1.0704124
       6571.7310       1.0697236
       6571.7484       1.0694493
       6571.7658       1.0694144
       6571.7832       1.0694015
       6571.8006       1.0692206
       6571.8180       1.0687629
       6571.8354       1.0680153
       6571.8528       1.0670497
       6571.8702       1.0660010
       6571.8877       1.0650467
       6571.9051       1.0643895
       6571.9225       1.0642373
       6571.9399       1.0647748
       6571.9573       1.0661284
       6571.9747       1.0683374
       6571.9921       1.0713376
       6572.0095       1.0749639
       6572.0269       1.0789649
       6572.0443       1.0830262
       6572.0618       1.0867979
       6572.0792       1.0899325
       6572.0966       1.0921332
       6572.1140       1.0932066
       6572.1314       1.0931048
       6572.1488       1.0919397
       6572.1662       1.0899586
       6572.1836       1.0874918
       6572.2010       1.0848897
       6572.2184       1.0824739
       6572.2359       1.0805098
       6572.2533       1.0791986
       6572.2707       1.0786759
       6572.2881       1.0790061
       6572.3055       1.0801709
       6572.3229       1.0820587
       6572.3403       1.0844629
       6572.3577       1.0870953
       6572.3751       1.0896153
       6572.3925       1.0916704
       6572.4100       1.0929429
       6572.4274       1.0931979
       6572.4448       1.0923185
       6572.4622       1.0903542
       6572.4796       1.0875026
       6572.4970       1.0840869
       6572.5144       1.0804993
       6572.5318       1.0771244
       6572.5492       1.0742606
       6572.5666       1.0720575
       6572.5841       1.0704868
       6572.6015       1.0693537
       6572.6189       1.0683509
       6572.6363       1.0671430
       6572.6537       1.0654654
       6572.6711       1.0632113
       6572.6885       1.0604799
       6572.7059       1.0575640
       6572.7233       1.0548742
       6572.7407       1.0528189
       6572.7582       1.0516829
       6572.7756       1.0515489
       6572.7930       1.0522883
       6572.8104       1.0536201
       6572.8278       1.0552072
       6572.8452       1.0567519
       6572.8626       1.0580604
       6572.8800       1.0590635
       6572.8974       1.0597999
       6572.9149       1.0603770
       6572.9323       1.0609246
       6572.9497       1.0615542
       6572.9671       1.0623315
       6572.9845       1.0632651
       6573.0019       1.0643106
       6573.0193       1.0653863
       6573.0367       1.0663962
       6573.0541       1.0672543
       6573.0715       1.0679034
       6573.0890       1.0683249
       6573.1064       1.0685401
       6573.1238       1.0685960
       6573.1412       1.0685454
       6573.1586       1.0684286
       6573.1760       1.0682630
       6573.1934       1.0680452
       6573.2108       1.0677668
       6573.2282       1.0674344
       6573.2456       1.0670808
       6573.2631       1.0667563
       6573.2805       1.0665006
       6573.2979       1.0663084
       6573.3153       1.0661136
       6573.3327       1.0658084
       6573.3501       1.0652954
       6573.3675       1.0645490
       6573.3849       1.0636530
       6573.4023       1.0627879
       6573.4197       1.0621697
       6573.4372       1.0619673
       6573.4546       1.0622400
       6573.4720       1.0629234
       6573.4894       1.0638701
       6573.5068       1.0649200
       6573.5242       1.0659634
       6573.5416       1.0669702
       6573.5590       1.0679749
       6573.5764       1.0690331
       6573.5938       1.0701751
       6573.6113       1.0713792
       6573.6287       1.0725728
       6573.6461       1.0736567
       6573.6635       1.0745350
       6573.6809       1.0751361
       6573.6983       1.0754210
       6573.7157       1.0753845
       6573.7331       1.0750583
       6573.7505       1.0745201
       6573.7679       1.0738995
       6573.7854       1.0733617
       6573.8028       1.0730702
       6573.8202       1.0731322
       6573.8376       1.0735515
       6573.8550       1.0742133
       6573.8724       1.0749127
       6573.8898       1.0754181
       6573.9072       1.0755430
       6573.9246       1.0751957
       6573.9420       1.0743907
       6573.9595       1.0732204
       6573.9769       1.0718081
       6573.9943       1.0702638
       6574.0117       1.0686608
       6574.0291       1.0670347
       6574.0465       1.0653957
       6574.0639       1.0637403
       6574.0813       1.0620586
       6574.0987       1.0603397
       6574.1161       1.0585837
       6574.1336       1.0568207
       6574.1510       1.0551311
       6574.1684       1.0536514
       6574.1858       1.0525547
       6574.2032       1.0520071
       6574.2206       1.0521133
       6574.2380       1.0528747
       6574.2554       1.0541834
       6574.2728       1.0558595
       6574.2902       1.0577223
       6574.3077       1.0596667
       6574.3251       1.0617119
       6574.3425       1.0639987
       6574.3599       1.0667356
       6574.3773       1.0701137
       6574.3947       1.0742299
       6574.4121       1.0790248
       6574.4295       1.0842878
       6574.4469       1.0897017
       6574.4644       1.0949136
       6574.4818       1.0996148
       6574.4992       1.1036071
       6574.5166       1.1068336
       6574.5340       1.1093627
       6574.5514       1.1113280
       6574.5688       1.1128450
       6574.5862       1.1139392
       6574.6036       1.1145167
       6574.6210       1.1143911
       6574.6385       1.1133556
       6574.6559       1.1112653
       6574.6733       1.1080921
       6574.6907       1.1039311
       6574.7081       1.0989618
       6574.7255       1.0933939
       6574.7429       1.0874270
       6574.7603       1.0812474
       6574.7777       1.0750515
       6574.7951       1.0690734
       6574.8126       1.0635860
       6574.8300       1.0588624
       6574.8474       1.0551069
       6574.8648       1.0523857
       6574.8822       1.0505886
       6574.8996       1.0494431
       6574.9170       1.0485816
       6574.9344       1.0476397
       6574.9518       1.0463516
       6574.9692       1.0446096
       6574.9867       1.0424677
       6575.0041       1.0400926
       6575.0215       1.0376802
       6575.0389       1.0353704
       6575.0563       1.0331873
       6575.0737       1.0310274
       6575.0911       1.0287115
       6575.1085       1.0260747
       6575.1259       1.0230688
       6575.1433       1.0198366
       6575.1608       1.0167199
       6575.1782       1.0141886
       6575.1956       1.0127077
       6575.2130       1.0125909
       6575.2304       1.0139005
       6575.2478       1.0164332
       6575.2652       1.0197977
       6575.2826       1.0235446
       6575.3000       1.0272922
       6575.3174       1.0307998
       6575.3349       1.0339717
       6575.3523       1.0368129
       6575.3697       1.0393706
       6575.3871       1.0416945
       6575.4045       1.0438217
       6575.4219       1.0457789
       6575.4393       1.0475838
       6575.4567       1.0492409
       6575.4741       1.0507340
       6575.4915       1.0520273
       6575.5090       1.0530778
       6575.5264       1.0538573
       6575.5438       1.0543720
       6575.5612       1.0546703
       6575.5786       1.0548350
       6575.5960       1.0549628
       6575.6134       1.0551377
       6575.6308       1.0554083
       6575.6482       1.0557756
       6575.6656       1.0561955
       6575.6831       1.0565919
       6575.7005       1.0568752
       6575.7179       1.0569644
       6575.7353       1.0568021
       6575.7527       1.0563636
       6575.7701       1.0556595
       6575.7875       1.0547301
       6575.8049       1.0536342
       6575.8223       1.0524376
       6575.8397       1.0512076
       6575.8572       1.0500161
       6575.8746       1.0489470
       6575.8920       1.0480992
       6575.9094       1.0475774
       6575.9268       1.0474714
       6575.9442       1.0478302
       6575.9616       1.0486399
       6575.9790       1.0498152
       6575.9964       1.0512062
       6576.0139       1.0526212
       6576.0313       1.0538596
       6576.0487       1.0547492
       6576.0661       1.0551813
       6576.0835       1.0551346
       6576.1009       1.0546802
       6576.1183       1.0539627
       6576.1357       1.0531591
       6576.1531       1.0524245
       6576.1705       1.0518438
       6576.1880       1.0514096
       6576.2054       1.0510381
       6576.2228       1.0506166
       6576.2402       1.0500638
       6576.2576       1.0493752
       6576.2750       1.0486321
       6576.2924       1.0479731
       6576.3098       1.0475382
       6576.3272       1.0474114
       6576.3446       1.0475850
       6576.3621       1.0479586
       6576.3795       1.0483768
       6576.3969       1.0486885
       6576.4143       1.0487930
       6576.4317       1.0486591
       6576.4491       1.0483112
       6576.4665       1.0477953
       6576.4839       1.0471474
       6576.5013       1.0463812
       6576.5187       1.0454949
       6576.5362       1.0444884
       6576.5536       1.0433757
       6576.5710       1.0421866
       6576.5884       1.0409583
       6576.6058       1.0397252
       6576.6232       1.0385099
       6576.6406       1.0373184
       6576.6580       1.0361409
       6576.6754       1.0349579
       6576.6928       1.0337550
       6576.7103       1.0325458
       6576.7277       1.0313940
       6576.7451       1.0304246
       6576.7625       1.0298117
       6576.7799       1.0297395
       6576.7973       1.0303437
       6576.8147       1.0316530
       6576.8321       1.0335518
       6576.8495       1.0357822
       6576.8669       1.0379925
       6576.8844       1.0398226
       6576.9018       1.0410040
       6576.9192       1.0414432
       6576.9366       1.0412574
       6576.9540       1.0407463
       6576.9714       1.0403029
       6576.9888       1.0402909
       6577.0062       1.0409342
       6577.0236       1.0422324
       6577.0410       1.0439756
       6577.0585       1.0458085
       6577.0759       1.0473367
       6577.0933       1.0482370
       6577.1107       1.0483384
       6577.1281       1.0476499
       6577.1455       1.0463334
       6577.1629       1.0446343
       6577.1803       1.0428018
       6577.1977       1.0410263
       6577.2151       1.0394137
       6577.2326       1.0379972
       6577.2500       1.0367707
       6577.2674       1.0357241
       6577.2848       1.0348644
       6577.3022       1.0342172
       6577.3196       1.0338161
       6577.3370       1.0336872
       6577.3544       1.0338372
       6577.3718       1.0342476
       6577.3892       1.0348713
       6577.4067       1.0356322
       6577.4241       1.0364271
       6577.4415       1.0371369
       6577.4589       1.0376483
       6577.4763       1.0378859
       6577.4937       1.0378410
       6577.5111       1.0375822
       6577.5285       1.0372354
       6577.5459       1.0369366
       6577.5634       1.0367768
       6577.5808       1.0367654
       6577.5982       1.0368302
       6577.6156       1.0368546
       6577.6330       1.0367332
       6577.6504       1.0364189
       6577.6678       1.0359443
       6577.6852       1.0354070
       6577.7026       1.0349288
       6577.7200       1.0346119
       6577.7375       1.0345080
       6577.7549       1.0346093
       6577.7723       1.0348652
       6577.7897       1.0352105
       6577.8071       1.0355929
       6577.8245       1.0359859
       6577.8419       1.0363845
       6577.8593       1.0367923
       6577.8767       1.0372099
       6577.8941       1.0376335
       6577.9116       1.0380624
       6577.9290       1.0385107
       6577.9464       1.0390127
       6577.9638       1.0396173
       6577.9812       1.0403702
       6577.9986       1.0412897
       6578.0160       1.0423431
       6578.0334       1.0434363
       6578.0508       1.0444245
       6578.0682       1.0451471
       6578.0857       1.0454793
       6578.1031       1.0453847
       6578.1205       1.0449454
       6578.1379       1.0443557
       6578.1553       1.0438735
       6578.1727       1.0437435
       6578.1901       1.0441161
       6578.2075       1.0449888
       6578.2249       1.0461879
       6578.2423       1.0473959
       6578.2598       1.0482203
       6578.2772       1.0482863
       6578.2946       1.0473356
       6578.3120       1.0453004
       6578.3294       1.0423606
       6578.3468       1.0388965
       6578.3642       1.0354157
       6578.3816       1.0324409
       6578.3990       1.0303956
       6578.4164       1.0295190
       6578.4339       1.0298278
       6578.4513       1.0311273
       6578.4687       1.0330649
       6578.4861       1.0352101
       6578.5035       1.0371447
       6578.5209       1.0385460
       6578.5383       1.0392424
       6578.5557       1.0392321
       6578.5731       1.0386606
       6578.5905       1.0377691
       6578.6080       1.0368319
       6578.6254       1.0360987
       6578.6428       1.0357526
       6578.6602       1.0358848
       6578.6776       1.0364860
       6578.6950       1.0374533
       6578.7124       1.0386197
       6578.7298       1.0398015
       6578.7472       1.0408530
       6578.7646       1.0417058
       6578.7821       1.0423731
       6578.7995       1.0429142
       6578.8169       1.0433800
       6578.8343       1.0437665
       6578.8517       1.0440030
       6578.8691       1.0439777
       6578.8865       1.0435868
       6578.9039       1.0427799
       6578.9213       1.0415862
       6578.9387       1.0401147
       6578.9562       1.0385368
       6578.9736       1.0370590
       6578.9910       1.0358875
       6579.0084       1.0351960
       6579.0258       1.0350955
       6579.0432       1.0356124
       6579.0606       1.0366795
       6579.0780       1.0381457
       6579.0954       1.0398006
       6579.1128       1.0414112
       6579.1303       1.0427628
       6579.1477       1.0436937
       6579.1651       1.0441173
       6579.1825       1.0440233
       6579.1999       1.0434608
       6579.2173       1.0425124
       6579.2347       1.0412720
       6579.2521       1.0398340
       6579.2695       1.0382948
       6579.2870       1.0367582
       6579.3044       1.0353319
       6579.3218       1.0341135
       6579.3392       1.0331685
       6579.3566       1.0325150
       6579.3740       1.0321259
       6579.3914       1.0319511
       6579.4088       1.0319521
       6579.4262       1.0321307
       6579.4436       1.0325368
       6579.4611       1.0332497
       6579.4785       1.0343415
       6579.4959       1.0358386
       6579.5133       1.0376992
       6579.5307       1.0398153
       6579.5481       1.0420365
       6579.5655       1.0442039
       6579.5829       1.0461780
       6579.6003       1.0478520
       6579.6177       1.0491465
       6579.6352       1.0500004
       6579.6526       1.0503517
       6579.6700       1.0501390
       6579.6874       1.0493169
       6579.7048       1.0478830
       6579.7222       1.0459025
       6579.7396       1.0435169
       6579.7570       1.0409306
       6579.7744       1.0383788
       6579.7918       1.0360890
       6579.8093       1.0342465
       6579.8267       1.0329691
       6579.8441       1.0322901
       6579.8615       1.0321490
       6579.8789       1.0323928
       6579.8963       1.0327976
       6579.9137       1.0331157
       6579.9311       1.0331413
       6579.9485       1.0327752
       6579.9659       1.0320611
       6579.9834       1.0311736
       6580.0008       1.0303586
       6580.0182       1.0298460
       6580.0356       1.0297685
       6580.0530       1.0301180
       6580.0704       1.0307537
       6580.0878       1.0314546
       6580.1052       1.0319929
       6580.1226       1.0322000
       6580.1400       1.0320060
       6580.1575       1.0314482
       6580.1749       1.0306511
       6580.1923       1.0297893
       6580.2097       1.0290415
       6580.2271       1.0285454
       6580.2445       1.0283642
       6580.2619       1.0284756
       6580.2793       1.0287846
       6580.2967       1.0291706
       6580.3141       1.0295367
       6580.3316       1.0298456
       6580.3490       1.0301229
       6580.3664       1.0304281
       6580.3838       1.0308101
       6580.4012       1.0312730
       6580.4186       1.0317759
       6580.4360       1.0322656
       6580.4534       1.0327231
       6580.4708       1.0331958
       6580.4882       1.0337928
       6580.5057       1.0346435
       6580.5231       1.0358405
       6580.5405       1.0373950
       6580.5579       1.0392272
       6580.5753       1.0411936
       6580.5927       1.0431360
       6580.6101       1.0449261
       6580.6275       1.0464872
       6580.6449       1.0477879
       6580.6623       1.0488189
       6580.6798       1.0495734
       6580.6972       1.0500450
       6580.7146       1.0502442
       6580.7320       1.0502193
       6580.7494       1.0500615
       6580.7668       1.0498849
       6580.7842       1.0497870
       6580.8016       1.0498105
       6580.8190       1.0499276
       6580.8365       1.0500525
       6580.8539       1.0500733
       6580.8713       1.0498859
       6580.8887       1.0494184
       6580.9061       1.0486423
       6580.9235       1.0475751
       6580.9409       1.0462761
       6580.9583       1.0448302
       6580.9757       1.0433304
       6580.9931       1.0418617
       6581.0106       1.0404925
       6581.0280       1.0392757
       6581.0454       1.0382537
       6581.0628       1.0374571
       6581.0802       1.0368925
       6581.0976       1.0365249
       6581.1150       1.0362642
       6581.1324       1.0359695
       6581.1498       1.0354755
       6581.1672       1.0346364
       6581.1847       1.0333718
       6581.2021       1.0316975
       6581.2195       1.0297271
       6581.2369       1.0276428
       6581.2543       1.0256481
       6581.2717       1.0239202
       6581.2891       1.0225800
       6581.3065       1.0216868
       6581.3239       1.0212508
       6581.3413       1.0212512
       6581.3588       1.0216486
       6581.3762       1.0223871
       6581.3936       1.0233906
       6581.4110       1.0245626
       6581.4284       1.0257946
       6581.4458       1.0269829
       6581.4632       1.0280507
       6581.4806       1.0289623
       6581.4980       1.0297269
       6581.5154       1.0303857
       6581.5329       1.0309919
       6581.5503       1.0315902
       6581.5677       1.0322063
       6581.5851       1.0328456
       6581.6025       1.0334990
       6581.6199       1.0341481
       6581.6373       1.0347674
       6581.6547       1.0353278
       6581.6721       1.0358049
       6581.6895       1.0361903
       6581.7070       1.0364994
       6581.7244       1.0367696
       6581.7418       1.0370474
       6581.7592       1.0373682
       6581.7766       1.0377382
       6581.7940       1.0381216
       6581.8114       1.0384380
       6581.8288       1.0385735
       6581.8462       1.0384083
       6581.8636       1.0378586
       6581.8811       1.0369228
       6581.8985       1.0357094
       6581.9159       1.0344288
       6581.9333       1.0333439
       6581.9507       1.0326931
       6581.9681       1.0326172
       6581.9855       1.0331177
       6582.0029       1.0340617
       6582.0203       1.0352249
       6582.0377       1.0363552
       6582.0552       1.0372314
       6582.0726       1.0377046
       6582.0900       1.0377150
       6582.1074       1.0372875
       6582.1248       1.0365110
       6582.1422       1.0355100
       6582.1596       1.0344144
       6582.1770       1.0333349
       6582.1944       1.0323478
       6582.2118       1.0314913
       6582.2293       1.0307727
       6582.2467       1.0301833
       6582.2641       1.0297188
       6582.2815       1.0293917
       6582.2989       1.0292330
       6582.3163       1.0292776
       6582.3337       1.0295391
       6582.3511       1.0299829
       6582.3685       1.0305135
       6582.3860       1.0309851
       6582.4034       1.0312377
       6582.4208       1.0311485
       6582.4382       1.0306778
       6582.4556       1.0298899
       6582.4730       1.0289373
       6582.4904       1.0280125
       6582.5078       1.0272901
       6582.5252       1.0268841
       6582.5426       1.0268363
       6582.5601       1.0271330
       6582.5775       1.0277334
       6582.5949       1.0285908
       6582.6123       1.0296575
       6582.6297       1.0308793
       6582.6471       1.0321916
       6582.6645       1.0335238
       6582.6819       1.0348101
       6582.6993       1.0359995
       6582.7167       1.0370581
       6582.7342       1.0379665
       6582.7516       1.0387166
       6582.7690       1.0393163
       6582.7864       1.0397958
       6582.8038       1.0402090
       6582.8212       1.0406183
       6582.8386       1.0410678
       6582.8560       1.0415575
       6582.8734       1.0420388
       6582.8908       1.0424415
       6582.9083       1.0427186
       6582.9257       1.0428838
       6582.9431       1.0430190
       6582.9605       1.0432431
       6582.9779       1.0436572
       6582.9953       1.0442932
       6583.0127       1.0450921
       6583.0301       1.0459208
       6583.0475       1.0466162
       6583.0649       1.0470345
       6583.0824       1.0470828
       6583.0998       1.0467258
       6583.1172       1.0459733
       6583.1346       1.0448639
       6583.1520       1.0434565
       6583.1694       1.0418328
       6583.1868       1.0401061
       6583.2042       1.0384249
       6583.2216       1.0369647
       6583.2390       1.0359032
       6583.2565       1.0353814
       6583.2739       1.0354575
       6583.2913       1.0360693
       6583.3087       1.0370229
       6583.3261       1.0380196
       6583.3435       1.0387257
       6583.3609       1.0388639
       6583.3783       1.0382960
       6583.3957       1.0370625
       6583.4131       1.0353577
       6583.4306       1.0334480
       6583.4480       1.0315687
       6583.4654       1.0298430
       6583.4828       1.0282609
       6583.5002       1.0267242
       6583.5176       1.0251314
       6583.5350       1.0234620
       6583.5524       1.0218121
       6583.5698       1.0203623
       6583.5872       1.0192983
       6583.6047       1.0187192
       6583.6221       1.0185763
       6583.6395       1.0186689
       6583.6569       1.0187022
       6583.6743       1.0183834
       6583.6917       1.0175196
       6583.7091       1.0160804
       6583.7265       1.0142031
       6583.7439       1.0121385
       6583.7613       1.0101641
       6583.7788       1.0084968
       6583.7962       1.0072404
       6583.8136       1.0063847
       6583.8310       1.0058507
       6583.8484       1.0055615
       6583.8658       1.0055055
       6583.8832       1.0057664
       6583.9006       1.0065055
       6583.9180       1.0079012
       6583.9355       1.0100644
       6583.9529       1.0129583
       6583.9703       1.0163556
       6583.9877       1.0198576
       6584.0051       1.0229791
       6584.0225       1.0252829
       6584.0399       1.0265184
       6584.0573       1.0267123
       6584.0747       1.0261714
       6584.0921       1.0253915
       6584.1096       1.0249021
       6584.1270       1.0251032
       6584.1444       1.0261533
       6584.1618       1.0279425
       6584.1792       1.0301527
       6584.1966       1.0323735
       6584.2140       1.0342412
       6584.2314       1.0355224
       6584.2488       1.0361384
       6584.2662       1.0361349
       6584.2837       1.0356238
       6584.3011       1.0347303
       6584.3185       1.0335645
       6584.3359       1.0322119
       6584.3533       1.0307325
       6584.3707       1.0291576
       6584.3881       1.0274888
       6584.4055       1.0257113
       6584.4229       1.0238269
       6584.4403       1.0218958
       6584.4578       1.0200635
       6584.4752       1.0185526
       6584.4926       1.0176137
       6584.5100       1.0174543
       6584.5274       1.0181704
       6584.5448       1.0197051
       6584.5622       1.0218442
       6584.5796       1.0242461
       6584.5970       1.0264981
       6584.6144       1.0281920
       6584.6319       1.0290090
       6584.6493       1.0287968
       6584.6667       1.0276181
       6584.6841       1.0257458
       6584.7015       1.0235995
       6584.7189       1.0216377
       6584.7363       1.0202384
       6584.7537       1.0196100
       6584.7711       1.0197568
       6584.7885       1.0205025
       6584.8060       1.0215549
       6584.8234       1.0225819
       6584.8408       1.0232821
       6584.8582       1.0234391
       6584.8756       1.0229498
       6584.8930       1.0218410
       6584.9104       1.0202721
       6584.9278       1.0185171
       6584.9452       1.0169205
       6584.9626       1.0158281
       6584.9801       1.0155082
       6584.9975       1.0160841
