# Angstrom [air],  flux [abs.cor.cont.sub+1]
       6544.9950       1.0234704
       6545.0124       1.0227137
       6545.0298       1.0221006
       6545.0472       1.0217351
       6545.0646       1.0216794
       6545.0820       1.0219277
       6545.0994       1.0224059
       6545.1169       1.0229959
       6545.1343       1.0235730
       6545.1517       1.0240373
       6545.1691       1.0243334
       6545.1865       1.0244497
       6545.2039       1.0244073
       6545.2213       1.0242519
       6545.2387       1.0240504
       6545.2561       1.0238913
       6545.2735       1.0238815
       6545.2910       1.0241343
       6545.3084       1.0247482
       6545.3258       1.0257830
       6545.3432       1.0272433
       6545.3606       1.0290774
       6545.3780       1.0311956
       6545.3954       1.0335032
       6545.4128       1.0359362
       6545.4302       1.0384860
       6545.4477       1.0412047
       6545.4651       1.0441885
       6545.4825       1.0475504
       6545.4999       1.0513925
       6545.5173       1.0557894
       6545.5347       1.0607874
       6545.5521       1.0664138
       6545.5695       1.0726903
       6545.5869       1.0796414
       6545.6043       1.0872929
       6545.6218       1.0956619
       6545.6392       1.1047385
       6545.6566       1.1144659
       6545.6740       1.1247207
       6545.6914       1.1352995
       6545.7088       1.1459163
       6545.7262       1.1562170
       6545.7436       1.1658133
       6545.7610       1.1743317
       6545.7784       1.1814659
       6545.7959       1.1870160
       6545.8133       1.1908980
       6545.8307       1.1931307
       6545.8481       1.1937797
       6545.8655       1.1929110
       6545.8829       1.1905562
       6545.9003       1.1867020
       6545.9177       1.1813020
       6545.9351       1.1742987
       6545.9526       1.1656442
       6545.9700       1.1553147
       6545.9874       1.1433207
       6546.0048       1.1297180
       6546.0222       1.1146231
       6546.0396       1.0982268
       6546.0570       1.0808027
       6546.0744       1.0627000
       6546.0918       1.0443222
       6546.1092       1.0260921
       6546.1267       1.0084115
       6546.1441      0.99162642
       6546.1615      0.97600545
       6546.1789      0.96173784
       6546.1963      0.94894893
       6546.2137      0.93772528
       6546.2311      0.92813789
       6546.2485      0.92025428
       6546.2659      0.91413588
       6546.2833      0.90982534
       6546.3008      0.90733250
       6546.3182      0.90662782
       6546.3356      0.90764604
       6546.3530      0.91029574
       6546.3704      0.91446636
       6546.3878      0.92002640
       6546.4052      0.92681411
       6546.4226      0.93462942
       6546.4400      0.94323666
       6546.4575      0.95238218
       6546.4749      0.96181247
       6546.4923      0.97129652
       6546.5097      0.98062269
       6546.5271      0.98958107
       6546.5445      0.99794622
       6546.5619       1.0054778
       6546.5793       1.0119494
       6546.5967       1.0171997
       6546.6141       1.0211854
       6546.6316       1.0240102
       6546.6490       1.0259123
       6546.6664       1.0272106
       6546.6838       1.0282269
       6546.7012       1.0292088
       6546.7186       1.0302803
       6546.7360       1.0314296
       6546.7534       1.0325361
       6546.7708       1.0334236
       6546.7882       1.0339241
       6546.8057       1.0339331
       6546.8231       1.0334457
       6546.8405       1.0325645
       6546.8579       1.0314796
       6546.8753       1.0304280
       6546.8927       1.0296419
       6546.9101       1.0292988
       6546.9275       1.0294867
       6546.9449       1.0301907
       6546.9624       1.0313034
       6546.9798       1.0326552
       6546.9972       1.0340506
       6547.0146       1.0352990
       6547.0320       1.0362307
       6547.0494       1.0366967
       6547.0668       1.0365610
       6547.0842       1.0356983
       6547.1016       1.0340017
       6547.1190       1.0314047
       6547.1365       1.0279186
       6547.1539       1.0236412
       6547.1713       1.0187700
       6547.1887       1.0135973
       6547.2061       1.0084903
       6547.2235       1.0038579
       6547.2409       1.0001053
       6547.2583      0.99757833
       6547.2757      0.99650717
       6547.2932      0.99696039
       6547.3106      0.99882485
       6547.3280       1.0018226
       6547.3454       1.0055663
       6547.3628       1.0096431
       6547.3802       1.0137019
       6547.3976       1.0175177
       6547.4150       1.0210093
       6547.4324       1.0242084
       6547.4498       1.0271932
       6547.4673       1.0300195
       6547.4847       1.0326762
       6547.5021       1.0350830
       6547.5195       1.0371254
       6547.5369       1.0387058
       6547.5543       1.0397878
       6547.5717       1.0404132
       6547.5891       1.0406889
       6547.6065       1.0407523
       6547.6239       1.0407321
       6547.6414       1.0407207
       6547.6588       1.0407652
       6547.6762       1.0408770
       6547.6936       1.0410500
       6547.7110       1.0412785
       6547.7284       1.0415672
       6547.7458       1.0419323
       6547.7632       1.0423953
       6547.7806       1.0429705
       6547.7981       1.0436521
       6547.8155       1.0444048
       6547.8329       1.0451614
       6547.8503       1.0458318
       6547.8677       1.0463223
       6547.8851       1.0465590
       6547.9025       1.0465032
       6547.9199       1.0461519
       6547.9373       1.0455200
       6547.9547       1.0446112
       6547.9722       1.0433876
       6547.9896       1.0417476
       6548.0070       1.0395195
       6548.0244       1.0364721
       6548.0418       1.0323457
       6548.0592       1.0269047
       6548.0766       1.0200111
       6548.0940       1.0117079
       6548.1114       1.0022885
       6548.1288      0.99232372
       6548.1463      0.98261883
       6548.1637      0.97409807
       6548.1811      0.96763604
       6548.1985      0.96388155
       6548.2159      0.96312611
       6548.2333      0.96525767
       6548.2507      0.96981266
       6548.2681      0.97610617
       6548.2855      0.98339517
       6548.3030      0.99102258
       6548.3204      0.99850327
       6548.3378       1.0055392
       6548.3552       1.0119793
       6548.3726       1.0177547
       6548.3900       1.0228236
       6548.4074       1.0271418
       6548.4248       1.0306691
       6548.4422       1.0333986
       6548.4596       1.0353729
       6548.4771       1.0366970
       6548.4945       1.0375259
       6548.5119       1.0380336
       6548.5293       1.0383761
       6548.5467       1.0386629
       6548.5641       1.0389488
       6548.5815       1.0392469
       6548.5989       1.0395533
       6548.6163       1.0398715
       6548.6337       1.0402230
       6548.6512       1.0406432
       6548.6686       1.0411671
       6548.6860       1.0418161
       6548.7034       1.0425913
       6548.7208       1.0434780
       6548.7382       1.0444531
       6548.7556       1.0454927
       6548.7730       1.0465743
       6548.7904       1.0476770
       6548.8079       1.0487820
       6548.8253       1.0498757
       6548.8427       1.0509525
       6548.8601       1.0520129
       6548.8775       1.0530526
       6548.8949       1.0540474
       6548.9123       1.0549385
       6548.9297       1.0556300
       6548.9471       1.0560030
       6548.9645       1.0559456
       6548.9820       1.0553911
       6548.9994       1.0543491
       6549.0168       1.0529181
       6549.0342       1.0512720
       6549.0516       1.0496224
       6549.0690       1.0481731
       6549.0864       1.0470685
       6549.1038       1.0463740
       6549.1212       1.0460745
       6549.1386       1.0460932
       6549.1561       1.0463182
       6549.1735       1.0466305
       6549.1909       1.0469255
       6549.2083       1.0471284
       6549.2257       1.0472031
       6549.2431       1.0471542
       6549.2605       1.0470206
       6549.2779       1.0468607
       6549.2953       1.0467307
       6549.3128       1.0466627
       6549.3302       1.0466505
       6549.3476       1.0466506
       6549.3650       1.0465981
       6549.3824       1.0464327
       6549.3998       1.0461204
       6549.4172       1.0456631
       6549.4346       1.0450908
       6549.4520       1.0444429
       6549.4694       1.0437502
       6549.4869       1.0430285
       6549.5043       1.0422879
       6549.5217       1.0415510
       6549.5391       1.0408688
       6549.5565       1.0403216
       6549.5739       1.0400012
       6549.5913       1.0399795
       6549.6087       1.0402764
       6549.6261       1.0408405
       6549.6435       1.0415539
       6549.6610       1.0422615
       6549.6784       1.0428182
       6549.6958       1.0431365
       6549.7132       1.0432180
       6549.7306       1.0431557
       6549.7480       1.0430970
       6549.7654       1.0431847
       6549.7828       1.0435017
       6549.8002       1.0440406
       6549.8177       1.0447137
       6549.8351       1.0453948
       6549.8525       1.0459733
       6549.8699       1.0463920
       6549.8873       1.0466529
       6549.9047       1.0467931
       6549.9221       1.0468502
       6549.9395       1.0468383
       6549.9569       1.0467471
       6549.9743       1.0465597
       6549.9918       1.0462761
       6550.0092       1.0459256
       6550.0266       1.0455631
       6550.0440       1.0452515
       6550.0614       1.0450408
       6550.0788       1.0449536
       6550.0962       1.0449855
       6550.1136       1.0451185
       6550.1310       1.0453404
       6550.1484       1.0456600
       6550.1659       1.0461058
       6550.1833       1.0467078
       6550.2007       1.0474708
       6550.2181       1.0483534
       6550.2355       1.0492685
       6550.2529       1.0501056
       6550.2703       1.0507661
       6550.2877       1.0511920
       6550.3051       1.0513733
       6550.3226       1.0513320
       6550.3400       1.0510931
       6550.3574       1.0506614
       6550.3748       1.0500163
       6550.3922       1.0491365
       6550.4096       1.0480298
       6550.4270       1.0467638
       6550.4444       1.0454751
       6550.4618       1.0443460
       6550.4792       1.0435549
       6550.4967       1.0432139
       6550.5141       1.0433203
       6550.5315       1.0437456
       6550.5489       1.0442728
       6550.5663       1.0446722
       6550.5837       1.0447853
       6550.6011       1.0445841
       6550.6185       1.0441790
       6550.6359       1.0437778
       6550.6533       1.0436121
       6550.6708       1.0438649
       6550.6882       1.0446233
       6550.7056       1.0458665
       6550.7230       1.0474851
       6550.7404       1.0493166
       6550.7578       1.0511832
       6550.7752       1.0529214
       6550.7926       1.0544022
       6550.8100       1.0555407
       6550.8275       1.0563003
       6550.8449       1.0566927
       6550.8623       1.0567742
       6550.8797       1.0566396
       6550.8971       1.0564104
       6550.9145       1.0562192
       6550.9319       1.0561904
       6550.9493       1.0564175
       6550.9667       1.0569421
       6550.9841       1.0577374
       6551.0016       1.0587030
       6551.0190       1.0596781
       6551.0364       1.0604762
       6551.0538       1.0609411
       6551.0712       1.0609967
       6551.0886       1.0606779
       6551.1060       1.0601229
       6551.1234       1.0595294
       6551.1408       1.0590895
       6551.1582       1.0589324
       6551.1757       1.0590971
       6551.1931       1.0595420
       6551.2105       1.0601803
       6551.2279       1.0609180
       6551.2453       1.0616794
       6551.2627       1.0624113
       6551.2801       1.0630751
       6551.2975       1.0636360
       6551.3149       1.0640617
       6551.3324       1.0643285
       6551.3498       1.0644331
       6551.3672       1.0644005
       6551.3846       1.0642836
       6551.4020       1.0641505
       6551.4194       1.0640646
       6551.4368       1.0640612
       6551.4542       1.0641275
       6551.4716       1.0641922
       6551.4890       1.0641280
       6551.5065       1.0637731
       6551.5239       1.0629706
       6551.5413       1.0616232
       6551.5587       1.0597462
       6551.5761       1.0574969
       6551.5935       1.0551585
       6551.6109       1.0530747
       6551.6283       1.0515535
       6551.6457       1.0507780
       6551.6631       1.0507642
       6551.6806       1.0513840
       6551.6980       1.0524334
       6551.7154       1.0537341
       6551.7328       1.0551866
       6551.7502       1.0567746
       6551.7676       1.0585202
       6551.7850       1.0604221
       6551.8024       1.0624094
       6551.8198       1.0643338
       6551.8373       1.0659988
       6551.8547       1.0672105
       6551.8721       1.0678271
       6551.8895       1.0677925
       6551.9069       1.0671452
       6551.9243       1.0660016
       6551.9417       1.0645171
       6551.9591       1.0628320
       6551.9765       1.0610151
       6551.9939       1.0590202
       6552.0114       1.0566724
       6552.0288       1.0536907
       6552.0462       1.0497461
       6552.0636       1.0445423
       6552.0810       1.0379036
       6552.0984       1.0298529
       6552.1158       1.0206622
       6552.1332       1.0108631
       6552.1506       1.0012070
       6552.1681      0.99257494
       6552.1855      0.98584793
       6552.2029      0.98176334
       6552.2203      0.98078783
       6552.2377      0.98303821
       6552.2551      0.98826895
       6552.2725      0.99592868
       6552.2899       1.0052691
       6552.3073       1.0154777
       6552.3247       1.0257973
       6552.3422       1.0356149
       6552.3596       1.0445068
       6552.3770       1.0522257
       6552.3944       1.0586661
       6552.4118       1.0638260
       6552.4292       1.0677752
       6552.4466       1.0706375
       6552.4640       1.0725781
       6552.4814       1.0737877
       6552.4988       1.0744600
       6552.5163       1.0747621
       6552.5337       1.0748136
       6552.5511       1.0746818
       6552.5685       1.0744021
       6552.5859       1.0740122
       6552.6033       1.0735864
       6552.6207       1.0732472
       6552.6381       1.0731472
       6552.6555       1.0734249
       6552.6730       1.0741547
       6552.6904       1.0753159
       6552.7078       1.0767958
       6552.7252       1.0784281
       6552.7426       1.0800510
       6552.7600       1.0815620
       6552.7774       1.0829476
       6552.7948       1.0842773
       6552.8122       1.0856632
       6552.8296       1.0872005
       6552.8471       1.0889094
       6552.8645       1.0907028
       6552.8819       1.0923960
       6552.8993       1.0937596
       6552.9167       1.0945967
       6552.9341       1.0948143
       6552.9515       1.0944566
       6552.9689       1.0936870
       6552.9863       1.0927281
       6553.0037       1.0917844
       6553.0212       1.0909865
       6553.0386       1.0903776
       6553.0560       1.0899338
       6553.0734       1.0895985
       6553.0908       1.0893069
       6553.1082       1.0889903
       6553.1256       1.0885666
       6553.1430       1.0879318
       6553.1604       1.0869647
       6553.1779       1.0855441
       6553.1953       1.0835691
       6553.2127       1.0809725
       6553.2301       1.0777261
       6553.2475       1.0738454
       6553.2649       1.0694040
       6553.2823       1.0645587
       6553.2997       1.0595752
       6553.3171       1.0548344
       6553.3345       1.0508016
       6553.3520       1.0479542
       6553.3694       1.0466804
       6553.3868       1.0471801
       6553.4042       1.0494029
       6553.4216       1.0530461
       6553.4390       1.0576165
       6553.4564       1.0625359
       6553.4738       1.0672582
       6553.4912       1.0713641
       6553.5086       1.0746134
       6553.5261       1.0769477
       6553.5435       1.0784550
       6553.5609       1.0793131
       6553.5783       1.0797333
       6553.5957       1.0799181
       6553.6131       1.0800369
       6553.6305       1.0802158
       6553.6479       1.0805344
       6553.6653       1.0810258
       6553.6828       1.0816869
       6553.7002       1.0824942
       6553.7176       1.0834260
       6553.7350       1.0844788
       6553.7524       1.0856672
       6553.7698       1.0870067
       6553.7872       1.0884861
       6553.8046       1.0900483
       6553.8220       1.0915937
       6553.8394       1.0930081
       6553.8569       1.0942040
       6553.8743       1.0951549
       6553.8917       1.0959043
       6553.9091       1.0965431
       6553.9265       1.0971662
       6553.9439       1.0978241
       6553.9613       1.0984919
       6553.9787       1.0990651
       6553.9961       1.0993846
       6554.0135       1.0992840
       6554.0310       1.0986425
       6554.0484       1.0974304
       6554.0658       1.0957303
       6554.0832       1.0937253
       6554.1006       1.0916552
       6554.1180       1.0897552
       6554.1354       1.0881957
       6554.1528       1.0870445
       6554.1702       1.0862615
       6554.1877       1.0857227
       6554.2051       1.0852641
       6554.2225       1.0847290
       6554.2399       1.0840090
       6554.2573       1.0830723
       6554.2747       1.0819755
       6554.2921       1.0808615
       6554.3095       1.0799332
       6554.3269       1.0794105
       6554.3443       1.0794777
       6554.3618       1.0802342
       6554.3792       1.0816662
       6554.3966       1.0836508
       6554.4140       1.0859927
       6554.4314       1.0884767
       6554.4488       1.0909165
       6554.4662       1.0931821
       6554.4836       1.0952025
       6554.5010       1.0969521
       6554.5184       1.0984315
       6554.5359       1.0996547
       6554.5533       1.1006433
       6554.5707       1.1014243
       6554.5881       1.1020266
       6554.6055       1.1024761
       6554.6229       1.1027921
       6554.6403       1.1029903
       6554.6577       1.1030952
       6554.6751       1.1031570
       6554.6926       1.1032629
       6554.7100       1.1035340
       6554.7274       1.1041034
       6554.7448       1.1050822
       6554.7622       1.1065244
       6554.7796       1.1084075
       6554.7970       1.1106373
       6554.8144       1.1130776
       6554.8318       1.1155947
       6554.8492       1.1181018
       6554.8667       1.1205851
       6554.8841       1.1231020
       6554.9015       1.1257521
       6554.9189       1.1286321
       6554.9363       1.1317955
       6554.9537       1.1352181
       6554.9711       1.1388034
       6554.9885       1.1423977
       6555.0059       1.1458165
       6555.0233       1.1488693
       6555.0408       1.1513829
       6555.0582       1.1532212
       6555.0756       1.1543020
       6555.0930       1.1546093
       6555.1104       1.1541927
       6555.1278       1.1531524
       6555.1452       1.1516070
       6555.1626       1.1496534
       6555.1800       1.1473284
       6555.1975       1.1445867
       6555.2149       1.1413062
       6555.2323       1.1373267
       6555.2497       1.1325138
       6555.2671       1.1268294
       6555.2845       1.1203846
       6555.3019       1.1134475
       6555.3193       1.1063988
       6555.3367       1.0996424
       6555.3541       1.0935037
       6555.3716       1.0881506
       6555.3890       1.0835686
       6555.4064       1.0795989
       6555.4238       1.0760254
       6555.4412       1.0726781
       6555.4586       1.0695152
       6555.4760       1.0666563
       6555.4934       1.0643577
       6555.5108       1.0629383
       6555.5282       1.0626834
       6555.5457       1.0637540
       6555.5631       1.0661303
       6555.5805       1.0696057
       6555.5979       1.0738175
       6555.6153       1.0783320
       6555.6327       1.0827372
       6555.6501       1.0867150
       6555.6675       1.0900842
       6555.6849       1.0928027
       6555.7024       1.0949363
       6555.7198       1.0966110
       6555.7372       1.0979697
       6555.7546       1.0991474
       6555.7720       1.1002665
       6555.7894       1.1014417
       6555.8068       1.1027799
       6555.8242       1.1043621
       6555.8416       1.1062101
       6555.8590       1.1082494
       6555.8765       1.1102928
       6555.8939       1.1120596
       6555.9113       1.1132378
       6555.9287       1.1135695
       6555.9461       1.1129322
       6555.9635       1.1113814
       6555.9809       1.1091384
       6555.9983       1.1065287
       6556.0157       1.1038985
       6556.0331       1.1015424
       6556.0506       1.0996667
       6556.0680       1.0983918
       6556.0854       1.0977778
       6556.1028       1.0978499
       6556.1202       1.0986054
       6556.1376       1.1000014
       6556.1550       1.1019374
       6556.1724       1.1042503
       6556.1898       1.1067343
       6556.2073       1.1091800
       6556.2247       1.1114141
       6556.2421       1.1133209
       6556.2595       1.1148485
       6556.2769       1.1159833
       6556.2943       1.1167329
       6556.3117       1.1171187
       6556.3291       1.1171838
       6556.3465       1.1170046
       6556.3639       1.1166958
       6556.3814       1.1163991
       6556.3988       1.1162560
       6556.4162       1.1163701
       6556.4336       1.1167716
       6556.4510       1.1173955
       6556.4684       1.1180805
       6556.4858       1.1185937
       6556.5032       1.1186726
       6556.5206       1.1180743
       6556.5381       1.1166178
       6556.5555       1.1142098
       6556.5729       1.1108497
       6556.5903       1.1066159
       6556.6077       1.1016427
       6556.6251       1.0960962
       6556.6425       1.0901624
       6556.6599       1.0840498
       6556.6773       1.0780046
       6556.6947       1.0723233
       6556.7122       1.0673476
       6556.7296       1.0634321
       6556.7470       1.0608884
       6556.7644       1.0599234
       6556.7818       1.0605935
       6556.7992       1.0627937
       6556.8166       1.0662828
       6556.8340       1.0707346
       6556.8514       1.0757966
       6556.8688       1.0811369
       6556.8863       1.0864693
       6556.9037       1.0915605
       6556.9211       1.0962285
       6556.9385       1.1003361
       6556.9559       1.1037963
       6556.9733       1.1065859
       6556.9907       1.1087607
       6557.0081       1.1104555
       6557.0255       1.1118612
       6557.0430       1.1131772
       6557.0604       1.1145531
       6557.0778       1.1160420
       6557.0952       1.1175861
       6557.1126       1.1190404
       6557.1300       1.1202261
       6557.1474       1.1209910
       6557.1648       1.1212549
       6557.1822       1.1210292
       6557.1996       1.1204119
       6557.2171       1.1195678
       6557.2345       1.1187025
       6557.2519       1.1180315
       6557.2693       1.1177450
       6557.2867       1.1179680
       6557.3041       1.1187257
       6557.3215       1.1199271
       6557.3389       1.1213779
       6557.3563       1.1228235
       6557.3737       1.1240109
       6557.3912       1.1247505
       6557.4086       1.1249604
       6557.4260       1.1246800
       6557.4434       1.1240504
       6557.4608       1.1232663
       6557.4782       1.1225119
       6557.4956       1.1219004
       6557.5130       1.1214356
       6557.5304       1.1210070
       6557.5479       1.1204199
       6557.5653       1.1194575
       6557.5827       1.1179485
       6557.6001       1.1158230
       6557.6175       1.1131447
       6557.6349       1.1101111
       6557.6523       1.1070231
       6557.6697       1.1042299
       6557.6871       1.1020647
       6557.7045       1.1007857
       6557.7220       1.1005362
       6557.7394       1.1013296
       6557.7568       1.1030620
       6557.7742       1.1055437
       6557.7916       1.1085411
       6557.8090       1.1118178
       6557.8264       1.1151655
       6557.8438       1.1184192
       6557.8612       1.1214570
       6557.8786       1.1241892
       6557.8961       1.1265463
       6557.9135       1.1284720
       6557.9309       1.1299238
       6557.9483       1.1308798
       6557.9657       1.1313428
       6557.9831       1.1313401
       6558.0005       1.1309197
       6558.0179       1.1301485
       6558.0353       1.1291189
       6558.0528       1.1279598
       6558.0702       1.1268406
       6558.0876       1.1259580
       6558.1050       1.1254992
       6558.1224       1.1255932
       6558.1398       1.1262693
       6558.1572       1.1274428
       6558.1746       1.1289347
       6558.1920       1.1305169
       6558.2094       1.1319685
       6558.2269       1.1331248
       6558.2443       1.1339018
       6558.2617       1.1343007
       6558.2791       1.1343969
       6558.2965       1.1343166
       6558.3139       1.1342065
       6558.3313       1.1342019
       6558.3487       1.1344001
       6558.3661       1.1348467
       6558.3835       1.1355359
       6558.4010       1.1364245
       6558.4184       1.1374496
       6558.4358       1.1385419
       6558.4532       1.1396302
       6558.4706       1.1406415
       6558.4880       1.1415022
       6558.5054       1.1421484
       6558.5228       1.1425431
       6558.5402       1.1426925
       6558.5577       1.1426521
       6558.5751       1.1425179
       6558.5925       1.1424066
       6558.6099       1.1424340
       6558.6273       1.1426995
       6558.6447       1.1432789
       6558.6621       1.1442215
       6558.6795       1.1455446
       6558.6969       1.1472261
       6558.7143       1.1491987
       6558.7318       1.1513551
       6558.7492       1.1535682
       6558.7666       1.1557210
       6558.7840       1.1577348
       6558.8014       1.1595812
       6558.8188       1.1612735
       6558.8362       1.1628394
       6558.8536       1.1642936
       6558.8710       1.1656260
       6558.8884       1.1668083
       6558.9059       1.1678243
       6558.9233       1.1687021
       6558.9407       1.1695301
       6558.9581       1.1704438
       6558.9755       1.1715841
       6558.9929       1.1730458
       6559.0103       1.1748410
       6559.0277       1.1768973
       6559.0451       1.1790953
       6559.0626       1.1813259
       6559.0800       1.1835405
       6559.0974       1.1857646
       6559.1148       1.1880682
       6559.1322       1.1905056
       6559.1496       1.1930555
       6559.1670       1.1955918
       6559.1844       1.1978994
       6559.2018       1.1997294
       6559.2192       1.2008705
       6559.2367       1.2012087
       6559.2541       1.2007556
       6559.2715       1.1996365
       6559.2889       1.1980449
       6559.3063       1.1961786
       6559.3237       1.1941811
       6559.3411       1.1921062
       6559.3585       1.1899167
       6559.3759       1.1875150
       6559.3933       1.1847884
       6559.4108       1.1816498
       6559.4282       1.1780599
       6559.4456       1.1740292
       6559.4630       1.1696078
       6559.4804       1.1648761
       6559.4978       1.1599437
       6559.5152       1.1549640
       6559.5326       1.1501372
       6559.5500       1.1457117
       6559.5675       1.1419666
       6559.5849       1.1391767
       6559.6023       1.1375646
       6559.6197       1.1372549
       6559.6371       1.1382432
       6559.6545       1.1403913
       6559.6719       1.1434563
       6559.6893       1.1471463
       6559.7067       1.1511866
       6559.7241       1.1553747
       6559.7416       1.1596032
       6559.7590       1.1638456
       6559.7764       1.1681174
       6559.7938       1.1724349
       6559.8112       1.1767919
       6559.8286       1.1811605
       6559.8460       1.1855033
       6559.8634       1.1897808
       6559.8808       1.1939412
       6559.8982       1.1978987
       6559.9157       1.2015180
       6559.9331       1.2046230
       6559.9505       1.2070390
       6559.9679       1.2086561
       6559.9853       1.2094897
       6560.0027       1.2097102
       6560.0201       1.2096258
       6560.0375       1.2096196
       6560.0549       1.2100613
       6560.0724       1.2112202
       6560.0898       1.2132078
       6560.1072       1.2159613
       6560.1246       1.2192703
       6560.1420       1.2228350
       6560.1594       1.2263359
       6560.1768       1.2295100
       6560.1942       1.2322030
       6560.2116       1.2343906
       6560.2290       1.2361672
       6560.2465       1.2377029
       6560.2639       1.2391811
       6560.2813       1.2407352
       6560.2987       1.2424049
       6560.3161       1.2441249
       6560.3335       1.2457499
       6560.3509       1.2471057
       6560.3683       1.2480479
       6560.3857       1.2485062
       6560.4031       1.2485018
       6560.4206       1.2481339
       6560.4380       1.2475454
       6560.4554       1.2468822
       6560.4728       1.2462619
       6560.4902       1.2457588
       6560.5076       1.2454048
       6560.5250       1.2451986
       6560.5424       1.2451166
       6560.5598       1.2451228
       6560.5773       1.2451768
       6560.5947       1.2452441
       6560.6121       1.2453082
       6560.6295       1.2453833
       6560.6469       1.2455243
       6560.6643       1.2458305
       6560.6817       1.2464419
       6560.6991       1.2475288
       6560.7165       1.2492725
       6560.7339       1.2518372
       6560.7514       1.2553366
       6560.7688       1.2598025
       6560.7862       1.2651676
       6560.8036       1.2712738
       6560.8210       1.2778872
       6560.8384       1.2847565
       6560.8558       1.2916484
       6560.8732       1.2983767
       6560.8906       1.3048161
       6560.9080       1.3109056
       6560.9255       1.3166484
       6560.9429       1.3221078
       6560.9603       1.3273983
       6560.9777       1.3326663
       6560.9951       1.3380625
       6561.0125       1.3437116
       6561.0299       1.3496905
       6561.0473       1.3560228
       6561.0647       1.3626893
       6561.0822       1.3696477
       6561.0996       1.3768482
       6561.1170       1.3842394
       6561.1344       1.3917611
       6561.1518       1.3993339
       6561.1692       1.4068559
       6561.1866       1.4142147
       6561.2040       1.4213178
       6561.2214       1.4281330
       6561.2388       1.4347255
       6561.2563       1.4412781
       6561.2737       1.4480808
       6561.2911       1.4554902
       6561.3085       1.4638628
       6561.3259       1.4734785
       6561.3433       1.4844737
       6561.3607       1.4968044
       6561.3781       1.5102511
       6561.3955       1.5244694
       6561.4130       1.5390729
       6561.4304       1.5537283
       6561.4478       1.5682352
       6561.4652       1.5825791
       6561.4826       1.5969327
       6561.5000       1.6116064
       6561.5174       1.6269736
       6561.5348       1.6433818
       6561.5522       1.6610739
       6561.5696       1.6801392
       6561.5871       1.7005035
       6561.6045       1.7219577
       6561.6219       1.7442095
       6561.6393       1.7669411
       6561.6567       1.7898574
       6561.6741       1.8127173
       6561.6915       1.8353517
       6561.7089       1.8576705
       6561.7263       1.8796625
       6561.7437       1.9013843
       6561.7612       1.9229337
       6561.7786       1.9444118
       6561.7960       1.9658822
       6561.8134       1.9873419
       6561.8308       2.0087132
       6561.8482       2.0298539
       6561.8656       2.0505752
       6561.8830       2.0706569
       6561.9004       2.0898580
       6561.9179       2.1079331
       6561.9353       2.1246628
       6561.9527       2.1399026
       6561.9701       2.1536345
       6561.9875       2.1660019
       6562.0049       2.1773075
       6562.0223       2.1879700
       6562.0397       2.1984479
       6562.0571       2.2091527
       6562.0745       2.2203709
       6562.0920       2.2322155
       6562.1094       2.2446174
       6562.1268       2.2573412
       6562.1442       2.2700693
       6562.1616       2.2824736
       6562.1790       2.2942845
       6562.1964       2.3053340
       6562.2138       2.3155703
       6562.2312       2.3250542
       6562.2486       2.3339493
       6562.2661       2.3425097
       6562.2835       2.3510590
       6562.3009       2.3599520
       6562.3183       2.3695172
       6562.3357       2.3799959
       6562.3531       2.3914989
       6562.3705       2.4039998
       6562.3879       2.4173626
       6562.4053       2.4313897
       6562.4228       2.4458675
       6562.4402       2.4605951
       6562.4576       2.4753984
       6562.4750       2.4901428
       6562.4924       2.5047527
       6562.5098       2.5192377
       6562.5272       2.5337054
       6562.5446       2.5483448
       6562.5620       2.5633703
       6562.5794       2.5789429
       6562.5969       2.5950953
       6562.6143       2.6116921
       6562.6317       2.6284381
       6562.6491       2.6449277
       6562.6665       2.6607121
       6562.6839       2.6753587
       6562.7013       2.6884886
       6562.7187       2.6997911
       6562.7361       2.7090244
       6562.7535       2.7160052
       6562.7710       2.7206293
       6562.7884       2.7228563
       6562.8058       2.7226888
       6562.8232       2.7201503
       6562.8406       2.7152520
       6562.8580       2.7079653
       6562.8754       2.6982115
       6562.8928       2.6858752
       6562.9102       2.6708345
       6562.9277       2.6529994
       6562.9451       2.6323453
       6562.9625       2.6089374
       6562.9799       2.5829494
       6562.9973       2.5546793
       6563.0147       2.5245641
       6563.0321       2.4931834
       6563.0495       2.4612373
       6563.0669       2.4294907
       6563.0843       2.3986837
       6563.1018       2.3694301
       6563.1192       2.3421287
       6563.1366       2.3169157
       6563.1540       2.2936701
       6563.1714       2.2720658
       6563.1888       2.2516547
       6563.2062       2.2319573
       6563.2236       2.2125461
       6563.2410       2.1931127
       6563.2584       2.1735141
       6563.2759       2.1537959
       6563.2933       2.1341851
       6563.3107       2.1150504
       6563.3281       2.0968323
       6563.3455       2.0799532
       6563.3629       2.0647264
       6563.3803       2.0512845
       6563.3977       2.0395480
       6563.4151       2.0292344
       6563.4326       2.0199042
       6563.4500       2.0110584
       6563.4674       2.0022106
       6563.4848       1.9929469
       6563.5022       1.9829633
       6563.5196       1.9720845
       6563.5370       1.9602740
       6563.5544       1.9476363
       6563.5718       1.9344023
       6563.5892       1.9208860
       6563.6067       1.9074123
       6563.6241       1.8942292
       6563.6415       1.8814383
       6563.6589       1.8689745
       6563.6763       1.8566516
       6563.6937       1.8442666
       6563.7111       1.8317257
       6563.7285       1.8191418
       6563.7459       1.8068582
       6563.7633       1.7953774
       6563.7808       1.7852120
       6563.7982       1.7767084
       6563.8156       1.7699118
       6563.8330       1.7645264
       6563.8504       1.7599864
       6563.8678       1.7556061
       6563.8852       1.7507511
       6563.9026       1.7449656
       6563.9200       1.7380224
       6563.9375       1.7298966
       6563.9549       1.7206920
       6563.9723       1.7105596
       6563.9897       1.6996341
       6564.0071       1.6880024
       6564.0245       1.6757014
       6564.0419       1.6627367
       6564.0593       1.6491060
       6564.0767       1.6348369
       6564.0941       1.6199956
       6564.1116       1.6046935
       6564.1290       1.5890843
       6564.1464       1.5733529
       6564.1638       1.5577009
       6564.1812       1.5423254
       6564.1986       1.5273948
       6564.2160       1.5130249
       6564.2334       1.4992644
       6564.2508       1.4860983
       6564.2682       1.4734678
       6564.2857       1.4612996
       6564.3031       1.4495289
       6564.3205       1.4381084
       6564.3379       1.4270013
       6564.3553       1.4161713
       6564.3727       1.4055801
       6564.3901       1.3951997
       6564.4075       1.3850318
       6564.4249       1.3751224
       6564.4424       1.3655584
       6564.4598       1.3564449
       6564.4772       1.3478734
       6564.4946       1.3398941
       6564.5120       1.3325044
       6564.5294       1.3256546
       6564.5468       1.3192677
       6564.5642       1.3132620
       6564.5816       1.3075691
       6564.5990       1.3021423
       6564.6165       1.2969521
       6564.6339       1.2919720
       6564.6513       1.2871608
       6564.6687       1.2824504
       6564.6861       1.2777498
       6564.7035       1.2729641
       6564.7209       1.2680275
       6564.7383       1.2629372
       6564.7557       1.2577640
       6564.7731       1.2526435
       6564.7906       1.2477414
       6564.8080       1.2432091
       6564.8254       1.2391414
       6564.8428       1.2355544
       6564.8602       1.2323922
       6564.8776       1.2295591
       6564.8950       1.2269646
       6564.9124       1.2245623
       6564.9298       1.2223662
       6564.9473       1.2204409
       6564.9647       1.2188758
       6564.9821       1.2177542
       6564.9995       1.2171287
       6565.0169       1.2170018
       6565.0343       1.2173102
       6565.0517       1.2179155
       6565.0691       1.2186080
       6565.0865       1.2191338
       6565.1039       1.2192443
       6565.1214       1.2187559
       6565.1388       1.2175993
       6565.1562       1.2158415
       6565.1736       1.2136722
       6565.1910       1.2113601
       6565.2084       1.2091916
       6565.2258       1.2074060
       6565.2432       1.2061450
       6565.2606       1.2054281
       6565.2780       1.2051607
       6565.2955       1.2051720
       6565.3129       1.2052679
       6565.3303       1.2052797
       6565.3477       1.2050903
       6565.3651       1.2046312
       6565.3825       1.2038671
       6565.3999       1.2027685
       6565.4173       1.2013013
       6565.4347       1.1994360
       6565.4522       1.1971724
       6565.4696       1.1945669
       6565.4870       1.1917492
       6565.5044       1.1889187
       6565.5218       1.1863148
       6565.5392       1.1841700
       6565.5566       1.1826585
       6565.5740       1.1818599
       6565.5914       1.1817514
       6565.6088       1.1822297
       6565.6263       1.1831507
       6565.6437       1.1843682
       6565.6611       1.1857525
       6565.6785       1.1871877
       6565.6959       1.1885564
       6565.7133       1.1897299
       6565.7307       1.1905769
       6565.7481       1.1909909
       6565.7655       1.1909228
       6565.7830       1.1904009
       6565.8004       1.1895242
       6565.8178       1.1884325
       6565.8352       1.1872627
       6565.8526       1.1861127
       6565.8700       1.1850240
       6565.8874       1.1839883
       6565.9048       1.1829692
       6565.9222       1.1819268
       6565.9396       1.1808338
       6565.9571       1.1796768
       6565.9745       1.1784478
       6565.9919       1.1771364
       6566.0093       1.1757304
       6566.0267       1.1742285
       6566.0441       1.1726548
       6566.0615       1.1710605
       6566.0789       1.1695104
       6566.0963       1.1680572
       6566.1137       1.1667207
       6566.1312       1.1654865
       6566.1486       1.1643271
       6566.1660       1.1632334
       6566.1834       1.1622349
       6566.2008       1.1613936
       6566.2182       1.1607725
       6566.2356       1.1603940
       6566.2530       1.1602155
       6566.2704       1.1601354
       6566.2879       1.1600298
       6566.3053       1.1598044
       6566.3227       1.1594364
       6566.3401       1.1589875
       6566.3575       1.1585841
       6566.3749       1.1583703
       6566.3923       1.1584542
       6566.4097       1.1588678
       6566.4271       1.1595575
       6566.4445       1.1604068
       6566.4620       1.1612825
       6566.4794       1.1620812
       6566.4968       1.1627535
       6566.5142       1.1632947
       6566.5316       1.1637075
       6566.5490       1.1639589
       6566.5664       1.1639569
       6566.5838       1.1635623
       6566.6012       1.1626343
       6566.6186       1.1610890
       6566.6361       1.1589477
       6566.6535       1.1563532
       6566.6709       1.1535498
       6566.6883       1.1508366
       6566.7057       1.1485004
       6566.7231       1.1467675
       6566.7405       1.1457698
       6566.7579       1.1455354
       6566.7753       1.1459950
       6566.7928       1.1470014
       6566.8102       1.1483517
       6566.8276       1.1498115
       6566.8450       1.1511406
       6566.8624       1.1521228
       6566.8798       1.1525989
       6566.8972       1.1524967
       6566.9146       1.1518486
       6566.9320       1.1507874
       6566.9494       1.1495167
       6566.9669       1.1482616
       6566.9843       1.1472145
       6567.0017       1.1464896
       6567.0191       1.1461028
       6567.0365       1.1459816
       6567.0539       1.1460012
       6567.0713       1.1460356
       6567.0887       1.1460024
       6567.1061       1.1458859
       6567.1235       1.1457284
       6567.1410       1.1455966
       6567.1584       1.1455392
       6567.1758       1.1455557
       6567.1932       1.1455877
       6567.2106       1.1455334
       6567.2280       1.1452755
       6567.2454       1.1447127
       6567.2628       1.1437887
       6567.2802       1.1425160
       6567.2977       1.1409903
       6567.3151       1.1393890
       6567.3325       1.1379474
       6567.3499       1.1369036
       6567.3673       1.1364401
       6567.3847       1.1366317
       6567.4021       1.1374215
       6567.4195       1.1386331
       6567.4369       1.1400135
       6567.4543       1.1412912
       6567.4718       1.1422295
       6567.4892       1.1426624
       6567.5066       1.1425076
       6567.5240       1.1417599
       6567.5414       1.1404746
       6567.5588       1.1387524
       6567.5762       1.1367288
       6567.5936       1.1345718
       6567.6110       1.1324789
       6567.6284       1.1306664
       6567.6459       1.1293432
       6567.6633       1.1286706
       6567.6807       1.1287176
       6567.6981       1.1294279
       6567.7155       1.1306143
       6567.7329       1.1319901
       6567.7503       1.1332322
       6567.7677       1.1340582
       6567.7851       1.1342928
       6567.8026       1.1339021
       6567.8200       1.1329873
       6567.8374       1.1317451
       6567.8548       1.1304158
       6567.8722       1.1292372
       6567.8896       1.1284145
       6567.9070       1.1281043
       6567.9244       1.1284025
       6567.9418       1.1293313
       6567.9592       1.1308280
       6567.9767       1.1327438
       6567.9941       1.1348545
       6568.0115       1.1369033
       6568.0289       1.1386384
       6568.0463       1.1398522
       6568.0637       1.1404080
       6568.0811       1.1402516
       6568.0985       1.1394095
       6568.1159       1.1379746
       6568.1333       1.1360847
       6568.1508       1.1338979
       6568.1682       1.1315686
       6568.1856       1.1292310
       6568.2030       1.1269916
       6568.2204       1.1249303
       6568.2378       1.1231056
       6568.2552       1.1215582
       6568.2726       1.1203088
       6568.2900       1.1193509
       6568.3075       1.1186428
       6568.3249       1.1181102
       6568.3423       1.1176644
       6568.3597       1.1172352
       6568.3771       1.1168103
       6568.3945       1.1164625
       6568.4119       1.1163501
       6568.4293       1.1166846
       6568.4467       1.1176752
       6568.4641       1.1194674
       6568.4816       1.1221005
       6568.4990       1.1254973
       6568.5164       1.1294906
       6568.5338       1.1338755
       6568.5512       1.1384713
       6568.5686       1.1431717
       6568.5860       1.1479689
       6568.6034       1.1529414
       6568.6208       1.1582091
       6568.6382       1.1638643
       6568.6557       1.1699039
       6568.6731       1.1761951
       6568.6905       1.1824868
       6568.7079       1.1884670
       6568.7253       1.1938442
       6568.7427       1.1984197
       6568.7601       1.2021221
       6568.7775       1.2049923
       6568.7949       1.2071302
       6568.8124       1.2086284
       6568.8298       1.2095212
       6568.8472       1.2097635
       6568.8646       1.2092421
       6568.8820       1.2078087
       6568.8994       1.2053188
       6568.9168       1.2016662
       6568.9342       1.1968066
       6568.9516       1.1907676
       6568.9690       1.1836460
       6568.9865       1.1755915
       6569.0039       1.1667827
       6569.0213       1.1574010
       6569.0387       1.1476139
       6569.0561       1.1375748
       6569.0735       1.1274381
       6569.0909       1.1173804
       6569.1083       1.1076153
       6569.1257       1.0983910
       6569.1431       1.0899669
       6569.1606       1.0825752
       6569.1780       1.0763800
       6569.1954       1.0714450
       6569.2128       1.0677206
       6569.2302       1.0650528
       6569.2476       1.0632144
       6569.2650       1.0619504
       6569.2824       1.0610282
       6569.2998       1.0602853
       6569.3173       1.0596561
       6569.3347       1.0591743
       6569.3521       1.0589508
       6569.3695       1.0591384
       6569.3869       1.0598919
       6569.4043       1.0613353
       6569.4217       1.0635412
       6569.4391       1.0665169
       6569.4565       1.0701969
       6569.4739       1.0744373
       6569.4914       1.0790199
       6569.5088       1.0836707
       6569.5262       1.0880951
       6569.5436       1.0920267
       6569.5610       1.0952743
       6569.5784       1.0977575
       6569.5958       1.0995159
       6569.6132       1.1006906
       6569.6306       1.1014790
       6569.6480       1.1020780
       6569.6655       1.1026327
       6569.6829       1.1032105
       6569.7003       1.1038087
       6569.7177       1.1043891
       6569.7351       1.1049187
       6569.7525       1.1053955
       6569.7699       1.1058474
       6569.7873       1.1063083
       6569.8047       1.1067891
       6569.8222       1.1072601
       6569.8396       1.1076515
       6569.8570       1.1078709
       6569.8744       1.1078276
       6569.8918       1.1074562
       6569.9092       1.1067351
       6569.9266       1.1056962
       6569.9440       1.1044331
       6569.9614       1.1030865
       6569.9788       1.1018238
       6569.9963       1.1008093
       6570.0137       1.1001717
       6570.0311       1.0999783
       6570.0485       1.1002225
       6570.0659       1.1008270
       6570.0833       1.1016599
       6570.1007       1.1025618
       6570.1181       1.1033768
       6570.1355       1.1039822
       6570.1529       1.1043090
       6570.1704       1.1043489
       6570.1878       1.1041423
       6570.2052       1.1037549
       6570.2226       1.1032482
       6570.2400       1.1026581
       6570.2574       1.1019879
       6570.2748       1.1012188
       6570.2922       1.1003344
       6570.3096       1.0993487
       6570.3271       1.0983249
       6570.3445       1.0973749
       6570.3619       1.0966347
       6570.3793       1.0962229
       6570.3967       1.0961989
       6570.4141       1.0965377
       6570.4315       1.0971336
       6570.4489       1.0978300
       6570.4663       1.0984621
       6570.4837       1.0988934
       6570.5012       1.0990347
       6570.5186       1.0988446
       6570.5360       1.0983159
       6570.5534       1.0974608
       6570.5708       1.0963009
       6570.5882       1.0948679
       6570.6056       1.0932125
       6570.6230       1.0914126
       6570.6404       1.0895814
       6570.6579       1.0878659
       6570.6753       1.0864317
       6570.6927       1.0854364
       6570.7101       1.0849944
       6570.7275       1.0851455
       6570.7449       1.0858353
       6570.7623       1.0869177
       6570.7797       1.0881834
       6570.7971       1.0894087
       6570.8145       1.0904136
       6570.8320       1.0911087
       6570.8494       1.0915138
       6570.8668       1.0917378
       6570.8842       1.0919228
       6570.9016       1.0921738
       6570.9190       1.0925026
       6570.9364       1.0928097
       6570.9538       1.0929180
       6570.9712       1.0926434
       6570.9886       1.0918737
       6571.0061       1.0906232
       6571.0235       1.0890388
       6571.0409       1.0873600
       6571.0583       1.0858482
       6571.0757       1.0847164
       6571.0931       1.0840809
       6571.1105       1.0839483
       6571.1279       1.0842369
       6571.1453       1.0848164
       6571.1628       1.0855511
       6571.1802       1.0863258
       6571.1976       1.0870518
       6571.2150       1.0876542
       6571.2324       1.0880565
       6571.2498       1.0881841
       6571.2672       1.0879819
       6571.2846       1.0874452
       6571.3020       1.0866419
       6571.3194       1.0857079
       6571.3369       1.0848136
       6571.3543       1.0841128
       6571.3717       1.0836968
       6571.3891       1.0835688
       6571.4065       1.0836454
       6571.4239       1.0837751
       6571.4413       1.0837632
       6571.4587       1.0833930
       6571.4761       1.0824424
       6571.4935       1.0807006
       6571.5110       1.0779887
       6571.5284       1.0741878
       6571.5458       1.0692698
       6571.5632       1.0633269
       6571.5806       1.0565903
       6571.5980       1.0494326
       6571.6154       1.0423463
       6571.6328       1.0358961
       6571.6502       1.0306485
       6571.6677       1.0270871
       6571.6851       1.0255348
       6571.7025       1.0261018
       6571.7199       1.0286742
       6571.7373       1.0329458
       6571.7547       1.0384793
       6571.7721       1.0447770
       6571.7895       1.0513429
       6571.8069       1.0577265
       6571.8243       1.0635519
       6571.8418       1.0685393
       6571.8592       1.0725244
       6571.8766       1.0754696
       6571.8940       1.0774716
       6571.9114       1.0787330
       6571.9288       1.0795033
       6571.9462       1.0800196
       6571.9636       1.0804548
       6571.9810       1.0808938
       6571.9984       1.0813437
       6572.0159       1.0817668
       6572.0333       1.0821195
       6572.0507       1.0823793
       6572.0681       1.0825549
       6572.0855       1.0826814
       6572.1029       1.0828085
       6572.1203       1.0829901
       6572.1377       1.0832755
       6572.1551       1.0837019
       6572.1726       1.0842887
       6572.1900       1.0850356
       6572.2074       1.0859288
       6572.2248       1.0869530
       6572.2422       1.0881037
       6572.2596       1.0893903
       6572.2770       1.0908241
       6572.2944       1.0923984
       6572.3118       1.0940709
       6572.3292       1.0957621
       6572.3467       1.0973691
       6572.3641       1.0987897
       6572.3815       1.0999388
       6572.3989       1.1007507
       6572.4163       1.1011688
       6572.4337       1.1011327
       6572.4511       1.1005783
       6572.4685       1.0994529
       6572.4859       1.0977423
       6572.5033       1.0954922
       6572.5208       1.0928122
       6572.5382       1.0898549
       6572.5556       1.0867791
       6572.5730       1.0837075
       6572.5904       1.0807089
       6572.6078       1.0778038
       6572.6252       1.0749921
       6572.6426       1.0722872
       6572.6600       1.0697387
       6572.6775       1.0674328
       6572.6949       1.0654729
       6572.7123       1.0639495
       6572.7297       1.0629134
       6572.7471       1.0623607
       6572.7645       1.0622322
       6572.7819       1.0624255
       6572.7993       1.0628137
       6572.8167       1.0632665
       6572.8341       1.0636704
       6572.8516       1.0639443
       6572.8690       1.0640478
       6572.8864       1.0639806
       6572.9038       1.0637739
       6572.9212       1.0634773
       6572.9386       1.0631467
       6572.9560       1.0628384
       6572.9734       1.0626087
       6572.9908       1.0625182
       6573.0082       1.0626295
       6573.0257       1.0629976
       6573.0431       1.0636489
       6573.0605       1.0645589
       6573.0779       1.0656374
       6573.0953       1.0667340
       6573.1127       1.0676631
       6573.1301       1.0682473
       6573.1475       1.0683640
       6573.1649       1.0679828
       6573.1824       1.0671821
       6573.1998       1.0661437
       6573.2172       1.0651105
       6573.2346       1.0643282
       6573.2520       1.0639835
       6573.2694       1.0641540
       6573.2868       1.0647866
       6573.3042       1.0657148
       6573.3216       1.0667086
       6573.3390       1.0675439
       6573.3565       1.0680651
       6573.3739       1.0682233
       6573.3913       1.0680759
       6573.4087       1.0677508
       6573.4261       1.0673905
       6573.4435       1.0670970
       6573.4609       1.0669000
       6573.4783       1.0667602
       6573.4957       1.0666063
       6573.5131       1.0663887
       6573.5306       1.0661231
       6573.5480       1.0659017
       6573.5654       1.0658634
       6573.5828       1.0661353
       6573.6002       1.0667754
       6573.6176       1.0677455
       6573.6350       1.0689277
       6573.6524       1.0701741
       6573.6698       1.0713618
       6573.6873       1.0724235
       6573.7047       1.0733413
       6573.7221       1.0741109
       6573.7395       1.0747050
       6573.7569       1.0750583
       6573.7743       1.0750873
       6573.7917       1.0747349
       6573.8091       1.0740152
       6573.8265       1.0730354
       6573.8439       1.0719858
       6573.8614       1.0710942
       6573.8788       1.0705678
       6573.8962       1.0705426
       6573.9136       1.0710490
       6573.9310       1.0720008
       6573.9484       1.0732095
       6573.9658       1.0744201
       6573.9832       1.0753625
       6574.0006       1.0758083
       6574.0180       1.0756190
       6574.0355       1.0747704
       6574.0529       1.0733455
       6574.0703       1.0714975
       6574.0877       1.0693964
       6574.1051       1.0671800
       6574.1225       1.0649273
       6574.1399       1.0626622
       6574.1573       1.0603802
       6574.1747       1.0580809
       6574.1922       1.0557865
       6574.2096       1.0535342
       6574.2270       1.0513458
       6574.2444       1.0491841
       6574.2618       1.0469209
       6574.2792       1.0443336
       6574.2966       1.0411460
       6574.3140       1.0371107
       6574.3314       1.0321128
       6574.3488       1.0262637
       6574.3663       1.0199483
       6574.3837       1.0138035
       6574.4011       1.0086255
       6574.4185       1.0052284
       6574.4359       1.0042884
       6574.4533       1.0062108
       6574.4707       1.0110518
       6574.4881       1.0185187
       6574.5055       1.0279954
       6574.5229       1.0386880
       6574.5404       1.0497639
       6574.5578       1.0604754
       6574.5752       1.0702494
       6574.5926       1.0787266
       6574.6100       1.0857477
       6574.6274       1.0913029
       6574.6448       1.0954657
       6574.6622       1.0983324
       6574.6796       1.0999820
       6574.6971       1.1004640
       6574.7145       1.0998113
       6574.7319       1.0980666
       6574.7493       1.0953056
       6574.7667       1.0916469
       6574.7841       1.0872422
       6574.8015       1.0822552
       6574.8189       1.0768419
       6574.8363       1.0711454
       6574.8537       1.0653054
       6574.8712       1.0594773
       6574.8886       1.0538441
       6574.9060       1.0486115
       6574.9234       1.0439846
       6574.9408       1.0401333
       6574.9582       1.0371631
       6574.9756       1.0350983
       6574.9930       1.0338828
       6575.0104       1.0333946
       6575.0279       1.0334666
       6575.0453       1.0339109
       6575.0627       1.0345442
       6575.0801       1.0352131
       6575.0975       1.0358154
       6575.1149       1.0363122
       6575.1323       1.0367251
       6575.1497       1.0371194
       6575.1671       1.0375755
       6575.1845       1.0381657
       6575.2020       1.0389415
       6575.2194       1.0399364
       6575.2368       1.0411753
       6575.2542       1.0426790
       6575.2716       1.0444569
       6575.2890       1.0464855
       6575.3064       1.0486890
       6575.3238       1.0509334
       6575.3412       1.0530464
       6575.3586       1.0548566
       6575.3761       1.0562361
       6575.3935       1.0571295
       6575.4109       1.0575584
       6575.4283       1.0576067
       6575.4457       1.0573969
       6575.4631       1.0570661
       6575.4805       1.0567446
       6575.4979       1.0565334
       6575.5153       1.0564817
       6575.5328       1.0565728
       6575.5502       1.0567291
       6575.5676       1.0568422
       6575.5850       1.0568207
       6575.6024       1.0566316
       6575.6198       1.0563172
       6575.6372       1.0559758
       6575.6546       1.0557185
       6575.6720       1.0556232
       6575.6894       1.0557084
       6575.7069       1.0559340
       6575.7243       1.0562215
       6575.7417       1.0564768
       6575.7591       1.0566043
       6575.7765       1.0565152
       6575.7939       1.0561339
       6575.8113       1.0554239
       6575.8287       1.0544077
       6575.8461       1.0531826
       6575.8635       1.0519137
       6575.8810       1.0508008
       6575.8984       1.0500312
       6575.9158       1.0497353
       6575.9332       1.0499606
       6575.9506       1.0506667
       6575.9680       1.0517378
       6575.9854       1.0530053
       6576.0028       1.0542736
       6576.0202       1.0553506
       6576.0377       1.0560800
       6576.0551       1.0563708
       6576.0725       1.0562162
       6576.0899       1.0556892
       6576.1073       1.0549144
       6576.1247       1.0540228
       6576.1421       1.0531077
       6576.1595       1.0522036
       6576.1769       1.0512947
       6576.1943       1.0503501
       6576.2118       1.0493650
       6576.2292       1.0483862
       6576.2466       1.0475088
       6576.2640       1.0468461
       6576.2814       1.0464871
       6576.2988       1.0464604
       6576.3162       1.0467211
       6576.3336       1.0471645
       6576.3510       1.0476618
       6576.3684       1.0481049
       6576.3859       1.0484424
       6576.4033       1.0486931
       6576.4207       1.0489322
       6576.4381       1.0492537
       6576.4555       1.0497241
       6576.4729       1.0503443
       6576.4903       1.0510416
       6576.5077       1.0516882
       6576.5251       1.0521427
       6576.5426       1.0522959
       6576.5600       1.0521053
       6576.5774       1.0516050
       6576.5948       1.0508897
       6576.6122       1.0500821
       6576.6296       1.0492968
       6576.6470       1.0486123
       6576.6644       1.0480592
       6576.6818       1.0476215
       6576.6992       1.0472478
       6576.7167       1.0468673
       6576.7341       1.0464060
       6576.7515       1.0458037
       6576.7689       1.0450304
       6576.7863       1.0440983
       6576.8037       1.0430679
       6576.8211       1.0420407
       6576.8385       1.0411395
       6576.8559       1.0404784
       6576.8733       1.0401317
       6576.8908       1.0401145
       6576.9082       1.0403806
       6576.9256       1.0408411
       6576.9430       1.0413940
       6576.9604       1.0419544
       6576.9778       1.0424744
       6576.9952       1.0429473
       6577.0126       1.0433985
       6577.0300       1.0438672
       6577.0475       1.0443864
       6577.0649       1.0449669
       6577.0823       1.0455893
       6577.0997       1.0462078
       6577.1171       1.0467630
       6577.1345       1.0472018
       6577.1519       1.0474937
       6577.1693       1.0476385
       6577.1867       1.0476634
       6577.2041       1.0476097
       6577.2216       1.0475163
       6577.2390       1.0474062
       6577.2564       1.0472795
       6577.2738       1.0471145
       6577.2912       1.0468724
       6577.3086       1.0465048
       6577.3260       1.0459616
       6577.3434       1.0452003
       6577.3608       1.0441980
       6577.3782       1.0429660
       6577.3957       1.0415616
       6577.4131       1.0400915
       6577.4305       1.0386992
       6577.4479       1.0375377
       6577.4653       1.0367323
       6577.4827       1.0363490
       6577.5001       1.0363797
       6577.5175       1.0367526
       6577.5349       1.0373631
       6577.5524       1.0381130
       6577.5698       1.0389399
       6577.5872       1.0398247
       6577.6046       1.0407751
       6577.6220       1.0417922
       6577.6394       1.0428400
       6577.6568       1.0438326
       6577.6742       1.0446451
       6577.6916       1.0451464
       6577.7090       1.0452365
       6577.7265       1.0448777
       6577.7439       1.0441061
       6577.7613       1.0430267
       6577.7787       1.0417863
       6577.7961       1.0405355
       6577.8135       1.0393973
       6577.8309       1.0384486
       6577.8483       1.0377205
       6577.8657       1.0372182
       6577.8831       1.0369443
       6577.9006       1.0369118
       6577.9180       1.0371373
       6577.9354       1.0376193
       6577.9528       1.0383183
       6577.9702       1.0391556
       6577.9876       1.0400345
       6578.0050       1.0408739
       6578.0224       1.0416348
       6578.0398       1.0423234
       6578.0573       1.0429720
       6578.0747       1.0436105
       6578.0921       1.0442454
       6578.1095       1.0448591
       6578.1269       1.0454249
       6578.1443       1.0459283
       6578.1617       1.0463796
       6578.1791       1.0468099
       6578.1965       1.0472505
       6578.2139       1.0477064
       6578.2314       1.0481358
       6578.2488       1.0484490
       6578.2662       1.0485288
       6578.2836       1.0482681
       6578.3010       1.0476088
       6578.3184       1.0465652
       6578.3358       1.0452234
       6578.3532       1.0437168
       6578.3706       1.0421900
       6578.3880       1.0407669
       6578.4055       1.0395368
       6578.4229       1.0385516
       6578.4403       1.0378424
       6578.4577       1.0374281
       6578.4751       1.0373149
       6578.4925       1.0374861
       6578.5099       1.0378906
       6578.5273       1.0384379
       6578.5447       1.0390039
       6578.5622       1.0394451
       6578.5796       1.0396182
       6578.5970       1.0394034
       6578.6144       1.0387300
       6578.6318       1.0376024
       6578.6492       1.0361177
       6578.6666       1.0344664
       6578.6840       1.0329066
       6578.7014       1.0317140
       6578.7188       1.0311201
       6578.7363       1.0312557
       6578.7537       1.0321184
       6578.7711       1.0335753
       6578.7885       1.0353978
       6578.8059       1.0373204
       6578.8233       1.0391037
       6578.8407       1.0405861
       6578.8581       1.0417064
       6578.8755       1.0424952
       6578.8929       1.0430374
       6578.9104       1.0434260
       6578.9278       1.0437239
       6578.9452       1.0439516
       6578.9626       1.0441021
       6578.9800       1.0441690
       6578.9974       1.0441671
       6579.0148       1.0441280
       6579.0322       1.0440716
       6579.0496       1.0439687
       6579.0671       1.0437240
       6579.0845       1.0431997
       6579.1019       1.0422736
       6579.1193       1.0409092
       6579.1367       1.0392030
       6579.1541       1.0373832
       6579.1715       1.0357542
       6579.1889       1.0346074
       6579.2063       1.0341323
       6579.2237       1.0343633
       6579.2412       1.0351786
       6579.2586       1.0363495
       6579.2760       1.0376156
       6579.2934       1.0387587
       6579.3108       1.0396488
       6579.3282       1.0402543
       6579.3456       1.0406200
       6579.3630       1.0408279
       6579.3804       1.0409582
       6579.3978       1.0410625
       6579.4153       1.0411565
       6579.4327       1.0412293
       6579.4501       1.0412647
       6579.4675       1.0412627
       6579.4849       1.0412555
       6579.5023       1.0413083
       6579.5197       1.0415033
       6579.5371       1.0419134
       6579.5545       1.0425726
       6579.5720       1.0434590
       6579.5894       1.0444961
       6579.6068       1.0455743
       6579.6242       1.0465830
       6579.6416       1.0474415
       6579.6590       1.0481164
       6579.6764       1.0486227
       6579.6938       1.0490068
       6579.7112       1.0493208
       6579.7286       1.0495923
       6579.7461       1.0498034
       6579.7635       1.0498872
       6579.7809       1.0497467
       6579.7983       1.0492897
       6579.8157       1.0484702
       6579.8331       1.0473193
       6579.8505       1.0459519
       6579.8679       1.0445470
       6579.8853       1.0433071
       6579.9028       1.0424102
       6579.9202       1.0419705
       6579.9376       1.0420156
       6579.9550       1.0424833
       6579.9724       1.0432348
       6579.9898       1.0440793
       6580.0072       1.0448072
       6580.0246       1.0452298
       6580.0420       1.0452197
       6580.0594       1.0447416
       6580.0769       1.0438614
       6580.0943       1.0427267
       6580.1117       1.0415218
       6580.1291       1.0404131
       6580.1465       1.0395016
       6580.1639       1.0388001
       6580.1813       1.0382358
       6580.1987       1.0376725
       6580.2161       1.0369405
       6580.2335       1.0358657
       6580.2510       1.0342989
       6580.2684       1.0321470
       6580.2858       1.0294059
       6580.3032       1.0261851
       6580.3206       1.0227108
       6580.3380       1.0192967
       6580.3554       1.0162905
       6580.3728       1.0139982
       6580.3902       1.0126250
       6580.4077       1.0122525
       6580.4251       1.0128458
       6580.4425       1.0142857
       6580.4599       1.0164088
       6580.4773       1.0190372
       6580.4947       1.0219910
       6580.5121       1.0250903
       6580.5295       1.0281558
       6580.5469       1.0310209
       6580.5643       1.0335548
       6580.5818       1.0356890
       6580.5992       1.0374327
       6580.6166       1.0388678
       6580.6340       1.0401224
       6580.6514       1.0413297
       6580.6688       1.0425876
       6580.6862       1.0439289
       6580.7036       1.0453130
       6580.7210       1.0466401
       6580.7384       1.0477845
       6580.7559       1.0486378
       6580.7733       1.0491478
       6580.7907       1.0493398
       6580.8081       1.0493114
       6580.8255       1.0492005
       6580.8429       1.0491371
       6580.8603       1.0491943
       6580.8777       1.0493553
       6580.8951       1.0495066
       6580.9126       1.0494636
       6580.9300       1.0490209
       6580.9474       1.0480182
       6580.9648       1.0464000
       6580.9822       1.0442501
       6580.9996       1.0417868
       6581.0170       1.0393167
       6581.0344       1.0371530
       6581.0518       1.0355371
       6581.0692       1.0345877
       6581.0867       1.0342890
       6581.1041       1.0345151
       6581.1215       1.0350763
       6581.1389       1.0357660
       6581.1563       1.0363984
       6581.1737       1.0368332
       6581.1911       1.0369906
       6581.2085       1.0368587
       6581.2259       1.0364919
       6581.2433       1.0359952
       6581.2608       1.0354966
       6581.2782       1.0351116
       6581.2956       1.0349145
       6581.3130       1.0349255
       6581.3304       1.0351180
       6581.3478       1.0354406
       6581.3652       1.0358426
       6581.3826       1.0362918
       6581.4000       1.0367766
       6581.4175       1.0372956
       6581.4349       1.0378398
       6581.4523       1.0383775
       6581.4697       1.0388508
       6581.4871       1.0391873
       6581.5045       1.0393252
       6581.5219       1.0392391
       6581.5393       1.0389555
       6581.5567       1.0385449
       6581.5741       1.0380943
       6581.5916       1.0376726
       6581.6090       1.0373079
       6581.6264       1.0369881
       6581.6438       1.0366818
       6581.6612       1.0363647
       6581.6786       1.0360352
       6581.6960       1.0357121
       6581.7134       1.0354211
       6581.7308       1.0351823
       6581.7482       1.0350055
       6581.7657       1.0348923
       6581.7831       1.0348375
       6581.8005       1.0348265
       6581.8179       1.0348330
       6581.8353       1.0348241
       6581.8527       1.0347758
       6581.8701       1.0346946
       6581.8875       1.0346308
       6581.9049       1.0346704
       6581.9224       1.0349037
       6581.9398       1.0353815
       6581.9572       1.0360799
       6581.9746       1.0368921
       6581.9920       1.0376548
       6582.0094       1.0381995
       6582.0268       1.0384080
       6582.0442       1.0382496
       6582.0616       1.0377862
       6582.0790       1.0371473
       6582.0965       1.0364893
       6582.1139       1.0359541
       6582.1313       1.0356428
       6582.1487       1.0356027
       6582.1661       1.0358255
       6582.1835       1.0362527
       6582.2009       1.0367856
       6582.2183       1.0373045
       6582.2357       1.0376952
       6582.2531       1.0378764
       6582.2706       1.0378181
       6582.2880       1.0375412
       6582.3054       1.0370985
       6582.3228       1.0365494
       6582.3402       1.0359381
       6582.3576       1.0352891
       6582.3750       1.0346197
       6582.3924       1.0339563
       6582.4098       1.0333412
       6582.4273       1.0328232
       6582.4447       1.0324358
       6582.4621       1.0321781
       6582.4795       1.0320121
       6582.4969       1.0318809
       6582.5143       1.0317408
       6582.5317       1.0315902
       6582.5491       1.0314779
       6582.5665       1.0314858
       6582.5839       1.0316907
       6582.6014       1.0321245
       6582.6188       1.0327506
       6582.6362       1.0334693
       6582.6536       1.0341507
       6582.6710       1.0346798
       6582.6884       1.0349917
       6582.7058       1.0350819
       6582.7232       1.0349866
       6582.7406       1.0347484
       6582.7580       1.0343866
       6582.7755       1.0338901
       6582.7929       1.0332355
       6582.8103       1.0324182
       6582.8277       1.0314797
       6582.8451       1.0305151
       6582.8625       1.0296588
       6582.8799       1.0290550
       6582.8973       1.0288263
       6582.9147       1.0290484
       6582.9322       1.0297386
       6582.9496       1.0308558
       6582.9670       1.0323096
       6582.9844       1.0339693
       6583.0018       1.0356872
       6583.0192       1.0373157
       6583.0366       1.0387296
       6583.0540       1.0398492
       6583.0714       1.0406578
       6583.0888       1.0412101
       6583.1063       1.0416246
       6583.1237       1.0420605
       6583.1411       1.0426801
       6583.1585       1.0436063
       6583.1759       1.0448888
       6583.1933       1.0464912
       6583.2107       1.0483051
       6583.2281       1.0501847
       6583.2455       1.0519892
       6583.2629       1.0536142
       6583.2804       1.0550022
       6583.2978       1.0561356
       6583.3152       1.0570204
       6583.3326       1.0576719
       6583.3500       1.0581068
       6583.3674       1.0583395
       6583.3848       1.0583777
       6583.4022       1.0582156
       6583.4196       1.0578277
       6583.4371       1.0571698
       6583.4545       1.0561916
       6583.4719       1.0548582
       6583.4893       1.0531723
       6583.5067       1.0511857
       6583.5241       1.0489938
       6583.5415       1.0467132
       6583.5589       1.0444526
       6583.5763       1.0422864
       6583.5937       1.0402422
       6583.6112       1.0383038
       6583.6286       1.0364275
       6583.6460       1.0345662
       6583.6634       1.0326915
       6583.6808       1.0308075
       6583.6982       1.0289553
       6583.7156       1.0272065
       6583.7330       1.0256472
       6583.7504       1.0243584
       6583.7678       1.0233987
       6583.7853       1.0227954
       6583.8027       1.0225477
       6583.8201       1.0226373
       6583.8375       1.0230407
       6583.8549       1.0237322
       6583.8723       1.0246764
       6583.8897       1.0258144
       6583.9071       1.0270546
       6583.9245       1.0282777
       6583.9420       1.0293573
       6583.9594       1.0301895
       6583.9768       1.0307188
       6583.9942       1.0309477
       6584.0116       1.0309293
       6584.0290       1.0307496
       6584.0464       1.0305079
       6584.0638       1.0303067
       6584.0812       1.0302478
       6584.0986       1.0304281
       6584.1161       1.0309261
       6584.1335       1.0317778
       6584.1509       1.0329513
       6584.1683       1.0343341
       6584.1857       1.0357463
       6584.2031       1.0369787
       6584.2205       1.0378444
       6584.2379       1.0382254
       6584.2553       1.0380976
       6584.2727       1.0375311
       6584.2902       1.0366751
       6584.3076       1.0357141
       6584.3250       1.0348277
       6584.3424       1.0341476
       6584.3598       1.0337225
       6584.3772       1.0335041
       6584.3946       1.0333644
       6584.4120       1.0331438
       6584.4294       1.0327136
       6584.4469       1.0320305
       6584.4643       1.0311577
       6584.4817       1.0302447
       6584.4991       1.0294723
       6584.5165       1.0289874
       6584.5339       1.0288509
       6584.5513       1.0290188
       6584.5687       1.0293585
       6584.5861       1.0296922
       6584.6035       1.0298494
       6584.6210       1.0297112
       6584.6384       1.0292340
       6584.6558       1.0284483
       6584.6732       1.0274375
       6584.6906       1.0263088
       6584.7080       1.0251690
       6584.7254       1.0241138
       6584.7428       1.0232314
       6584.7602       1.0226112
       6584.7777       1.0223459
       6584.7951       1.0225200
       6584.8125       1.0231845
       6584.8299       1.0243295
       6584.8473       1.0258692
       6584.8647       1.0276485
       6584.8821       1.0294733
       6584.8995       1.0311534
       6584.9169       1.0325415
       6584.9343       1.0335631
       6584.9518       1.0342195
       6584.9692       1.0345706
       6584.9866       1.0347073
       6585.0040       1.0347189
