# Angstrom [air],  flux [abs.cor.cont.sub+1]
       6544.9986       1.0046812
       6545.0160       1.0056927
       6545.0334       1.0063858
       6545.0508       1.0066216
       6545.0682       1.0064478
       6545.0856       1.0060754
       6545.1030       1.0057882
       6545.1204       1.0058303
       6545.1378       1.0063237
       6545.1552       1.0072495
       6545.1727       1.0084886
       6545.1901       1.0098945
       6545.2075       1.0113564
       6545.2249       1.0128251
       6545.2423       1.0142947
       6545.2597       1.0157531
       6545.2771       1.0171350
       6545.2945       1.0183026
       6545.3119       1.0190714
       6545.3294       1.0192751
       6545.3468       1.0188481
       6545.3642       1.0178870
       6545.3816       1.0166588
       6545.3990       1.0155416
       6545.4164       1.0149159
       6545.4338       1.0150487
       6545.4512       1.0160248
       6545.4686       1.0177574
       6545.4860       1.0200721
       6545.5035       1.0228218
       6545.5209       1.0259720
       6545.5383       1.0296149
       6545.5557       1.0339093
       6545.5731       1.0389843
       6545.5905       1.0448603
       6545.6079       1.0514273
       6545.6253       1.0584879
       6545.6427       1.0658397
       6545.6602       1.0733538
       6545.6776       1.0810128
       6545.6950       1.0888920
       6545.7124       1.0970966
       6545.7298       1.1056830
       6545.7472       1.1145982
       6545.7646       1.1236563
       6545.7820       1.1325510
       6545.7994       1.1408898
       6545.8168       1.1482325
       6545.8343       1.1541329
       6545.8517       1.1581899
       6545.8691       1.1601117
       6545.8865       1.1598054
       6545.9039       1.1574009
       6545.9213       1.1532325
       6545.9387       1.1477422
       6545.9561       1.1413360
       6545.9735       1.1342490
       6545.9910       1.1264717
       6546.0084       1.1177648
       6546.0258       1.1077445
       6546.0432       1.0960006
       6546.0606       1.0822053
       6546.0780       1.0661956
       6546.0954       1.0480298
       6546.1128       1.0280275
       6546.1302       1.0067869
       6546.1476      0.98515975
       6546.1651      0.96416703
       6546.1825      0.94485792
       6546.1999      0.92814682
       6546.2173      0.91467747
       6546.2347      0.90475603
       6546.2521      0.89836622
       6546.2695      0.89524794
       6546.2869      0.89500135
       6546.3043      0.89717873
       6546.3218      0.90134175
       6546.3392      0.90708197
       6546.3566      0.91401634
       6546.3740      0.92177495
       6546.3914      0.92999477
       6546.4088      0.93832642
       6546.4262      0.94645363
       6546.4436      0.95411905
       6546.4610      0.96114612
       6546.4784      0.96744626
       6546.4959      0.97300618
       6546.5133      0.97785716
       6546.5307      0.98205732
       6546.5481      0.98567275
       6546.5655      0.98878652
       6546.5829      0.99151979
       6546.6003      0.99404031
       6546.6177      0.99654472
       6546.6351      0.99921587
       6546.6526       1.0021735
       6546.6700       1.0054414
       6546.6874       1.0089465
       6546.7048       1.0125471
       6546.7222       1.0160769
       6546.7396       1.0193854
       6546.7570       1.0223619
       6546.7744       1.0249393
       6546.7918       1.0270821
       6546.8092       1.0287692
       6546.8267       1.0299801
       6546.8441       1.0306943
       6546.8615       1.0309023
       6546.8789       1.0306242
       6546.8963       1.0299272
       6546.9137       1.0289316
       6546.9311       1.0278019
       6546.9485       1.0267236
       6546.9659       1.0258709
       6546.9834       1.0253716
       6547.0008       1.0252770
       6547.0182       1.0255434
       6547.0356       1.0260332
       6547.0530       1.0265409
       6547.0704       1.0268419
       6547.0878       1.0267496
       6547.1052       1.0261622
       6547.1226       1.0250785
       6547.1400       1.0235776
       6547.1575       1.0217745
       6547.1749       1.0197760
       6547.1923       1.0176572
       6547.2097       1.0154632
       6547.2271       1.0132344
       6547.2445       1.0110328
       6547.2619       1.0089544
       6547.2793       1.0071223
       6547.2967       1.0056599
       6547.3141       1.0046551
       6547.3316       1.0041271
       6547.3490       1.0040152
       6547.3664       1.0041978
       6547.3838       1.0045402
       6547.4012       1.0049534
       6547.4186       1.0054351
       6547.4360       1.0060743
       6547.4534       1.0070130
       6547.4708       1.0083836
       6547.4883       1.0102461
       6547.5057       1.0125519
       6547.5231       1.0151437
       6547.5405       1.0177876
       6547.5579       1.0202230
       6547.5753       1.0222149
       6547.5927       1.0236003
       6547.6101       1.0243230
       6547.6275       1.0244527
       6547.6449       1.0241819
       6547.6624       1.0237933
       6547.6798       1.0235973
       6547.6972       1.0238534
       6547.7146       1.0247001
       6547.7320       1.0261219
       6547.7494       1.0279677
       6547.7668       1.0300096
       6547.7842       1.0320129
       6547.8016       1.0337834
       6547.8191       1.0351720
       6547.8365       1.0360567
       6547.8539       1.0363108
       6547.8713       1.0357973
       6547.8887       1.0343947
       6547.9061       1.0320394
       6547.9235       1.0287604
       6547.9409       1.0246885
       6547.9583       1.0200365
       6547.9757       1.0150619
       6547.9932       1.0100258
       6548.0106       1.0051588
       6548.0280       1.0006385
       6548.0454      0.99657750
       6548.0628      0.99302609
       6548.0802      0.98998977
       6548.0976      0.98745842
       6548.1150      0.98543497
       6548.1324      0.98394992
       6548.1499      0.98305379
       6548.1673      0.98279018
       6548.1847      0.98315994
       6548.2021      0.98408905
       6548.2195      0.98541177
       6548.2369      0.98687791
       6548.2543      0.98818918
       6548.2717      0.98906094
       6548.2891      0.98929432
       6548.3065      0.98883552
       6548.3240      0.98780105
       6548.3414      0.98645869
       6548.3588      0.98516927
       6548.3762      0.98430620
       6548.3936      0.98417504
       6548.4110      0.98495420
       6548.4284      0.98667130
       6548.4458      0.98921792
       6548.4632      0.99239336
       6548.4807      0.99595344
       6548.4981      0.99965576
       6548.5155       1.0032889
       6548.5329       1.0066797
       6548.5503       1.0096960
       6548.5677       1.0122458
       6548.5851       1.0142727
       6548.6025       1.0157463
       6548.6199       1.0166532
       6548.6373       1.0169981
       6548.6548       1.0168257
       6548.6722       1.0162567
       6548.6896       1.0155135
       6548.7070       1.0149086
       6548.7244       1.0147801
       6548.7418       1.0153929
       6548.7592       1.0168523
       6548.7766       1.0190752
       6548.7940       1.0218380
       6548.8115       1.0248779
       6548.8289       1.0279938
       6548.8463       1.0310966
       6548.8637       1.0341885
       6548.8811       1.0372904
       6548.8985       1.0403590
       6548.9159       1.0432354
       6548.9333       1.0456458
       6548.9507       1.0472510
       6548.9681       1.0477297
       6548.9856       1.0468711
       6549.0030       1.0446560
       6549.0204       1.0413037
       6549.0378       1.0372643
       6549.0552       1.0331470
       6549.0726       1.0295932
       6549.0900       1.0271259
       6549.1074       1.0260208
       6549.1248       1.0262458
       6549.1423       1.0274506
       6549.1597       1.0290919
       6549.1771       1.0305655
       6549.1945       1.0313493
       6549.2119       1.0311121
       6549.2293       1.0297663
       6549.2467       1.0274571
       6549.2641       1.0245005
       6549.2815       1.0212893
       6549.2989       1.0181923
       6549.3164       1.0154680
       6549.3338       1.0132111
       6549.3512       1.0113454
       6549.3686       1.0096655
       6549.3860       1.0079153
       6549.4034       1.0058768
       6549.4208       1.0034407
       6549.4382       1.0006387
       6549.4556      0.99763893
       6549.4731      0.99471435
       6549.4905      0.99219744
       6549.5079      0.99042328
       6549.5253      0.98966068
       6549.5427      0.99004049
       6549.5601      0.99150806
       6549.5775      0.99383305
       6549.5949      0.99669144
       6549.6123      0.99979352
       6549.6297       1.0029953
       6549.6472       1.0063273
       6549.6646       1.0099141
       6549.6820       1.0138213
       6549.6994       1.0179104
       6549.7168       1.0217842
       6549.7342       1.0248587
       6549.7516       1.0265346
       6549.7690       1.0263926
       6549.7864       1.0243617
       6549.8039       1.0207701
       6549.8213       1.0162550
       6549.8387       1.0116055
       6549.8561       1.0075615
       6549.8735       1.0046414
       6549.8909       1.0030545
       6549.9083       1.0027246
       6549.9257       1.0034035
       6549.9431       1.0048157
       6549.9605       1.0067626
       6549.9780       1.0091422
       6549.9954       1.0118859
       6550.0128       1.0148649
       6550.0302       1.0178306
       6550.0476       1.0204334
       6550.0650       1.0223146
       6550.0824       1.0232266
       6550.0998       1.0231193
       6550.1172       1.0221555
       6550.1347       1.0206526
       6550.1521       1.0189839
       6550.1695       1.0174861
       6550.1869       1.0164060
       6550.2043       1.0158925
       6550.2217       1.0160161
       6550.2391       1.0167905
       6550.2565       1.0181814
       6550.2739       1.0201050
       6550.2913       1.0224337
       6550.3088       1.0250163
       6550.3262       1.0277086
       6550.3436       1.0303934
       6550.3610       1.0329738
       6550.3784       1.0353429
       6550.3958       1.0373495
       6550.4132       1.0387884
       6550.4306       1.0394234
       6550.4480       1.0390696
       6550.4655       1.0376549
       6550.4829       1.0352850
       6550.5003       1.0322677
       6550.5177       1.0290891
       6550.5351       1.0263378
       6550.5525       1.0245892
       6550.5699       1.0242777
       6550.5873       1.0255965
       6550.6047       1.0284577
       6550.6221       1.0325215
       6550.6396       1.0372796
       6550.6570       1.0421589
       6550.6744       1.0466204
       6550.6918       1.0502375
       6550.7092       1.0527503
       6550.7266       1.0540900
       6550.7440       1.0543641
       6550.7614       1.0538003
       6550.7788       1.0526629
       6550.7963       1.0511710
       6550.8137       1.0494530
       6550.8311       1.0475534
       6550.8485       1.0454835
       6550.8659       1.0432811
       6550.8833       1.0410441
       6550.9007       1.0389197
       6550.9181       1.0370604
       6550.9355       1.0355784
       6550.9529       1.0345253
       6550.9704       1.0339079
       6550.9878       1.0337241
       6551.0052       1.0339943
       6551.0226       1.0347708
       6551.0400       1.0361183
       6551.0574       1.0380765
       6551.0748       1.0406187
       6551.0922       1.0436119
       6551.1096       1.0468138
       6551.1271       1.0498997
       6551.1445       1.0525185
       6551.1619       1.0543699
       6551.1793       1.0552790
       6551.1967       1.0552441
       6551.2141       1.0544387
       6551.2315       1.0531594
       6551.2489       1.0517330
       6551.2663       1.0504107
       6551.2837       1.0492880
       6551.3012       1.0482822
       6551.3186       1.0471790
       6551.3360       1.0457284
       6551.3534       1.0437515
       6551.3708       1.0412148
       6551.3882       1.0382500
       6551.4056       1.0351190
       6551.4230       1.0321495
       6551.4404       1.0296680
       6551.4579       1.0279488
       6551.4753       1.0271801
       6551.4927       1.0274405
       6551.5101       1.0286813
       6551.5275       1.0307172
       6551.5449       1.0332400
       6551.5623       1.0358599
       6551.5797       1.0381731
       6551.5971       1.0398390
       6551.6145       1.0406471
       6551.6320       1.0405593
       6551.6494       1.0397220
       6551.6668       1.0384494
       6551.6842       1.0371767
       6551.7016       1.0363833
       6551.7190       1.0364883
       6551.7364       1.0377352
       6551.7538       1.0400781
       6551.7712       1.0431761
       6551.7886       1.0464545
       6551.8061       1.0492553
       6551.8235       1.0510241
       6551.8409       1.0514668
       6551.8583       1.0506183
       6551.8757       1.0488021
       6551.8931       1.0465027
       6551.9105       1.0442034
       6551.9279       1.0422523
       6551.9453       1.0407993
       6551.9628       1.0398166
       6551.9802       1.0391757
       6551.9976       1.0387383
       6552.0150       1.0384147
       6552.0324       1.0381692
       6552.0498       1.0379828
       6552.0672       1.0378102
       6552.0846       1.0375669
       6552.1020       1.0371621
       6552.1194       1.0365591
       6552.1369       1.0358257
       6552.1543       1.0351374
       6552.1717       1.0347226
       6552.1891       1.0347737
       6552.2065       1.0353621
       6552.2239       1.0363979
       6552.2413       1.0376495
       6552.2587       1.0388164
       6552.2761       1.0396258
       6552.2936       1.0399188
       6552.3110       1.0396930
       6552.3284       1.0390865
       6552.3458       1.0383092
       6552.3632       1.0375522
       6552.3806       1.0369229
       6552.3980       1.0364390
       6552.4154       1.0360946
       6552.4328       1.0359540
       6552.4502       1.0362112
       6552.4677       1.0371662
       6552.4851       1.0391144
       6552.5025       1.0421969
       6552.5199       1.0462847
       6552.5373       1.0509567
       6552.5547       1.0555864
       6552.5721       1.0595036
       6552.5895       1.0621689
       6552.6069       1.0633057
       6552.6244       1.0629510
       6552.6418       1.0614205
       6552.6592       1.0592049
       6552.6766       1.0568364
       6552.6940       1.0547684
       6552.7114       1.0533035
       6552.7288       1.0525786
       6552.7462       1.0525947
       6552.7636       1.0532600
       6552.7810       1.0544243
       6552.7985       1.0559015
       6552.8159       1.0574883
       6552.8333       1.0589954
       6552.8507       1.0602897
       6552.8681       1.0613320
       6552.8855       1.0621868
       6552.9029       1.0629858
       6552.9203       1.0638527
       6552.9377       1.0648225
       6552.9552       1.0657972
       6552.9726       1.0665706
       6552.9900       1.0669168
       6553.0074       1.0667062
       6553.0248       1.0659949
       6553.0422       1.0650504
       6553.0596       1.0642887
       6553.0770       1.0641509
       6553.0944       1.0649717
       6553.1118       1.0668767
       6553.1293       1.0697449
       6553.1467       1.0732459
       6553.1641       1.0769312
       6553.1815       1.0803397
       6553.1989       1.0830733
       6553.2163       1.0848209
       6553.2337       1.0853395
       6553.2511       1.0844336
       6553.2685       1.0819686
       6553.2860       1.0779302
       6553.3034       1.0724988
       6553.3208       1.0660910
       6553.3382       1.0593303
       6553.3556       1.0529458
       6553.3730       1.0476353
       6553.3904       1.0439423
       6553.4078       1.0421810
       6553.4252       1.0424164
       6553.4426       1.0444873
       6553.4601       1.0480522
       6553.4775       1.0526502
       6553.4949       1.0577683
       6553.5123       1.0629096
       6553.5297       1.0676470
       6553.5471       1.0716552
       6553.5645       1.0747167
       6553.5819       1.0767173
       6553.5993       1.0776422
       6553.6168       1.0775817
       6553.6342       1.0767386
       6553.6516       1.0754254
       6553.6690       1.0740382
       6553.6864       1.0730094
       6553.7038       1.0727295
       6553.7212       1.0734691
       6553.7386       1.0753144
       6553.7560       1.0781216
       6553.7734       1.0815117
       6553.7909       1.0849164
       6553.8083       1.0876787
       6553.8257       1.0891963
       6553.8431       1.0890714
       6553.8605       1.0872220
       6553.8779       1.0839123
       6553.8953       1.0796859
       6553.9127       1.0752218
       6553.9301       1.0711620
       6553.9476       1.0679682
       6553.9650       1.0658460
       6553.9824       1.0647480
       6553.9998       1.0644390
       6554.0172       1.0645940
       6554.0346       1.0649009
       6554.0520       1.0651457
       6554.0694       1.0652600
       6554.0868       1.0653206
       6554.1042       1.0654964
       6554.1217       1.0659632
       6554.1391       1.0668201
       6554.1565       1.0680514
       6554.1739       1.0695523
       6554.1913       1.0712034
       6554.2087       1.0729462
       6554.2261       1.0748082
       6554.2435       1.0768547
       6554.2609       1.0790902
       6554.2784       1.0813695
       6554.2958       1.0833822
       6554.3132       1.0847412
       6554.3306       1.0851459
       6554.3480       1.0845582
       6554.3654       1.0832887
       6554.3828       1.0819187
       6554.4002       1.0811154
       6554.4176       1.0813989
       6554.4350       1.0829669
       6554.4525       1.0856484
       6554.4699       1.0889866
       6554.4873       1.0923986
       6554.5047       1.0953361
       6554.5221       1.0973961
       6554.5395       1.0983677
       6554.5569       1.0982303
       6554.5743       1.0971243
       6554.5917       1.0953046
       6554.6092       1.0930821
       6554.6266       1.0907595
       6554.6440       1.0885758
       6554.6614       1.0866793
       6554.6788       1.0851403
       6554.6962       1.0839980
       6554.7136       1.0833195
       6554.7310       1.0832395
       6554.7484       1.0839579
       6554.7658       1.0856889
       6554.7833       1.0885790
       6554.8007       1.0926238
       6554.8181       1.0976177
       6554.8355       1.1031640
       6554.8529       1.1087494
       6554.8703       1.1138654
       6554.8877       1.1181367
       6554.9051       1.1214095
       6554.9225       1.1237653
       6554.9400       1.1254566
       6554.9574       1.1267981
       6554.9748       1.1280627
       6554.9922       1.1294266
       6555.0096       1.1309641
       6555.0270       1.1326852
       6555.0444       1.1345666
       6555.0618       1.1365568
       6555.0792       1.1385599
       6555.0966       1.1404192
       6555.1141       1.1419200
       6555.1315       1.1428149
       6555.1489       1.1428619
       6555.1663       1.1418630
       6555.1837       1.1396998
       6555.2011       1.1363679
       6555.2185       1.1320078
       6555.2359       1.1269192
       6555.2533       1.1215366
       6555.2708       1.1163520
       6555.2882       1.1117924
       6555.3056       1.1080864
       6555.3230       1.1051718
       6555.3404       1.1026865
       6555.3578       1.1000598
       6555.3752       1.0966815
       6555.3926       1.0920937
       6555.4100       1.0861387
       6555.4274       1.0790152
       6555.4449       1.0712266
       6555.4623       1.0634512
       6555.4797       1.0563846
       6555.4971       1.0506061
       6555.5145       1.0465033
       6555.5319       1.0442522
       6555.5493       1.0438368
       6555.5667       1.0450814
       6555.5841       1.0476842
       6555.6016       1.0512511
       6555.6190       1.0553402
       6555.6364       1.0595172
       6555.6538       1.0634178
       6555.6712       1.0668051
       6555.6886       1.0695876
       6555.7060       1.0718099
       6555.7234       1.0736191
       6555.7408       1.0752223
       6555.7582       1.0768476
       6555.7757       1.0787105
       6555.7931       1.0809807
       6555.8105       1.0837478
       6555.8279       1.0869941
       6555.8453       1.0905896
       6555.8627       1.0943202
       6555.8801       1.0979460
       6555.8975       1.1012644
       6555.9149       1.1041530
       6555.9324       1.1065740
       6555.9498       1.1085469
       6555.9672       1.1101090
       6555.9846       1.1112873
       6556.0020       1.1120888
       6556.0194       1.1125020
       6556.0368       1.1124964
       6556.0542       1.1120125
       6556.0716       1.1109493
       6556.0890       1.1091707
       6556.1065       1.1065475
       6556.1239       1.1030345
       6556.1413       1.0987525
       6556.1587       1.0940309
       6556.1761       1.0893727
       6556.1935       1.0853431
       6556.2109       1.0824198
       6556.2283       1.0808655
       6556.2457       1.0806682
       6556.2632       1.0815652
       6556.2806       1.0831274
       6556.2980       1.0848659
       6556.3154       1.0863373
       6556.3328       1.0872269
       6556.3502       1.0873932
       6556.3676       1.0868817
       6556.3850       1.0858999
       6556.4024       1.0847580
       6556.4198       1.0837909
       6556.4373       1.0832894
       6556.4547       1.0834630
       6556.4721       1.0844365
       6556.4895       1.0862615
       6556.5069       1.0889185
       6556.5243       1.0923003
       6556.5417       1.0961932
       6556.5591       1.1002834
       6556.5765       1.1042059
       6556.5939       1.1076235
       6556.6114       1.1102961
       6556.6288       1.1121061
       6556.6462       1.1130286
       6556.6636       1.1130717
       6556.6810       1.1122282
       6556.6984       1.1104691
       6556.7158       1.1077791
       6556.7332       1.1042067
       6556.7506       1.0998975
       6556.7681       1.0950913
       6556.7855       1.0900895
       6556.8029       1.0852130
       6556.8203       1.0807751
       6556.8377       1.0770733
       6556.8551       1.0743908
       6556.8725       1.0729830
       6556.8899       1.0730361
       6556.9073       1.0746028
       6556.9247       1.0775448
       6556.9422       1.0815171
       6556.9596       1.0860053
       6556.9770       1.0904497
       6556.9944       1.0943870
       6557.0118       1.0975716
       6557.0292       1.1000398
       6557.0466       1.1020860
       6557.0640       1.1041530
       6557.0814       1.1066665
       6557.0989       1.1098677
       6557.1163       1.1136991
       6557.1337       1.1177869
       6557.1511       1.1215351
       6557.1685       1.1243096
       6557.1859       1.1256569
       6557.2033       1.1254811
       6557.2207       1.1241062
       6557.2381       1.1221934
       6557.2555       1.1205375
       6557.2730       1.1198272
       6557.2904       1.1204628
       6557.3078       1.1224928
       6557.3252       1.1256673
       6557.3426       1.1295525
       6557.3600       1.1336415
       6557.3774       1.1374275
       6557.3948       1.1404474
       6557.4122       1.1423264
       6557.4297       1.1428402
       6557.4471       1.1419779
       6557.4645       1.1399686
       6557.4819       1.1372408
       6557.4993       1.1343189
       6557.5167       1.1317005
       6557.5341       1.1297643
       6557.5515       1.1287384
       6557.5689       1.1287149
       6557.5863       1.1296766
       6557.6038       1.1314981
       6557.6212       1.1339143
       6557.6386       1.1365242
       6557.6560       1.1388172
       6557.6734       1.1402592
       6557.6908       1.1404117
       6557.7082       1.1390429
       6557.7256       1.1361943
       6557.7430       1.1321861
       6557.7605       1.1275628
       6557.7779       1.1229943
       6557.7953       1.1191496
       6557.8127       1.1165689
       6557.8301       1.1155596
       6557.8475       1.1161433
       6557.8649       1.1180690
       6557.8823       1.1208898
       6557.8997       1.1240783
       6557.9171       1.1271455
       6557.9346       1.1297265
       6557.9520       1.1316128
       6557.9694       1.1327321
       6557.9868       1.1330990
       6558.0042       1.1327670
       6558.0216       1.1318033
       6558.0390       1.1302934
       6558.0564       1.1283646
       6558.0738       1.1262111
       6558.0913       1.1241071
       6558.1087       1.1223931
       6558.1261       1.1214312
       6558.1435       1.1215265
       6558.1609       1.1228303
       6558.1783       1.1252552
       6558.1957       1.1284422
       6558.2131       1.1318112
       6558.2305       1.1346966
       6558.2479       1.1365247
       6558.2654       1.1370048
       6558.2828       1.1362123
       6558.3002       1.1345565
       6558.3176       1.1326481
       6558.3350       1.1311041
       6558.3524       1.1303646
       6558.3698       1.1305840
       6558.3872       1.1316335
       6558.4046       1.1332053
       6558.4221       1.1349693
       6558.4395       1.1367125
       6558.4569       1.1384010
       6558.4743       1.1401443
       6558.4917       1.1420888
       6558.5091       1.1443012
       6558.5265       1.1467036
       6558.5439       1.1490889
       6558.5613       1.1512000
       6558.5787       1.1528264
       6558.5962       1.1538677
       6558.6136       1.1543403
       6558.6310       1.1543382
       6558.6484       1.1539758
       6558.6658       1.1533454
       6558.6832       1.1525015
       6558.7006       1.1514708
       6558.7180       1.1502694
       6558.7354       1.1489140
       6558.7529       1.1474237
       6558.7703       1.1458175
       6558.7877       1.1441220
       6558.8051       1.1423939
       6558.8225       1.1407456
       6558.8399       1.1393523
       6558.8573       1.1384225
       6558.8747       1.1381353
       6558.8921       1.1385759
       6558.9095       1.1397053
       6558.9270       1.1413857
       6558.9444       1.1434577
       6558.9618       1.1458038
       6558.9792       1.1483738
       6558.9966       1.1511612
       6559.0140       1.1541552
       6559.0314       1.1573020
       6559.0488       1.1604983
       6559.0662       1.1636154
       6559.0837       1.1665390
       6559.1011       1.1692027
       6559.1185       1.1716059
       6559.1359       1.1738095
       6559.1533       1.1759109
       6559.1707       1.1780041
       6559.1881       1.1801372
       6559.2055       1.1822810
       6559.2229       1.1843217
       6559.2403       1.1860796
       6559.2578       1.1873476
       6559.2752       1.1879333
       6559.2926       1.1876964
       6559.3100       1.1865733
       6559.3274       1.1845930
       6559.3448       1.1818854
       6559.3622       1.1786797
       6559.3796       1.1752846
       6559.3970       1.1720389
       6559.4145       1.1692326
       6559.4319       1.1670160
       6559.4493       1.1653331
       6559.4667       1.1639204
       6559.4841       1.1623887
       6559.5015       1.1603683
       6559.5189       1.1576599
       6559.5363       1.1543265
       6559.5537       1.1506842
       6559.5711       1.1472088
       6559.5886       1.1443796
       6559.6060       1.1425598
       6559.6234       1.1419320
       6559.6408       1.1424933
       6559.6582       1.1440913
       6559.6756       1.1464780
       6559.6930       1.1493687
       6559.7104       1.1525014
       6559.7278       1.1556903
       6559.7453       1.1588558
       6559.7627       1.1620172
       6559.7801       1.1652454
       6559.7975       1.1685944
       6559.8149       1.1720494
       6559.8323       1.1755175
       6559.8497       1.1788696
       6559.8671       1.1820099
       6559.8845       1.1849347
       6559.9019       1.1877506
       6559.9194       1.1906416
       6559.9368       1.1938041
       6559.9542       1.1973779
       6559.9716       1.2014039
       6559.9890       1.2058208
       6560.0064       1.2104932
       6560.0238       1.2152489
       6560.0412       1.2199019
       6560.0586       1.2242522
       6560.0761       1.2280735
       6560.0935       1.2311133
       6560.1109       1.2331308
       6560.1283       1.2339732
       6560.1457       1.2336690
       6560.1631       1.2324902
       6560.1805       1.2309446
       6560.1979       1.2296828
       6560.2153       1.2293393
       6560.2327       1.2303488
       6560.2502       1.2328459
       6560.2676       1.2366472
       6560.2850       1.2413340
       6560.3024       1.2463937
       6560.3198       1.2513676
       6560.3372       1.2559494
       6560.3546       1.2600092
       6560.3720       1.2635459
       6560.3894       1.2666013
       6560.4069       1.2691763
       6560.4243       1.2711884
       6560.4417       1.2724828
       6560.4591       1.2728882
       6560.4765       1.2722908
       6560.4939       1.2706950
       6560.5113       1.2682527
       6560.5287       1.2652607
       6560.5461       1.2621338
       6560.5635       1.2593662
       6560.5810       1.2574790
       6560.5984       1.2569470
       6560.6158       1.2581039
       6560.6332       1.2610427
       6560.6506       1.2655484
       6560.6680       1.2711043
       6560.6854       1.2769945
       6560.7028       1.2824852
       6560.7202       1.2870324
       6560.7377       1.2904401
       6560.7551       1.2929093
       6560.7725       1.2949583
       6560.7899       1.2972450
       6560.8073       1.3003614
       6560.8247       1.3046729
       6560.8421       1.3102507
       6560.8595       1.3169058
       6560.8769       1.3242655
       6560.8943       1.3319096
       6560.9118       1.3394448
       6560.9292       1.3465365
       6560.9466       1.3529017
       6560.9640       1.3582907
       6560.9814       1.3624922
       6560.9988       1.3653818
       6561.0162       1.3670013
       6561.0336       1.3676340
       6561.0510       1.3678294
       6561.0684       1.3683479
       6561.0859       1.3700313
       6561.1033       1.3736335
       6561.1207       1.3796625
       6561.1381       1.3882770
       6561.1555       1.3992622
       6561.1729       1.4120888
       6561.1903       1.4260404
       6561.2077       1.4403826
       6561.2251       1.4545312
       6561.2426       1.4681739
       6561.2600       1.4813032
       6561.2774       1.4941476
       6561.2948       1.5070273
       6561.3122       1.5201982
       6561.3296       1.5337564
       6561.3470       1.5476420
       6561.3644       1.5617302
       6561.3818       1.5759490
       6561.3992       1.5903550
       6561.4167       1.6051255
       6561.4341       1.6204799
       6561.4515       1.6365789
       6561.4689       1.6534592
       6561.4863       1.6710333
       6561.5037       1.6891465
       6561.5211       1.7076491
       6561.5385       1.7264486
       6561.5559       1.7455113
       6561.5734       1.7648262
       6561.5908       1.7843601
       6561.6082       1.8040353
       6561.6256       1.8237405
       6561.6430       1.8433665
       6561.6604       1.8628420
       6561.6778       1.8821488
       6561.6952       1.9013136
       6561.7126       1.9203910
       6561.7300       1.9394537
       6561.7475       1.9585983
       6561.7649       1.9779528
       6561.7823       1.9976654
       6561.7997       2.0178623
       6561.8171       2.0385803
       6561.8345       2.0597044
       6561.8519       2.0809432
       6561.8693       2.1018677
       6561.8867       2.1220125
       6561.9042       2.1410037
       6561.9216       2.1586637
       6561.9390       2.1750381
       6561.9564       2.1903289
       6561.9738       2.2047577
       6561.9912       2.2184292
       6562.0086       2.2312691
       6562.0260       2.2430767
       6562.0434       2.2536745
       6562.0608       2.2630773
       6562.0783       2.2715949
       6562.0957       2.2798086
       6562.1131       2.2884307
       6562.1305       2.2981126
       6562.1479       2.3092901
       6562.1653       2.3221368
       6562.1827       2.3365804
       6562.2001       2.3524540
       6562.2175       2.3695791
       6562.2350       2.3877907
       6562.2524       2.4068873
       6562.2698       2.4265484
       6562.2872       2.4462838
       6562.3046       2.4654685
       6562.3220       2.4834679
       6562.3394       2.4998148
       6562.3568       2.5143654
       6562.3742       2.5273682
       6562.3916       2.5394119
       6562.4091       2.5512674
       6562.4265       2.5636768
       6562.4439       2.5771579
       6562.4613       2.5918832
       6562.4787       2.6076684
       6562.4961       2.6240686
       6562.5135       2.6405529
       6562.5309       2.6566985
       6562.5483       2.6723378
       6562.5658       2.6875996
       6562.5832       2.7028209
       6562.6006       2.7183579
       6562.6180       2.7343727
       6562.6354       2.7506908
       6562.6528       2.7668039
       6562.6702       2.7820228
       6562.6876       2.7957149
       6562.7050       2.8075078
       6562.7224       2.8173597
       6562.7399       2.8254624
       6562.7573       2.8320380
       6562.7747       2.8371466
       6562.7921       2.8406077
       6562.8095       2.8420561
       6562.8269       2.8411143
       6562.8443       2.8375319
       6562.8617       2.8312339
       6562.8791       2.8222838
       6562.8966       2.8107905
       6562.9140       2.7968224
       6562.9314       2.7803673
       6562.9488       2.7613437
       6562.9662       2.7396461
       6562.9836       2.7152009
       6563.0010       2.6880180
       6563.0184       2.6582348
       6563.0358       2.6261481
       6563.0532       2.5922298
       6563.0707       2.5571138
       6563.0881       2.5215430
       6563.1055       2.4862742
       6563.1229       2.4519591
       6563.1403       2.4190374
       6563.1577       2.3876860
       6563.1751       2.3578536
       6563.1925       2.3293730
       6563.2099       2.3021100
       6563.2274       2.2760872
       6563.2448       2.2515298
       6563.2622       2.2288146
       6563.2796       2.2083385
       6563.2970       2.1903519
       6563.3144       2.1748127
       6563.3318       2.1613111
       6563.3492       2.1490996
       6563.3666       2.1372332
       6563.3840       2.1247885
       6563.4015       2.1110977
       6563.4189       2.0959167
       6563.4363       2.0794681
       6563.4537       2.0623438
       6563.4711       2.0453181
       6563.4885       2.0291242
       6563.5059       2.0142915
       6563.5233       2.0010900
       6563.5407       1.9895516
       6563.5582       1.9795322
       6563.5756       1.9707668
       6563.5930       1.9628968
       6563.6104       1.9554770
       6563.6278       1.9479901
       6563.6452       1.9398947
       6563.6626       1.9307064
       6563.6800       1.9200921
       6563.6974       1.9079404
       6563.7148       1.8943825
       6563.7323       1.8797586
       6563.7497       1.8645488
       6563.7671       1.8492929
       6563.7845       1.8345150
       6563.8019       1.8206577
       6563.8193       1.8080237
       6563.8367       1.7967292
       6563.8541       1.7866858
       6563.8715       1.7776249
       6563.8890       1.7691678
       6563.9064       1.7609220
       6563.9238       1.7525696
       6563.9412       1.7439173
       6563.9586       1.7348947
       6563.9760       1.7255103
       6563.9934       1.7157902
       6564.0108       1.7057257
       6564.0282       1.6952450
       6564.0456       1.6842163
       6564.0631       1.6724774
       6564.0805       1.6598843
       6564.0979       1.6463656
       6564.1153       1.6319614
       6564.1327       1.6168536
       6564.1501       1.6013266
       6564.1675       1.5857101
       6564.1849       1.5703151
       6564.2023       1.5553925
       6564.2198       1.5411303
       6564.2372       1.5276790
       6564.2546       1.5151720
       6564.2720       1.5037153
       6564.2894       1.4933429
       6564.3068       1.4839688
       6564.3242       1.4753662
       6564.3416       1.4671956
       6564.3590       1.4590723
       6564.3764       1.4506457
       6564.3939       1.4416652
       6564.4113       1.4320203
       6564.4287       1.4217542
       6564.4461       1.4110564
       6564.4635       1.4002363
       6564.4809       1.3896761
       6564.4983       1.3797634
       6564.5157       1.3708142
       6564.5331       1.3630039
       6564.5506       1.3563275
       6564.5680       1.3505993
       6564.5854       1.3454966
       6564.6028       1.3406366
       6564.6202       1.3356700
       6564.6376       1.3303676
       6564.6550       1.3246758
       6564.6724       1.3187176
       6564.6898       1.3127386
       6564.7072       1.3070178
       6564.7247       1.3017860
       6564.7421       1.2971920
       6564.7595       1.2933285
       6564.7769       1.2902850
       6564.7943       1.2881695
       6564.8117       1.2870779
       6564.8291       1.2869931
       6564.8465       1.2876886
       6564.8639       1.2887059
       6564.8814       1.2894417
       6564.8988       1.2893163
       6564.9162       1.2879458
       6564.9336       1.2852379
       6564.9510       1.2813806
       6564.9684       1.2767496
       6564.9858       1.2717945
       6565.0032       1.2669488
       6565.0206       1.2625741
       6565.0380       1.2589229
       6565.0555       1.2561050
       6565.0729       1.2540627
       6565.0903       1.2525783
       6565.1077       1.2513286
       6565.1251       1.2499777
       6565.1425       1.2482762
       6565.1599       1.2461255
       6565.1773       1.2435850
       6565.1947       1.2408210
       6565.2122       1.2380256
       6565.2296       1.2353432
       6565.2470       1.2328389
       6565.2644       1.2305264
       6565.2818       1.2284435
       6565.2992       1.2267311
       6565.3166       1.2256633
       6565.3340       1.2255892
       6565.3514       1.2267904
       6565.3688       1.2293098
       6565.3863       1.2328344
       6565.4037       1.2366958
       6565.4211       1.2399958
       6565.4385       1.2418419
       6565.4559       1.2415710
       6565.4733       1.2388900
       6565.4907       1.2339149
       6565.5081       1.2271148
       6565.5255       1.2192016
       6565.5429       1.2110033
       6565.5604       1.2033419
       6565.5778       1.1969199
       6565.5952       1.1922187
       6565.6126       1.1894184
       6565.6300       1.1883648
       6565.6474       1.1886049
       6565.6648       1.1894989
       6565.6822       1.1903859
       6565.6996       1.1907529
       6565.7171       1.1903471
       6565.7345       1.1891930
       6565.7519       1.1875154
       6565.7693       1.1856084
       6565.7867       1.1837105
       6565.8041       1.1819340
       6565.8215       1.1802684
       6565.8389       1.1786449
       6565.8563       1.1770247
       6565.8737       1.1754692
       6565.8912       1.1741563
       6565.9086       1.1733333
       6565.9260       1.1732248
       6565.9434       1.1739347
       6565.9608       1.1753900
       6565.9782       1.1773459
       6565.9956       1.1794504
       6566.0130       1.1813319
       6566.0304       1.1826756
       6566.0479       1.1832663
       6566.0653       1.1829966
       6566.0827       1.1818667
       6566.1001       1.1799765
       6566.1175       1.1775027
       6566.1349       1.1746733
       6566.1523       1.1717242
       6566.1697       1.1688500
       6566.1871       1.1661741
       6566.2045       1.1637530
       6566.2220       1.1616160
       6566.2394       1.1598164
       6566.2568       1.1584673
       6566.2742       1.1577385
       6566.2916       1.1578140
       6566.3090       1.1588253
       6566.3264       1.1607879
       6566.3438       1.1635654
       6566.3612       1.1668792
       6566.3787       1.1703611
       6566.3961       1.1736327
       6566.4135       1.1763849
       6566.4309       1.1784299
       6566.4483       1.1797097
       6566.4657       1.1802639
       6566.4831       1.1801787
       6566.5005       1.1795416
       6566.5179       1.1784220
       6566.5353       1.1768764
       6566.5528       1.1749628
       6566.5702       1.1727455
       6566.5876       1.1702847
       6566.6050       1.1676244
       6566.6224       1.1647955
       6566.6398       1.1618428
       6566.6572       1.1588600
       6566.6746       1.1560059
       6566.6920       1.1534803
       6566.7095       1.1514626
       6566.7269       1.1500427
       6566.7443       1.1491588
       6566.7617       1.1486146
       6566.7791       1.1481332
       6566.7965       1.1474491
       6566.8139       1.1464019
       6566.8313       1.1449990
       6566.8487       1.1434262
       6566.8661       1.1419980
       6566.8836       1.1410646
       6566.9010       1.1409021
       6566.9184       1.1416222
       6566.9358       1.1431296
       6566.9532       1.1451419
       6566.9706       1.1472633
       6566.9880       1.1490877
       6567.0054       1.1502968
       6567.0228       1.1507211
       6567.0403       1.1503490
       6567.0577       1.1492911
       6567.0751       1.1477202
       6567.0925       1.1458181
       6567.1099       1.1437458
       6567.1273       1.1416433
       6567.1447       1.1396430
       6567.1621       1.1378804
       6567.1795       1.1364894
       6567.1969       1.1355849
       6567.2144       1.1352480
       6567.2318       1.1355244
       6567.2492       1.1364314
       6567.2666       1.1379566
       6567.2840       1.1400310
       6567.3014       1.1424822
       6567.3188       1.1449973
       6567.3362       1.1471382
       6567.3536       1.1484239
       6567.3711       1.1484551
       6567.3885       1.1470487
       6567.4059       1.1442965
       6567.4233       1.1405274
       6567.4407       1.1362221
       6567.4581       1.1319036
       6567.4755       1.1280480
       6567.4929       1.1250269
       6567.5103       1.1230779
       6567.5277       1.1222867
       6567.5452       1.1225775
       6567.5626       1.1237202
       6567.5800       1.1253669
       6567.5974       1.1271236
       6567.6148       1.1286435
       6567.6322       1.1297119
       6567.6496       1.1302897
       6567.6670       1.1304962
       6567.6844       1.1305395
       6567.7019       1.1306234
       6567.7193       1.1308712
       6567.7367       1.1312926
       6567.7541       1.1317987
       6567.7715       1.1322486
       6567.7889       1.1324987
       6567.8063       1.1324315
       6567.8237       1.1319634
       6567.8411       1.1310433
       6567.8585       1.1296635
       6567.8760       1.1278877
       6567.8934       1.1258807
       6567.9108       1.1239127
       6567.9282       1.1223186
       6567.9456       1.1214184
       6567.9630       1.1214285
       6567.9804       1.1224019
       6567.9978       1.1242187
       6568.0152       1.1266249
       6568.0327       1.1292968
       6568.0501       1.1319090
       6568.0675       1.1341927
       6568.0849       1.1359633
       6568.1023       1.1371324
       6568.1197       1.1376999
       6568.1371       1.1377291
       6568.1545       1.1373076
       6568.1719       1.1365068
       6568.1893       1.1353567
       6568.2068       1.1338490
       6568.2242       1.1319731
       6568.2416       1.1297684
       6568.2590       1.1273681
       6568.2764       1.1250082
       6568.2938       1.1229878
       6568.3112       1.1215871
       6568.3286       1.1209742
       6568.3460       1.1211368
       6568.3635       1.1218751
       6568.3809       1.1228677
       6568.3983       1.1237908
       6568.4157       1.1244475
       6568.4331       1.1248521
       6568.4505       1.1252329
       6568.4679       1.1259454
       6568.4853       1.1273280
       6568.5027       1.1295581
       6568.5201       1.1325666
       6568.5376       1.1360488
       6568.5550       1.1395670
       6568.5724       1.1427032
       6568.5898       1.1451998
       6568.6072       1.1470355
       6568.6246       1.1484160
       6568.6420       1.1496917
       6568.6594       1.1512410
       6568.6768       1.1533623
       6568.6943       1.1561989
       6568.7117       1.1597266
       6568.7291       1.1637987
       6568.7465       1.1682145
       6568.7639       1.1727823
       6568.7813       1.1773446
       6568.7987       1.1817580
       6568.8161       1.1858431
       6568.8335       1.1893418
       6568.8509       1.1919152
       6568.8684       1.1931984
       6568.8858       1.1928954
       6568.9032       1.1908755
       6568.9206       1.1872254
       6568.9380       1.1822290
       6568.9554       1.1762782
       6568.9728       1.1697542
       6568.9902       1.1629306
       6569.0076       1.1559368
       6569.0251       1.1487873
       6569.0425       1.1414461
       6569.0599       1.1338840
       6569.0773       1.1261021
       6569.0947       1.1181266
       6569.1121       1.1100049
       6569.1295       1.1018262
       6569.1469       1.0937645
       6569.1643       1.0861119
       6569.1817       1.0792621
       6569.1992       1.0736305
       6569.2166       1.0695386
       6569.2340       1.0671188
       6569.2514       1.0662910
       6569.2688       1.0668217
       6569.2862       1.0684318
       6569.3036       1.0708925
       6569.3210       1.0740594
       6569.3384       1.0778312
       6569.3559       1.0820639
       6569.3733       1.0865043
       6569.3907       1.0907783
       6569.4081       1.0944521
       6569.4255       1.0971418
       6569.4429       1.0986261
       6569.4603       1.0989185
       6569.4777       1.0982761
       6569.4951       1.0971461
       6569.5125       1.0960703
       6569.5300       1.0955717
       6569.5474       1.0960436
       6569.5648       1.0976604
       6569.5822       1.1003273
       6569.5996       1.1036907
       6569.6170       1.1072169
       6569.6344       1.1103297
       6569.6518       1.1125669
       6569.6692       1.1137017
       6569.6867       1.1137853
       6569.7041       1.1130966
       6569.7215       1.1120254
       6569.7389       1.1109380
       6569.7563       1.1100748
       6569.7737       1.1095039
       6569.7911       1.1091348
       6569.8085       1.1087744
       6569.8259       1.1082081
       6569.8433       1.1072820
       6569.8608       1.1059683
       6569.8782       1.1043930
       6569.8956       1.1028131
       6569.9130       1.1015453
       6569.9304       1.1008630
       6569.9478       1.1008969
       6569.9652       1.1015759
       6569.9826       1.1026343
       6570.0000       1.1036867
       6570.0174       1.1043641
       6570.0349       1.1044380
       6570.0523       1.1039009
       6570.0697       1.1029719
       6570.0871       1.1020169
       6570.1045       1.1014095
       6570.1219       1.1013772
       6570.1393       1.1018935
       6570.1567       1.1026633
       6570.1741       1.1032174
       6570.1916       1.1030822
       6570.2090       1.1019563
       6570.2264       1.0998169
       6570.2438       1.0969144
       6570.2612       1.0936653
       6570.2786       1.0905001
       6570.2960       1.0877372
       6570.3134       1.0855267
       6570.3308       1.0838729
       6570.3482       1.0827028
       6570.3657       1.0819354
       6570.3831       1.0815205
       6570.4005       1.0814353
       6570.4179       1.0816563
       6570.4353       1.0821310
       6570.4527       1.0827710
       6570.4701       1.0834721
       6570.4875       1.0841487
       6570.5049       1.0847642
       6570.5224       1.0853377
       6570.5398       1.0859248
       6570.5572       1.0865793
       6570.5746       1.0873173
       6570.5920       1.0880997
       6570.6094       1.0888421
       6570.6268       1.0894424
       6570.6442       1.0898121
       6570.6616       1.0898998
       6570.6790       1.0896940
       6570.6965       1.0892218
       6570.7139       1.0885452
       6570.7313       1.0877596
       6570.7487       1.0869854
       6570.7661       1.0863510
       6570.7835       1.0859660
       6570.8009       1.0858971
       6570.8183       1.0861565
       6570.8357       1.0867069
       6570.8532       1.0874769
       6570.8706       1.0883724
       6570.8880       1.0892789
       6570.9054       1.0900571
       6570.9228       1.0905510
       6570.9402       1.0906160
       6570.9576       1.0901655
       6570.9750       1.0892115
       6570.9924       1.0878718
       6571.0098       1.0863368
       6571.0273       1.0848104
       6571.0447       1.0834613
       6571.0621       1.0824056
       6571.0795       1.0817216
       6571.0969       1.0814672
       6571.1143       1.0816760
       6571.1317       1.0823229
       6571.1491       1.0832814
       6571.1665       1.0843082
       6571.1840       1.0850804
       6571.2014       1.0852834
       6571.2188       1.0847212
       6571.2362       1.0834001
       6571.2536       1.0815492
       6571.2710       1.0795590
       6571.2884       1.0778622
       6571.3058       1.0767809
       6571.3232       1.0764207
       6571.3406       1.0766416
       6571.3581       1.0771125
       6571.3755       1.0774308
       6571.3929       1.0772618
       6571.4103       1.0764446
       6571.4277       1.0750276
       6571.4451       1.0732234
       6571.4625       1.0713100
       6571.4799       1.0695289
       6571.4973       1.0680277
       6571.5148       1.0668663
       6571.5322       1.0660693
       6571.5496       1.0656774
       6571.5670       1.0657513
       6571.5844       1.0663153
       6571.6018       1.0672694
       6571.6192       1.0683251
       6571.6366       1.0690199
       6571.6540       1.0688285
       6571.6714       1.0673363
       6571.6889       1.0644094
       6571.7063       1.0602866
       6571.7237       1.0555495
       6571.7411       1.0509782
       6571.7585       1.0473433
       6571.7759       1.0452082
       6571.7933       1.0448054
       6571.8107       1.0460190
       6571.8281       1.0484647
       6571.8456       1.0516238
       6571.8630       1.0549818
       6571.8804       1.0581271
       6571.8978       1.0607954
       6571.9152       1.0628689
       6571.9326       1.0643478
       6571.9500       1.0653224
       6571.9674       1.0659353
       6571.9848       1.0663343
       6572.0022       1.0666242
       6572.0197       1.0668200
       6572.0371       1.0668217
       6572.0545       1.0664317
       6572.0719       1.0654181
       6572.0893       1.0636099
       6572.1067       1.0609884
       6572.1241       1.0577413
       6572.1415       1.0542518
       6572.1589       1.0510273
       6572.1764       1.0485880
       6572.1938       1.0473556
       6572.2112       1.0475764
       6572.2286       1.0492966
       6572.2460       1.0523887
       6572.2634       1.0566081
       6572.2808       1.0616504
       6572.2982       1.0671907
       6572.3156       1.0729013
       6572.3330       1.0784615
       6572.3505       1.0835784
       6572.3679       1.0880246
       6572.3853       1.0916790
       6572.4027       1.0945456
       6572.4201       1.0967283
       6572.4375       1.0983652
       6572.4549       1.0995482
       6572.4723       1.1002667
       6572.4897       1.1004020
       6572.5072       1.0997710
       6572.5246       1.0981965
       6572.5420       1.0955697
       6572.5594       1.0918878
       6572.5768       1.0872648
       6572.5942       1.0819283
       6572.6116       1.0762233
       6572.6290       1.0705777
       6572.6464       1.0654633
       6572.6638       1.0613167
       6572.6813       1.0584446
       6572.6987       1.0569438
       6572.7161       1.0566706
       6572.7335       1.0572706
       6572.7509       1.0582557
       6572.7683       1.0591004
       6572.7857       1.0593331
       6572.8031       1.0586127
       6572.8205       1.0567886
       6572.8380       1.0539365
       6572.8554       1.0503575
       6572.8728       1.0465269
       6572.8902       1.0429986
       6572.9076       1.0402877
       6572.9250       1.0387700
       6572.9424       1.0386247
       6572.9598       1.0398323
       6572.9772       1.0422122
       6572.9946       1.0454794
       6573.0121       1.0492982
       6573.0295       1.0533253
       6573.0469       1.0572411
       6573.0643       1.0607757
       6573.0817       1.0637296
       6573.0991       1.0659848
       6573.1165       1.0675040
       6573.1339       1.0683154
       6573.1513       1.0684889
       6573.1688       1.0681105
       6573.1862       1.0672618
       6573.2036       1.0660115
       6573.2210       1.0644237
       6573.2384       1.0625830
       6573.2558       1.0606309
       6573.2732       1.0587827
       6573.2906       1.0573127
       6573.3080       1.0564957
       6573.3254       1.0565217
       6573.3429       1.0574183
       6573.3603       1.0590201
       6573.3777       1.0610049
       6573.3951       1.0629843
       6573.4125       1.0646126
       6573.4299       1.0656709
       6573.4473       1.0661008
       6573.4647       1.0659888
       6573.4821       1.0655205
       6573.4996       1.0649303
       6573.5170       1.0644542
       6573.5344       1.0642851
       6573.5518       1.0645241
       6573.5692       1.0651371
       6573.5866       1.0659377
       6573.6040       1.0666204
       6573.6214       1.0668475
       6573.6388       1.0663659
       6573.6562       1.0651095
       6573.6737       1.0632433
       6573.6911       1.0611306
       6573.7085       1.0592338
       6573.7259       1.0579859
       6573.7433       1.0576771
       6573.7607       1.0583908
       6573.7781       1.0600001
       6573.7955       1.0622170
       6573.8129       1.0646752
       6573.8304       1.0670236
       6573.8478       1.0690097
       6573.8652       1.0705327
       6573.8826       1.0716500
       6573.9000       1.0725302
       6573.9174       1.0733627
       6573.9348       1.0742556
       6573.9522       1.0751765
       6573.9696       1.0759548
       6573.9870       1.0763481
       6574.0045       1.0761378
       6574.0219       1.0752084
       6574.0393       1.0735742
       6574.0567       1.0713461
       6574.0741       1.0686647
       6574.0915       1.0656384
       6574.1089       1.0623200
       6574.1263       1.0587278
       6574.1437       1.0548914
       6574.1612       1.0508881
       6574.1786       1.0468484
       6574.1960       1.0429259
       6574.2134       1.0392541
       6574.2308       1.0359130
       6574.2482       1.0329260
       6574.2656       1.0302864
       6574.2830       1.0279996
       6574.3004       1.0261184
       6574.3178       1.0247511
       6574.3353       1.0240338
       6574.3527       1.0240743
       6574.3701       1.0248908
       6574.3875       1.0263744
       6574.4049       1.0283011
       6574.4223       1.0303959
       6574.4397       1.0324268
       6574.4571       1.0342910
       6574.4745       1.0360547
       6574.4920       1.0379306
       6574.5094       1.0402023
       6574.5268       1.0431295
       6574.5442       1.0468725
       6574.5616       1.0514388
       6574.5790       1.0566914
       6574.5964       1.0623857
       6574.6138       1.0682193
       6574.6312       1.0738898
       6574.6486       1.0791513
       6574.6661       1.0838497
       6574.6835       1.0879208
       6574.7009       1.0913376
       6574.7183       1.0940232
       6574.7357       1.0957677
       6574.7531       1.0962074
       6574.7705       1.0949008
       6574.7879       1.0914975
       6574.8053       1.0859381
       6574.8227       1.0785916
       6574.8402       1.0702490
       6574.8576       1.0619473
       6574.8750       1.0546791
       6574.8924       1.0491040
       6574.9098       1.0453835
       6574.9272       1.0432053
       6574.9446       1.0419749
       6574.9620       1.0410828
       6574.9794       1.0401257
       6574.9969       1.0390007
       6575.0143       1.0378535
       6575.0317       1.0369256
       6575.0491       1.0363815
       6575.0665       1.0361898
       6575.0839       1.0361039
       6575.1013       1.0357407
       6575.1187       1.0347235
       6575.1361       1.0328299
       6575.1535       1.0300910
       6575.1710       1.0268082
       6575.1884       1.0234845
       6575.2058       1.0206972
       6575.2232       1.0189304
       6575.2406       1.0184568
       6575.2580       1.0192741
       6575.2754       1.0211204
       6575.2928       1.0235638
       6575.3102       1.0261422
       6575.3277       1.0285093
       6575.3451       1.0305375
       6575.3625       1.0323384
       6575.3799       1.0341947
       6575.3973       1.0364274
       6575.4147       1.0392545
       6575.4321       1.0426923
       6575.4495       1.0465342
       6575.4669       1.0504087
       6575.4843       1.0538910
       6575.5018       1.0566273
       6575.5192       1.0584330
       6575.5366       1.0593311
       6575.5540       1.0595205
       6575.5714       1.0592841
       6575.5888       1.0588742
       6575.6062       1.0584220
       6575.6236       1.0579092
       6575.6410       1.0572101
       6575.6585       1.0561802
       6575.6759       1.0547455
       6575.6933       1.0529555
       6575.7107       1.0509814
       6575.7281       1.0490718
       6575.7455       1.0474877
       6575.7629       1.0464392
       6575.7803       1.0460366
       6575.7977       1.0462628
       6575.8151       1.0469735
       6575.8326       1.0479281
       6575.8500       1.0488502
       6575.8674       1.0495087
       6575.8848       1.0497885
       6575.9022       1.0497175
       6575.9196       1.0494390
       6575.9370       1.0491369
       6575.9544       1.0489437
       6575.9718       1.0488735
       6575.9893       1.0488136
       6576.0067       1.0485784
       6576.0241       1.0480014
       6576.0415       1.0470179
       6576.0589       1.0456959
       6576.0763       1.0442009
       6576.0937       1.0427163
       6576.1111       1.0413644
       6576.1285       1.0401705
       6576.1459       1.0390858
       6576.1634       1.0380462
       6576.1808       1.0370284
       6576.1982       1.0360672
       6576.2156       1.0352289
       6576.2330       1.0345633
       6576.2504       1.0340694
       6576.2678       1.0336948
       6576.2852       1.0333686
       6576.3026       1.0330417
       6576.3201       1.0327154
       6576.3375       1.0324441
       6576.3549       1.0323217
       6576.3723       1.0324615
       6576.3897       1.0329768
       6576.4071       1.0339588
       6576.4245       1.0354485
       6576.4419       1.0374019
       6576.4593       1.0396585
       6576.4767       1.0419258
       6576.4942       1.0437920
       6576.5116       1.0447794
       6576.5290       1.0444549
       6576.5464       1.0425512
       6576.5638       1.0390937
       6576.5812       1.0344703
       6576.5986       1.0293966
       6576.6160       1.0247610
       6576.6334       1.0213909
       6576.6509       1.0198212
       6576.6683       1.0201546
       6576.6857       1.0220640
       6576.7031       1.0249248
       6576.7205       1.0280129
       6576.7379       1.0306900
       6576.7553       1.0325188
       6576.7727       1.0332944
       6576.7901       1.0330100
       6576.8075       1.0317940
       6576.8250       1.0298490
       6576.8424       1.0274089
       6576.8598       1.0247178
       6576.8772       1.0220208
       6576.8946       1.0195585
       6576.9120       1.0175548
       6576.9294       1.0161933
       6576.9468       1.0155861
       6576.9642       1.0157450
       6576.9817       1.0165679
       6576.9991       1.0178533
       6577.0165       1.0193432
       6577.0339       1.0207846
       6577.0513       1.0219891
       6577.0687       1.0228723
       6577.0861       1.0234586
       6577.1035       1.0238533
       6577.1209       1.0241940
       6577.1383       1.0246010
       6577.1558       1.0251450
       6577.1732       1.0258339
       6577.1906       1.0266270
       6577.2080       1.0274566
       6577.2254       1.0282497
       6577.2428       1.0289437
       6577.2602       1.0294968
       6577.2776       1.0298931
       6577.2950       1.0301463
       6577.3125       1.0303017
       6577.3299       1.0304340
       6577.3473       1.0306359
       6577.3647       1.0309930
       6577.3821       1.0315470
       6577.3995       1.0322595
       6577.4169       1.0329994
       6577.4343       1.0335667
       6577.4517       1.0337551
       6577.4691       1.0334292
       6577.4866       1.0325833
       6577.5040       1.0313532
       6577.5214       1.0299765
       6577.5388       1.0287197
       6577.5562       1.0278046
       6577.5736       1.0273603
       6577.5910       1.0274138
       6577.6084       1.0279105
       6577.6258       1.0287547
       6577.6433       1.0298523
       6577.6607       1.0311416
       6577.6781       1.0326048
       6577.6955       1.0342518
       6577.7129       1.0360871
       6577.7303       1.0380699
       6577.7477       1.0400888
       6577.7651       1.0419623
       6577.7825       1.0434691
       6577.7999       1.0444022
       6577.8174       1.0446402
       6577.8348       1.0442048
       6577.8522       1.0432713
       6577.8696       1.0421332
       6577.8870       1.0411159
       6577.9044       1.0404733
       6577.9218       1.0403095
       6577.9392       1.0405605
       6577.9566       1.0410433
       6577.9741       1.0415462
       6577.9915       1.0419181
       6578.0089       1.0421178
       6578.0263       1.0422052
       6578.0437       1.0422864
       6578.0611       1.0424405
       6578.0785       1.0426632
       6578.0959       1.0428497
       6578.1133       1.0428239
       6578.1307       1.0424020
       6578.1482       1.0414702
       6578.1656       1.0400486
       6578.1830       1.0383216
       6578.2004       1.0366200
       6578.2178       1.0353538
       6578.2352       1.0349107
       6578.2526       1.0355425
       6578.2700       1.0372726
       6578.2874       1.0398558
       6578.3049       1.0428103
       6578.3223       1.0455246
       6578.3397       1.0474123
       6578.3571       1.0480667
       6578.3745       1.0473605
       6578.3919       1.0454539
       6578.4093       1.0427148
       6578.4267       1.0395913
       6578.4441       1.0364985
       6578.4615       1.0337645
       6578.4790       1.0316279
       6578.4964       1.0302838
       6578.5138       1.0299069
       6578.5312       1.0306275
       6578.5486       1.0324642
       6578.5660       1.0352497
       6578.5834       1.0385986
       6578.6008       1.0419524
       6578.6182       1.0446983
       6578.6357       1.0463255
       6578.6531       1.0465548
       6578.6705       1.0453966
       6578.6879       1.0431188
       6578.7053       1.0401476
       6578.7227       1.0369488
       6578.7401       1.0339296
       6578.7575       1.0313860
       6578.7749       1.0294940
       6578.7923       1.0283324
       6578.8098       1.0279192
       6578.8272       1.0282447
       6578.8446       1.0292867
       6578.8620       1.0309959
       6578.8794       1.0332563
       6578.8968       1.0358369
       6578.9142       1.0383708
       6578.9316       1.0403875
       6578.9490       1.0414031
       6578.9665       1.0410454
       6578.9839       1.0391675
       6579.0013       1.0359103
       6579.0187       1.0316892
       6579.0361       1.0271127
       6579.0535       1.0228533
       6579.0709       1.0195046
       6579.0883       1.0174576
       6579.1057       1.0168302
       6579.1231       1.0174425
       6579.1406       1.0188966
       6579.1580       1.0207040
       6579.1754       1.0224175
       6579.1928       1.0237364
       6579.2102       1.0245498
       6579.2276       1.0249173
       6579.2450       1.0250106
       6579.2624       1.0250478
       6579.2798       1.0252458
       6579.2972       1.0257944
       6579.3147       1.0268418
       6579.3321       1.0284734
       6579.3495       1.0306816
       6579.3669       1.0333338
       6579.3843       1.0361597
       6579.4017       1.0387769
       6579.4191       1.0407579
       6579.4365       1.0417255
       6579.4539       1.0414453
       6579.4714       1.0398873
       6579.4888       1.0372380
       6579.5062       1.0338646
       6579.5236       1.0302460
       6579.5410       1.0268921
       6579.5584       1.0242652
       6579.5758       1.0227144
       6579.5932       1.0224306
       6579.6106       1.0234282
       6579.6280       1.0255597
       6579.6455       1.0285565
       6579.6629       1.0320822
       6579.6803       1.0357780
       6579.6977       1.0392902
       6579.7151       1.0422851
       6579.7325       1.0444709
       6579.7499       1.0456390
       6579.7673       1.0457197
       6579.7847       1.0448349
       6579.8022       1.0432602
       6579.8196       1.0413422
       6579.8370       1.0393770
       6579.8544       1.0375164
       6579.8718       1.0357579
       6579.8892       1.0340280
       6579.9066       1.0323106
       6579.9240       1.0307432
       6579.9414       1.0296192
       6579.9588       1.0292874
       6579.9763       1.0300001
       6579.9937       1.0317882
       6580.0111       1.0344236
       6580.0285       1.0374841
       6580.0459       1.0404844
       6580.0633       1.0430133
       6580.0807       1.0448262
       6580.0981       1.0458673
       6580.1155       1.0462313
       6580.1330       1.0460896
       6580.1504       1.0456123
       6580.1678       1.0449116
       6580.1852       1.0440191
       6580.2026       1.0428992
       6580.2200       1.0414889
       6580.2374       1.0397457
       6580.2548       1.0376830
       6580.2722       1.0353797
       6580.2896       1.0329604
       6580.3071       1.0305604
       6580.3245       1.0282930
       6580.3419       1.0262349
       6580.3593       1.0244296
       6580.3767       1.0228994
       6580.3941       1.0216520
       6580.4115       1.0206762
       6580.4289       1.0199245
       6580.4463       1.0193081
       6580.4638       1.0187063
       6580.4812       1.0179964
       6580.4986       1.0170966
       6580.5160       1.0160081
       6580.5334       1.0148359
       6580.5508       1.0137803
       6580.5682       1.0130937
       6580.5856       1.0130190
       6580.6030       1.0137266
       6580.6204       1.0152750
       6580.6379       1.0176066
       6580.6553       1.0205760
       6580.6727       1.0239965
       6580.6901       1.0276843
       6580.7075       1.0314825
       6580.7249       1.0352645
       6580.7423       1.0389220
       6580.7597       1.0423501
       6580.7771       1.0454381
       6580.7946       1.0480686
       6580.8120       1.0501240
       6580.8294       1.0515017
       6580.8468       1.0521353
       6580.8642       1.0520203
       6580.8816       1.0512310
       6580.8990       1.0499148
       6580.9164       1.0482561
       6580.9338       1.0464191
       6580.9512       1.0444916
       6580.9687       1.0424599
       6580.9861       1.0402274
       6581.0035       1.0376719
       6581.0209       1.0347185
       6581.0383       1.0313975
       6581.0557       1.0278667
       6581.0731       1.0243955
       6581.0905       1.0213121
       6581.1079       1.0189447
       6581.1254       1.0175695
       6581.1428       1.0173702
       6581.1602       1.0184077
       6581.1776       1.0205966
       6581.1950       1.0236907
       6581.2124       1.0272899
       6581.2298       1.0308821
       6581.2472       1.0339222
       6581.2646       1.0359372
       6581.2820       1.0366241
       6581.2995       1.0359108
       6581.3169       1.0339583
       6581.3343       1.0311096
       6581.3517       1.0278062
       6581.3691       1.0245016
       6581.3865       1.0215925
       6581.4039       1.0193784
       6581.4213       1.0180470
       6581.4387       1.0176805
       6581.4562       1.0182769
       6581.4736       1.0197737
       6581.4910       1.0220625
       6581.5084       1.0249830
       6581.5258       1.0282992
       6581.5432       1.0316822
       6581.5606       1.0347270
       6581.5780       1.0370254
       6581.5954       1.0382814
       6581.6128       1.0384258
       6581.6303       1.0376712
       6581.6477       1.0364699
       6581.6651       1.0353771
       6581.6825       1.0348683
       6581.6999       1.0351780
       6581.7173       1.0362272
       6581.7347       1.0376509
       6581.7521       1.0389578
       6581.7695       1.0397123
       6581.7870       1.0396853
       6581.8044       1.0389105
       6581.8218       1.0376220
       6581.8392       1.0361050
       6581.8566       1.0345331
       6581.8740       1.0328725
       6581.8914       1.0309014
       6581.9088       1.0283360
       6581.9262       1.0250025
       6581.9436       1.0209710
       6581.9611       1.0165874
       6581.9785       1.0123906
       6581.9959       1.0089528
       6582.0133       1.0067164
       6582.0307       1.0058889
       6582.0481       1.0064254
       6582.0655       1.0080825
       6582.0829       1.0105042
       6582.1003       1.0132995
       6582.1178       1.0160950
       6582.1352       1.0185702
       6582.1526       1.0204898
       6582.1700       1.0217391
       6582.1874       1.0223496
       6582.2048       1.0224942
       6582.2222       1.0224396
       6582.2396       1.0224640
       6582.2570       1.0227705
       6582.2744       1.0234272
       6582.2919       1.0243562
       6582.3093       1.0253680
       6582.3267       1.0262235
       6582.3441       1.0266970
       6582.3615       1.0266206
       6582.3789       1.0259113
       6582.3963       1.0245830
       6582.4137       1.0227402
       6582.4311       1.0205757
       6582.4486       1.0183578
       6582.4660       1.0163995
       6582.4834       1.0150101
       6582.5008       1.0144354
       6582.5182       1.0148041
       6582.5356       1.0160970
       6582.5530       1.0181511
       6582.5704       1.0207000
       6582.5878       1.0234386
       6582.6052       1.0260962
       6582.6227       1.0284922
       6582.6401       1.0305549
       6582.6575       1.0322943
       6582.6749       1.0337402
       6582.6923       1.0348767
       6582.7097       1.0356086
       6582.7271       1.0357796
       6582.7445       1.0352309
       6582.7619       1.0338661
       6582.7794       1.0316849
       6582.7968       1.0287746
       6582.8142       1.0252795
       6582.8316       1.0213812
       6582.8490       1.0173120
       6582.8664       1.0133869
       6582.8838       1.0100183
       6582.9012       1.0076745
       6582.9186       1.0067792
       6582.9360       1.0075854
       6582.9535       1.0100843
       6582.9709       1.0139931
       6582.9883       1.0188304
       6583.0057       1.0240456
       6583.0231       1.0291455
       6583.0405       1.0337879
       6583.0579       1.0378023
       6583.0753       1.0411598
       6583.0927       1.0439214
       6583.1102       1.0461867
       6583.1276       1.0480541
       6583.1450       1.0495955
       6583.1624       1.0508403
       6583.1798       1.0517673
       6583.1972       1.0523049
       6583.2146       1.0523466
       6583.2320       1.0517828
       6583.2494       1.0505450
       6583.2668       1.0486476
       6583.2843       1.0462107
       6583.3017       1.0434545
       6583.3191       1.0406673
       6583.3365       1.0381562
       6583.3539       1.0361920
       6583.3713       1.0349556
       6583.3887       1.0344912
       6583.4061       1.0346774
       6583.4235       1.0352311
       6583.4410       1.0357567
       6583.4584       1.0358377
       6583.4758       1.0351484
       6583.4932       1.0335468
       6583.5106       1.0311121
       6583.5280       1.0281157
       6583.5454       1.0249389
       6583.5628       1.0219748
       6583.5802       1.0195470
       6583.5976       1.0178615
       6583.6151       1.0169848
       6583.6325       1.0168356
       6583.6499       1.0171877
       6583.6673       1.0176968
       6583.6847       1.0179690
       6583.7021       1.0176816
       6583.7195       1.0167005
       6583.7369       1.0151565
       6583.7543       1.0134344
       6583.7717       1.0120676
       6583.7892       1.0115735
       6583.8066       1.0122922
       6583.8240       1.0142874
       6583.8414       1.0173377
       6583.8588       1.0210077
       6583.8762       1.0247617
       6583.8936       1.0280820
       6583.9110       1.0305673
       6583.9284       1.0320026
       6583.9459       1.0323997
       6583.9633       1.0319995
       6583.9807       1.0312223
       6583.9981       1.0305635
       6584.0155       1.0304529
       6584.0329       1.0311212
       6584.0503       1.0325232
       6584.0677       1.0343493
       6584.0851       1.0361227
       6584.1025       1.0373479
       6584.1200       1.0376605
       6584.1374       1.0369290
       6584.1548       1.0352772
       6584.1722       1.0330250
       6584.1896       1.0305731
       6584.2070       1.0282740
       6584.2244       1.0263407
       6584.2418       1.0248205
       6584.2592       1.0236364
       6584.2767       1.0226644
       6584.2941       1.0218061
       6584.3115       1.0210199
       6584.3289       1.0203059
       6584.3463       1.0196648
       6584.3637       1.0190750
       6584.3811       1.0185073
       6584.3985       1.0179755
       6584.4159       1.0175864
       6584.4333       1.0175457
       6584.4508       1.0181011
       6584.4682       1.0194377
       6584.4856       1.0215737
       6584.5030       1.0243084
       6584.5204       1.0272497
       6584.5378       1.0299126
       6584.5552       1.0318508
       6584.5726       1.0327751
       6584.5900       1.0326186
       6584.6075       1.0315318
       6584.6249       1.0298110
       6584.6423       1.0277894
       6584.6597       1.0257326
       6584.6771       1.0237798
       6584.6945       1.0219500
       6584.7119       1.0202013
       6584.7293       1.0185041
       6584.7467       1.0168865
       6584.7641       1.0154292
       6584.7816       1.0142211
       6584.7990       1.0133083
       6584.8164       1.0126709
       6584.8338       1.0122388
       6584.8512       1.0119327
       6584.8686       1.0117011
       6584.8860       1.0115300
       6584.9034       1.0114227
       6584.9208       1.0113652
       6584.9383       1.0113031
       6584.9557       1.0111456
       6584.9731       1.0107955
       6584.9905       1.0101943
       6585.0079       1.0093545
