# Angstrom [air],  flux [abs.cor.cont.sub+1]
       6544.9914       1.0225811
       6545.0088       1.0226276
       6545.0262       1.0228569
       6545.0436       1.0232887
       6545.0611       1.0239126
       6545.0785       1.0246809
       6545.0959       1.0255113
       6545.1133       1.0263056
       6545.1307       1.0269792
       6545.1481       1.0274851
       6545.1655       1.0278246
       6545.1829       1.0280377
       6545.2003       1.0281795
       6545.2177       1.0282939
       6545.2352       1.0283998
       6545.2526       1.0284945
       6545.2700       1.0285730
       6545.2874       1.0286523
       6545.3048       1.0287880
       6545.3222       1.0290751
       6545.3396       1.0296334
       6545.3570       1.0305857
       6545.3744       1.0320421
       6545.3918       1.0340978
       6545.4093       1.0368415
       6545.4267       1.0403656
       6545.4441       1.0447646
       6545.4615       1.0501186
       6545.4789       1.0564666
       6545.4963       1.0637838
       6545.5137       1.0719746
       6545.5311       1.0808852
       6545.5485       1.0903315
       6545.5660       1.1001305
       6545.5834       1.1101250
       6545.6008       1.1201963
       6545.6182       1.1302605
       6545.6356       1.1402527
       6545.6530       1.1501043
       6545.6704       1.1597197
       6545.6878       1.1689608
       6545.7052       1.1776428
       6545.7226       1.1855437
       6545.7401       1.1924243
       6545.7575       1.1980529
       6545.7749       1.2022340
       6545.7923       1.2048250
       6545.8097       1.2057422
       6545.8271       1.2049513
       6545.8445       1.2024476
       6545.8619       1.1982295
       6545.8793       1.1922807
       6545.8967       1.1845668
       6545.9142       1.1750544
       6545.9316       1.1637453
       6545.9490       1.1507161
       6545.9664       1.1361442
       6545.9838       1.1203117
       6546.0012       1.1035798
       6546.0186       1.0863430
       6546.0360       1.0689757
       6546.0534       1.0517903
       6546.0708       1.0350159
       6546.0883       1.0188042
       6546.1057       1.0032554
       6546.1231      0.98845042
       6546.1405      0.97447988
       6546.1579      0.96145706
       6546.1753      0.94951549
       6546.1927      0.93879461
       6546.2101      0.92942107
       6546.2275      0.92149279
       6546.2449      0.91506900
       6546.2624      0.91016627
       6546.2798      0.90675858
       6546.2972      0.90478074
       6546.3146      0.90413643
       6546.3320      0.90471295
       6546.3494      0.90640211
       6546.3668      0.90912143
       6546.3842      0.91282575
       6546.4016      0.91750435
       6546.4191      0.92314325
       6546.4365      0.92969406
       6546.4539      0.93704580
       6546.4713      0.94501504
       6546.4887      0.95336356
       6546.5061      0.96183272
       6546.5235      0.97017814
       6546.5409      0.97819093
       6546.5583      0.98570074
       6546.5757      0.99256663
       6546.5932      0.99866767
       6546.6106       1.0039043
       6546.6280       1.0082143
       6546.6454       1.0115970
       6546.6628       1.0141336
       6546.6802       1.0159889
       6546.6976       1.0173888
       6546.7150       1.0185786
       6546.7324       1.0197738
       6546.7498       1.0211211
       6546.7673       1.0226781
       6546.7847       1.0244155
       6546.8021       1.0262346
       6546.8195       1.0279949
       6546.8369       1.0295447
       6546.8543       1.0307516
       6546.8717       1.0315314
       6546.8891       1.0318718
       6546.9065       1.0318441
       6546.9239       1.0315945
       6546.9414       1.0313104
       6546.9588       1.0311662
       6546.9762       1.0312642
       6546.9936       1.0315951
       6547.0110       1.0320363
       6547.0284       1.0323931
       6547.0458       1.0324659
       6547.0632       1.0321186
       6547.0806       1.0313241
       6547.0980       1.0301544
       6547.1155       1.0287414
       6547.1329       1.0272254
       6547.1503       1.0257163
       6547.1677       1.0242862
       6547.1851       1.0229913
       6547.2025       1.0219019
       6547.2199       1.0211185
       6547.2373       1.0207586
       6547.2547       1.0209218
       6547.2722       1.0216497
       6547.2896       1.0229035
       6547.3070       1.0245679
       6547.3244       1.0264758
       6547.3418       1.0284435
       6547.3592       1.0303041
       6547.3766       1.0319350
       6547.3940       1.0332749
       6547.4114       1.0343312
       6547.4288       1.0351715
       6547.4463       1.0358998
       6547.4637       1.0366216
       6547.4811       1.0374086
       6547.4985       1.0382747
       6547.5159       1.0391709
       6547.5333       1.0400002
       6547.5507       1.0406462
       6547.5681       1.0410071
       6547.5855       1.0410268
       6547.6029       1.0407163
       6547.6204       1.0401618
       6547.6378       1.0395148
       6547.6552       1.0389644
       6547.6726       1.0386948
       6547.6900       1.0388390
       6547.7074       1.0394437
       6547.7248       1.0404458
       6547.7422       1.0416910
       6547.7596       1.0429697
       6547.7770       1.0440648
       6547.7945       1.0448017
       6547.8119       1.0450865
       6547.8293       1.0449273
       6547.8467       1.0444288
       6547.8641       1.0437635
       6547.8815       1.0431194
       6547.8989       1.0426392
       6547.9163       1.0423658
       6547.9337       1.0422134
       6547.9511       1.0419763
       6547.9686       1.0413770
       6547.9860       1.0401396
       6548.0034       1.0380672
       6548.0208       1.0351011
       6548.0382       1.0313459
       6548.0556       1.0270608
       6548.0730       1.0226212
       6548.0904       1.0184621
       6548.1078       1.0150124
       6548.1253       1.0126261
       6548.1427       1.0115213
       6548.1601       1.0117401
       6548.1775       1.0131416
       6548.1949       1.0154369
       6548.2123       1.0182590
       6548.2297       1.0212482
       6548.2471       1.0241251
       6548.2645       1.0267272
       6548.2819       1.0290018
       6548.2994       1.0309644
       6548.3168       1.0326472
       6548.3342       1.0340612
       6548.3516       1.0351841
       6548.3690       1.0359730
       6548.3864       1.0363921
       6548.4038       1.0364306
       6548.4212       1.0361190
       6548.4386       1.0355337
       6548.4560       1.0347951
       6548.4735       1.0340571
       6548.4909       1.0334880
       6548.5083       1.0332430
       6548.5257       1.0334332
       6548.5431       1.0341010
       6548.5605       1.0352078
       6548.5779       1.0366407
       6548.5953       1.0382356
       6548.6127       1.0398116
       6548.6301       1.0412109
       6548.6476       1.0423352
       6548.6650       1.0431703
       6548.6824       1.0437923
       6548.6998       1.0443470
       6548.7172       1.0450089
       6548.7346       1.0459267
       6548.7520       1.0471769
       6548.7694       1.0487404
       6548.7868       1.0505121
       6548.8042       1.0523367
       6548.8217       1.0540550
       6548.8391       1.0555397
       6548.8565       1.0567083
       6548.8739       1.0575122
       6548.8913       1.0579163
       6548.9087       1.0578857
       6548.9261       1.0573912
       6548.9435       1.0564331
       6548.9609       1.0550688
       6548.9784       1.0534264
       6548.9958       1.0516918
       6549.0132       1.0500713
       6549.0306       1.0487345
       6549.0480       1.0477738
       6549.0654       1.0471904
       6549.0828       1.0469100
       6549.1002       1.0468191
       6549.1176       1.0468015
       6549.1350       1.0467615
       6549.1525       1.0466275
       6549.1699       1.0463451
       6549.1873       1.0458724
       6549.2047       1.0451858
       6549.2221       1.0442940
       6549.2395       1.0432521
       6549.2569       1.0421612
       6549.2743       1.0411504
       6549.2917       1.0403459
       6549.3091       1.0398398
       6549.3266       1.0396724
       6549.3440       1.0398323
       6549.3614       1.0402709
       6549.3788       1.0409208
       6549.3962       1.0417099
       6549.4136       1.0425674
       6549.4310       1.0434263
       6549.4484       1.0442248
       6549.4658       1.0449096
       6549.4832       1.0454387
       6549.5007       1.0457826
       6549.5181       1.0459238
       6549.5355       1.0458590
       6549.5529       1.0456058
       6549.5703       1.0452092
       6549.5877       1.0447424
       6549.6051       1.0442950
       6549.6225       1.0439509
       6549.6399       1.0437645
       6549.6573       1.0437468
       6549.6748       1.0438666
       6549.6922       1.0440703
       6549.7096       1.0443112
       6549.7270       1.0445719
       6549.7444       1.0448739
       6549.7618       1.0452678
       6549.7792       1.0458071
       6549.7966       1.0465153
       6549.8140       1.0473605
       6549.8315       1.0482474
       6549.8489       1.0490327
       6549.8663       1.0495577
       6549.8837       1.0496901
       6549.9011       1.0493594
       6549.9185       1.0485771
       6549.9359       1.0474362
       6549.9533       1.0460893
       6549.9707       1.0447155
       6549.9881       1.0434850
       6550.0056       1.0425321
       6550.0230       1.0419412
       6550.0404       1.0417426
       6550.0578       1.0419137
       6550.0752       1.0423831
       6550.0926       1.0430385
       6550.1100       1.0437428
       6550.1274       1.0443593
       6550.1448       1.0447790
       6550.1622       1.0449422
       6550.1797       1.0448451
       6550.1971       1.0445315
       6550.2145       1.0440754
       6550.2319       1.0435610
       6550.2493       1.0430667
       6550.2667       1.0426528
       6550.2841       1.0423551
       6550.3015       1.0421841
       6550.3189       1.0421345
       6550.3363       1.0422000
       6550.3538       1.0423960
       6550.3712       1.0427718
       6550.3886       1.0434080
       6550.4060       1.0443911
       6550.4234       1.0457737
       6550.4408       1.0475330
       6550.4582       1.0495463
       6550.4756       1.0515998
       6550.4930       1.0534341
       6550.5104       1.0548116
       6550.5279       1.0555834
       6550.5453       1.0557280
       6550.5627       1.0553487
       6550.5801       1.0546336
       6550.5975       1.0537977
       6550.6149       1.0530313
       6550.6323       1.0524698
       6550.6497       1.0521868
       6550.6671       1.0522011
       6550.6846       1.0524862
       6550.7020       1.0529759
       6550.7194       1.0535672
       6550.7368       1.0541302
       6550.7542       1.0545266
       6550.7716       1.0546386
       6550.7890       1.0543968
       6550.8064       1.0538003
       6550.8238       1.0529187
       6550.8412       1.0518794
       6550.8587       1.0508437
       6550.8761       1.0499789
       6550.8935       1.0494300
       6550.9109       1.0492954
       6550.9283       1.0496102
       6550.9457       1.0503430
       6550.9631       1.0514102
       6550.9805       1.0527017
       6550.9979       1.0541173
       6551.0153       1.0555881
       6551.0328       1.0570762
       6551.0502       1.0585548
       6551.0676       1.0599837
       6551.0850       1.0612959
       6551.1024       1.0624067
       6551.1198       1.0632423
       6551.1372       1.0637712
       6551.1546       1.0640223
       6551.1720       1.0640762
       6551.1894       1.0640348
       6551.2069       1.0639824
       6551.2243       1.0639555
       6551.2417       1.0639332
       6551.2591       1.0638484
       6551.2765       1.0636127
       6551.2939       1.0631438
       6551.3113       1.0623881
       6551.3287       1.0613346
       6551.3461       1.0600210
       6551.3635       1.0585306
       6551.3810       1.0569783
       6551.3984       1.0554855
       6551.4158       1.0541503
       6551.4332       1.0530234
       6551.4506       1.0521033
       6551.4680       1.0513545
       6551.4854       1.0507408
       6551.5028       1.0502566
       6551.5202       1.0499401
       6551.5377       1.0498615
       6551.5551       1.0500964
       6551.5725       1.0506969
       6551.5899       1.0516757
       6551.6073       1.0530056
       6551.6247       1.0546286
       6551.6421       1.0564616
       6551.6595       1.0584094
       6551.6769       1.0603686
       6551.6943       1.0622372
       6551.7118       1.0639258
       6551.7292       1.0653672
       6551.7466       1.0665165
       6551.7640       1.0673433
       6551.7814       1.0678229
       6551.7988       1.0679351
       6551.8162       1.0676775
       6551.8336       1.0670860
       6551.8510       1.0662497
       6551.8684       1.0653064
       6551.8859       1.0644118
       6551.9033       1.0636906
       6551.9207       1.0631860
       6551.9381       1.0628280
       6551.9555       1.0624323
       6551.9729       1.0617337
       6551.9903       1.0604445
       6552.0077       1.0583260
       6552.0251       1.0552576
       6552.0425       1.0512913
       6552.0600       1.0466768
       6552.0774       1.0418449
       6552.0948       1.0373464
       6552.1122       1.0337514
       6552.1296       1.0315372
       6552.1470       1.0309913
       6552.1644       1.0321616
       6552.1818       1.0348623
       6552.1992       1.0387308
       6552.2167       1.0433120
       6552.2341       1.0481444
       6552.2515       1.0528254
       6552.2689       1.0570410
       6552.2863       1.0605788
       6552.3037       1.0633152
       6552.3211       1.0652012
       6552.3385       1.0662615
       6552.3559       1.0666002
       6552.3733       1.0664040
       6552.3908       1.0659273
       6552.4082       1.0654551
       6552.4256       1.0652481
       6552.4430       1.0654879
       6552.4604       1.0662408
       6552.4778       1.0674534
       6552.4952       1.0689806
       6552.5126       1.0706360
       6552.5300       1.0722472
       6552.5474       1.0737026
       6552.5649       1.0749747
       6552.5823       1.0761155
       6552.5997       1.0772242
       6552.6171       1.0783989
       6552.6345       1.0796905
       6552.6519       1.0810791
       6552.6693       1.0824849
       6552.6867       1.0838084
       6552.7041       1.0849828
       6552.7215       1.0860110
       6552.7390       1.0869695
       6552.7564       1.0879744
       6552.7738       1.0891249
       6552.7912       1.0904486
       6552.8086       1.0918750
       6552.8260       1.0932503
       6552.8434       1.0943889
       6552.8608       1.0951386
       6552.8782       1.0954313
       6552.8956       1.0952972
       6552.9131       1.0948386
       6552.9305       1.0941787
       6552.9479       1.0934047
       6552.9653       1.0925346
       6552.9827       1.0915192
       6553.0001       1.0902743
       6553.0175       1.0887296
       6553.0349       1.0868729
       6553.0523       1.0847720
       6553.0698       1.0825665
       6553.0872       1.0804330
       6553.1046       1.0785372
       6553.1220       1.0769891
       6553.1394       1.0758164
       6553.1568       1.0749629
       6553.1742       1.0743136
       6553.1916       1.0737365
       6553.2090       1.0731304
       6553.2264       1.0724597
       6553.2439       1.0717667
       6553.2613       1.0711539
       6553.2787       1.0707466
       6553.2961       1.0706477
       6553.3135       1.0709035
       6553.3309       1.0714897
       6553.3483       1.0723214
       6553.3657       1.0732783
       6553.3831       1.0742364
       6553.4005       1.0750964
       6553.4180       1.0758028
       6553.4354       1.0763549
       6553.4528       1.0768067
       6553.4702       1.0772566
       6553.4876       1.0778257
       6553.5050       1.0786245
       6553.5224       1.0797159
       6553.5398       1.0810863
       6553.5572       1.0826351
       6553.5746       1.0841931
       6553.5921       1.0855692
       6553.6095       1.0866131
       6553.6269       1.0872652
       6553.6443       1.0875803
       6553.6617       1.0877098
       6553.6791       1.0878513
       6553.6965       1.0881821
       6553.7139       1.0888057
       6553.7313       1.0897279
       6553.7487       1.0908704
       6553.7662       1.0921069
       6553.7836       1.0933043
       6553.8010       1.0943536
       6553.8184       1.0951848
       6553.8358       1.0957705
       6553.8532       1.0961258
       6553.8706       1.0963041
       6553.8880       1.0963859
       6553.9054       1.0964575
       6553.9229       1.0965801
       6553.9403       1.0967648
       6553.9577       1.0969640
       6553.9751       1.0970889
       6553.9925       1.0970454
       6554.0099       1.0967718
       6554.0273       1.0962617
       6554.0447       1.0955599
       6554.0621       1.0947355
       6554.0795       1.0938482
       6554.0970       1.0929231
       6554.1144       1.0919465
       6554.1318       1.0908838
       6554.1492       1.0897079
       6554.1666       1.0884254
       6554.1840       1.0870915
       6554.2014       1.0858084
       6554.2188       1.0847138
       6554.2362       1.0839602
       6554.2536       1.0836859
       6554.2711       1.0839885
       6554.2885       1.0848937
       6554.3059       1.0863306
       6554.3233       1.0881237
       6554.3407       1.0900113
       6554.3581       1.0916918
       6554.3755       1.0928924
       6554.3929       1.0934383
       6554.4103       1.0933019
       6554.4277       1.0926126
       6554.4452       1.0916212
       6554.4626       1.0906290
       6554.4800       1.0899063
       6554.4974       1.0896249
       6554.5148       1.0898272
       6554.5322       1.0904373
       6554.5496       1.0913091
       6554.5670       1.0922917
       6554.5844       1.0932902
       6554.6018       1.0943024
       6554.6193       1.0954173
       6554.6367       1.0967793
       6554.6541       1.0985293
       6554.6715       1.1007471
       6554.6889       1.1034151
       6554.7063       1.1064192
       6554.7237       1.1095870
       6554.7411       1.1127499
       6554.7585       1.1158080
       6554.7760       1.1187716
       6554.7934       1.1217628
       6554.8108       1.1249720
       6554.8282       1.1285839
       6554.8456       1.1326980
       6554.8630       1.1372734
       6554.8804       1.1421164
       6554.8978       1.1469101
       6554.9152       1.1512954
       6554.9326       1.1549521
       6554.9501       1.1576715
       6554.9675       1.1593948
       6554.9849       1.1602116
       6555.0023       1.1603187
       6555.0197       1.1599550
       6555.0371       1.1593329
       6555.0545       1.1585834
       6555.0719       1.1577267
       6555.0893       1.1566713
       6555.1067       1.1552389
       6555.1242       1.1532101
       6555.1416       1.1503837
       6555.1590       1.1466356
       6555.1764       1.1419605
       6555.1938       1.1364806
       6555.2112       1.1304145
       6555.2286       1.1240167
       6555.2460       1.1175137
       6555.2634       1.1110635
       6555.2808       1.1047545
       6555.2983       1.0986383
       6555.3157       1.0927735
       6555.3331       1.0872562
       6555.3505       1.0822243
       6555.3679       1.0778370
       6555.3853       1.0742452
       6555.4027       1.0715646
       6555.4201       1.0698581
       6555.4375       1.0691224
       6555.4549       1.0692798
       6555.4724       1.0701727
       6555.4898       1.0715726
       6555.5072       1.0732072
       6555.5246       1.0748060
       6555.5420       1.0761570
       6555.5594       1.0771549
       6555.5768       1.0778152
       6555.5942       1.0782588
       6555.6116       1.0786681
       6555.6291       1.0792310
       6555.6465       1.0800891
       6555.6639       1.0813012
       6555.6813       1.0828294
       6555.6987       1.0845456
       6555.7161       1.0862581
       6555.7335       1.0877530
       6555.7509       1.0888429
       6555.7683       1.0894111
       6555.7857       1.0894417
       6555.8032       1.0890243
       6555.8206       1.0883338
       6555.8380       1.0875915
       6555.8554       1.0870166
       6555.8728       1.0867809
       6555.8902       1.0869741
       6555.9076       1.0875860
       6555.9250       1.0885091
       6555.9424       1.0895612
       6555.9598       1.0905277
       6555.9773       1.0912105
       6555.9947       1.0914744
       6556.0121       1.0912759
       6556.0295       1.0906708
       6556.0469       1.0897989
       6556.0643       1.0888528
       6556.0817       1.0880383
       6556.0991       1.0875352
       6556.1165       1.0874657
       6556.1339       1.0878769
       6556.1514       1.0887421
       6556.1688       1.0899788
       6556.1862       1.0914746
       6556.2036       1.0931082
       6556.2210       1.0947673
       6556.2384       1.0963499
       6556.2558       1.0977666
       6556.2732       1.0989514
       6556.2906       1.0998832
       6556.3080       1.1006058
       6556.3255       1.1012291
       6556.3429       1.1018995
       6556.3603       1.1027461
       6556.3777       1.1038251
       6556.3951       1.1050899
       6556.4125       1.1064022
       6556.4299       1.1075778
       6556.4473       1.1084422
       6556.4647       1.1088722
       6556.4822       1.1088080
       6556.4996       1.1082407
       6556.5170       1.1071888
       6556.5344       1.1056793
       6556.5518       1.1037405
       6556.5692       1.1014078
       6556.5866       1.0987359
       6556.6040       1.0958145
       6556.6214       1.0927823
       6556.6388       1.0898316
       6556.6563       1.0872008
       6556.6737       1.0851488
       6556.6911       1.0839155
       6556.7085       1.0836778
       6556.7259       1.0845133
       6556.7433       1.0863807
       6556.7607       1.0891191
       6556.7781       1.0924661
       6556.7955       1.0960918
       6556.8129       1.0996453
       6556.8304       1.1028092
       6556.8478       1.1053602
       6556.8652       1.1072097
       6556.8826       1.1084033
       6556.9000       1.1090879
       6556.9174       1.1094472
       6556.9348       1.1096322
       6556.9522       1.1097170
       6556.9696       1.1096961
       6556.9870       1.1095232
       6557.0045       1.1091667
       6557.0219       1.1086533
       6557.0393       1.1080753
       6557.0567       1.1075634
       6557.0741       1.1072390
       6557.0915       1.1071723
       6557.1089       1.1073657
       6557.1263       1.1077629
       6557.1437       1.1082773
       6557.1611       1.1088222
       6557.1786       1.1093320
       6557.1960       1.1097696
       6557.2134       1.1101228
       6557.2308       1.1103962
       6557.2482       1.1106041
       6557.2656       1.1107693
       6557.2830       1.1109263
       6557.3004       1.1111261
       6557.3178       1.1114366
       6557.3353       1.1119321
       6557.3527       1.1126750
       6557.3701       1.1136918
       6557.3875       1.1149547
       6557.4049       1.1163732
       6557.4223       1.1177992
       6557.4397       1.1190437
       6557.4571       1.1199014
       6557.4745       1.1201822
       6557.4919       1.1197459
       6557.5094       1.1185495
       6557.5268       1.1166631
       6557.5442       1.1142781
       6557.5616       1.1116859
       6557.5790       1.1092318
       6557.5964       1.1072567
       6557.6138       1.1060403
       6557.6312       1.1057601
       6557.6486       1.1064713
       6557.6660       1.1081071
       6557.6835       1.1104955
       6557.7009       1.1133863
       6557.7183       1.1164842
       6557.7357       1.1194851
       6557.7531       1.1221136
       6557.7705       1.1241566
       6557.7879       1.1254897
       6557.8053       1.1260897
       6557.8227       1.1260309
       6557.8401       1.1254661
       6557.8576       1.1245964
       6557.8750       1.1236364
       6557.8924       1.1227825
       6557.9098       1.1221856
       6557.9272       1.1219344
       6557.9446       1.1220481
       6557.9620       1.1224821
       6557.9794       1.1231443
       6557.9968       1.1239192
       6558.0142       1.1246945
       6558.0317       1.1253844
       6558.0491       1.1259438
       6558.0665       1.1263733
       6558.0839       1.1267121
       6558.1013       1.1270224
       6558.1187       1.1273671
       6558.1361       1.1277880
       6558.1535       1.1282870
       6558.1709       1.1288219
       6558.1884       1.1293163
       6558.2058       1.1296823
       6558.2232       1.1298496
       6558.2406       1.1297933
       6558.2580       1.1295503
       6558.2754       1.1292155
       6558.2928       1.1289167
       6558.3102       1.1287743
       6558.3276       1.1288589
       6558.3450       1.1291665
       6558.3625       1.1296212
       6558.3799       1.1301074
       6558.3973       1.1305170
       6558.4147       1.1307954
       6558.4321       1.1309661
       6558.4495       1.1311319
       6558.4669       1.1314509
       6558.4843       1.1320992
       6558.5017       1.1332246
       6558.5191       1.1349036
       6558.5366       1.1371070
       6558.5540       1.1396881
       6558.5714       1.1424003
       6558.5888       1.1449459
       6558.6062       1.1470451
       6558.6236       1.1485033
       6558.6410       1.1492560
       6558.6584       1.1493766
       6558.6758       1.1490504
       6558.6932       1.1485276
       6558.7107       1.1480728
       6558.7281       1.1479233
       6558.7455       1.1482593
       6558.7629       1.1491849
       6558.7803       1.1507199
       6558.7977       1.1528013
       6558.8151       1.1553007
       6558.8325       1.1580627
       6558.8499       1.1609416
       6558.8674       1.1638323
       6558.8848       1.1666835
       6558.9022       1.1694913
       6558.9196       1.1722793
       6558.9370       1.1750748
       6558.9544       1.1778896
       6558.9718       1.1807105
       6558.9892       1.1834997
       6559.0066       1.1862044
       6559.0240       1.1887717
       6559.0415       1.1911640
       6559.0589       1.1933671
       6559.0763       1.1953863
       6559.0937       1.1972298
       6559.1111       1.1988873
       6559.1285       1.2003148
       6559.1459       1.2014351
       6559.1633       1.2021528
       6559.1807       1.2023787
       6559.1981       1.2020539
       6559.2156       1.2011636
       6559.2330       1.1997411
       6559.2504       1.1978604
       6559.2678       1.1956225
       6559.2852       1.1931364
       6559.3026       1.1904960
       6559.3200       1.1877577
       6559.3374       1.1849216
       6559.3548       1.1819273
       6559.3722       1.1786711
       6559.3897       1.1750471
       6559.4071       1.1710021
       6559.4245       1.1665814
       6559.4419       1.1619448
       6559.4593       1.1573473
       6559.4767       1.1530696
       6559.4941       1.1493496
       6559.5115       1.1463306
       6559.5289       1.1440416
       6559.5463       1.1424154
       6559.5638       1.1413293
       6559.5812       1.1406556
       6559.5986       1.1403044
       6559.6160       1.1402509
       6559.6334       1.1405418
       6559.6508       1.1412799
       6559.6682       1.1425923
       6559.6856       1.1445878
       6559.7030       1.1473178
       6559.7205       1.1507521
       6559.7379       1.1547792
       6559.7553       1.1592301
       6559.7727       1.1639161
       6559.7901       1.1686660
       6559.8075       1.1733468
       6559.8249       1.1778658
       6559.8423       1.1821586
       6559.8597       1.1861761
       6559.8771       1.1898811
       6559.8946       1.1932587
       6559.9120       1.1963320
       6559.9294       1.1991740
       6559.9468       1.2019043
       6559.9642       1.2046674
       6559.9816       1.2075973
       6559.9990       1.2107768
       6560.0164       1.2142025
       6560.0338       1.2177694
       6560.0512       1.2212796
       6560.0687       1.2244826
       6560.0861       1.2271364
       6560.1035       1.2290826
       6560.1209       1.2303092
       6560.1383       1.2309620
       6560.1557       1.2313153
       6560.1731       1.2316974
       6560.1905       1.2323976
       6560.2079       1.2335891
       6560.2253       1.2352936
       6560.2428       1.2373974
       6560.2602       1.2397066
       6560.2776       1.2420136
       6560.2950       1.2441501
       6560.3124       1.2460121
       6560.3298       1.2475567
       6560.3472       1.2487870
       6560.3646       1.2497406
       6560.3820       1.2504876
       6560.3994       1.2511348
       6560.4169       1.2518216
       6560.4343       1.2526983
       6560.4517       1.2538879
       6560.4691       1.2554444
       6560.4865       1.2573281
       6560.5039       1.2594107
       6560.5213       1.2615119
       6560.5387       1.2634537
       6560.5561       1.2651131
       6560.5736       1.2664577
       6560.5910       1.2675544
       6560.6084       1.2685544
       6560.6258       1.2696639
       6560.6432       1.2711083
       6560.6606       1.2730967
       6560.6780       1.2757892
       6560.6954       1.2792682
       6560.7128       1.2835166
       6560.7302       1.2884101
       6560.7477       1.2937332
       6560.7651       1.2992145
       6560.7825       1.3046002
       6560.7999       1.3097131
       6560.8173       1.3144962
       6560.8347       1.3190175
       6560.8521       1.3234359
       6560.8695       1.3279411
       6560.8869       1.3326910
       6560.9043       1.3377691
       6560.9218       1.3431712
       6560.9392       1.3488204
       6560.9566       1.3546004
       6560.9740       1.3603926
       6560.9914       1.3661082
       6561.0088       1.3717075
       6561.0262       1.3772033
       6561.0436       1.3826499
       6561.0610       1.3881212
       6561.0784       1.3936874
       6561.0959       1.3993981
       6561.1133       1.4052809
       6561.1307       1.4113542
       6561.1481       1.4176499
       6561.1655       1.4242361
       6561.1829       1.4312295
       6561.2003       1.4387858
       6561.2177       1.4470686
       6561.2351       1.4562026
       6561.2525       1.4662290
       6561.2700       1.4770886
       6561.2874       1.4886452
       6561.3048       1.5007476
       6561.3222       1.5133023
       6561.3396       1.5263194
       6561.3570       1.5399091
       6561.3744       1.5542268
       6561.3918       1.5694014
       6561.4092       1.5854744
       6561.4267       1.6023895
       6561.4441       1.6200312
       6561.4615       1.6382725
       6561.4789       1.6570144
       6561.4963       1.6761981
       6561.5137       1.6957971
       6561.5311       1.7158028
       6561.5485       1.7362186
       6561.5659       1.7570636
       6561.5833       1.7783786
       6561.6008       1.8002244
       6561.6182       1.8226701
       6561.6356       1.8457738
       6561.6530       1.8695600
       6561.6704       1.8940004
       6561.6878       1.9190023
       6561.7052       1.9444068
       6561.7226       1.9700039
       6561.7400       1.9955612
       6561.7574       2.0208616
       6561.7749       2.0457369
       6561.7923       2.0700841
       6561.8097       2.0938591
       6561.8271       2.1170507
       6561.8445       2.1396456
       6561.8619       2.1615980
       6561.8793       2.1828161
       6561.8967       2.2031675
       6561.9141       2.2225044
       6561.9315       2.2406981
       6561.9490       2.2576731
       6561.9664       2.2734287
       6561.9838       2.2880362
       6562.0012       2.3016137
       6562.0186       2.3142822
       6562.0360       2.3261217
       6562.0534       2.3371420
       6562.0708       2.3472922
       6562.0882       2.3564876
       6562.1056       2.3646634
       6562.1231       2.3718244
       6562.1405       2.3780752
       6562.1579       2.3836191
       6562.1753       2.3887301
       6562.1927       2.3937120
       6562.2101       2.3988628
       6562.2275       2.4044536
       6562.2449       2.4107199
       6562.2623       2.4178509
       6562.2798       2.4259667
       6562.2972       2.4350834
       6562.3146       2.4450838
       6562.3320       2.4557163
       6562.3494       2.4666370
       6562.3668       2.4774876
       6562.3842       2.4879842
       6562.4016       2.4979836
       6562.4190       2.5075049
       6562.4364       2.5167035
       6562.4539       2.5258165
       6562.4713       2.5351027
       6562.4887       2.5447972
       6562.5061       2.5550838
       6562.5235       2.5660796
       6562.5409       2.5778225
       6562.5583       2.5902603
       6562.5757       2.6032462
       6562.5931       2.6165507
       6562.6105       2.6298948
       6562.6280       2.6429968
       6562.6454       2.6556175
       6562.6628       2.6675851
       6562.6802       2.6787893
       6562.6976       2.6891454
       6562.7150       2.6985520
       6562.7324       2.7068496
       6562.7498       2.7138022
       6562.7672       2.7191099
       6562.7846       2.7224442
       6562.8021       2.7234903
       6562.8195       2.7219824
       6562.8369       2.7177159
       6562.8543       2.7105344
       6562.8717       2.7003057
       6562.8891       2.6869086
       6562.9065       2.6702545
       6562.9239       2.6503449
       6562.9413       2.6273429
       6562.9587       2.6016213
       6562.9762       2.5737535
       6562.9936       2.5444404
       6563.0110       2.5143958
       6563.0284       2.4842285
       6563.0458       2.4543587
       6563.0632       2.4249883
       6563.0806       2.3961240
       6563.0980       2.3676415
       6563.1154       2.3393706
       6563.1329       2.3111813
       6563.1503       2.2830488
       6563.1677       2.2550765
       6563.1851       2.2274698
       6563.2025       2.2004687
       6563.2199       2.1742687
       6563.2373       2.1489667
       6563.2547       2.1245585
       6563.2721       2.1009854
       6563.2895       2.0782040
       6563.3070       2.0562393
       6563.3244       2.0351908
       6563.3418       2.0151918
       6563.3592       1.9963421
       6563.3766       1.9786390
       6563.3940       1.9619718
       6563.4114       1.9461466
       6563.4288       1.9309454
       6563.4462       1.9161890
       6563.4636       1.9017800
       6563.4811       1.8877148
       6563.4985       1.8740669
       6563.5159       1.8609568
       6563.5333       1.8485195
       6563.5507       1.8368788
       6563.5681       1.8261270
       6563.5855       1.8163090
       6563.6029       1.8074125
       6563.6203       1.7993698
       6563.6377       1.7920786
       6563.6552       1.7854377
       6563.6726       1.7793869
       6563.6900       1.7739335
       6563.7074       1.7691508
       6563.7248       1.7651478
       6563.7422       1.7620198
       6563.7596       1.7597976
       6563.7770       1.7584091
       6563.7944       1.7576613
       6563.8118       1.7572451
       6563.8293       1.7567603
       6563.8467       1.7557626
       6563.8641       1.7538262
       6563.8815       1.7506136
       6563.8989       1.7459331
       6563.9163       1.7397646
       6563.9337       1.7322425
       6563.9511       1.7236017
       6563.9685       1.7141068
       6563.9860       1.7039891
       6564.0034       1.6934063
       6564.0208       1.6824416
       6564.0382       1.6711108
       6564.0556       1.6593888
       6564.0730       1.6472332
       6564.0904       1.6346021
       6564.1078       1.6214644
       6564.1252       1.6078040
       6564.1426       1.5936216
       6564.1601       1.5789371
       6564.1775       1.5637937
       6564.1949       1.5482608
       6564.2123       1.5324323
       6564.2297       1.5164176
       6564.2471       1.5003293
       6564.2645       1.4842733
       6564.2819       1.4683467
       6564.2993       1.4526438
       6564.3167       1.4372652
       6564.3342       1.4223221
       6564.3516       1.4079317
       6564.3690       1.3942014
       6564.3864       1.3812088
       6564.4038       1.3689804
       6564.4212       1.3574791
       6564.4386       1.3466057
       6564.4560       1.3362190
       6564.4734       1.3261720
       6564.4908       1.3163540
       6564.5083       1.3067204
       6564.5257       1.2972953
       6564.5431       1.2881415
       6564.5605       1.2793127
       6564.5779       1.2708119
       6564.5953       1.2625818
       6564.6127       1.2545340
       6564.6301       1.2466036
       6564.6475       1.2388008
       6564.6649       1.2312347
       6564.6824       1.2240946
       6564.6998       1.2176055
       6564.7172       1.2119730
       6564.7346       1.2073360
       6564.7520       1.2037353
       6564.7694       1.2011029
       6564.7868       1.1992702
       6564.8042       1.1979965
       6564.8216       1.1970128
       6564.8391       1.1960713
       6564.8565       1.1949866
       6564.8739       1.1936589
       6564.8913       1.1920750
       6564.9087       1.1902924
       6564.9261       1.1884143
       6564.9435       1.1865621
       6564.9609       1.1848471
       6564.9783       1.1833465
       6564.9957       1.1820857
       6565.0132       1.1810338
       6565.0306       1.1801150
       6565.0480       1.1792303
       6565.0654       1.1782832
       6565.0828       1.1772003
       6565.1002       1.1759445
       6565.1176       1.1745186
       6565.1350       1.1729602
       6565.1524       1.1713298
       6565.1698       1.1696928
       6565.1873       1.1681010
       6565.2047       1.1665851
       6565.2221       1.1651607
       6565.2395       1.1638485
       6565.2569       1.1626953
       6565.2743       1.1617818
       6565.2917       1.1612079
       6565.3091       1.1610614
       6565.3265       1.1613691
       6565.3439       1.1620752
       6565.3614       1.1630365
       6565.3788       1.1640460
       6565.3962       1.1648765
       6565.4136       1.1653299
       6565.4310       1.1652798
       6565.4484       1.1646948
       6565.4658       1.1636407
       6565.4832       1.1622651
       6565.5006       1.1607697
       6565.5181       1.1593765
       6565.5355       1.1582931
       6565.5529       1.1576802
       6565.5703       1.1576262
       6565.5877       1.1581370
       6565.6051       1.1591399
       6565.6225       1.1605025
       6565.6399       1.1620579
       6565.6573       1.1636289
       6565.6747       1.1650489
       6565.6922       1.1661782
       6565.7096       1.1669190
       6565.7270       1.1672258
       6565.7444       1.1671074
       6565.7618       1.1666165
       6565.7792       1.1658283
       6565.7966       1.1648160
       6565.8140       1.1636339
       6565.8314       1.1623169
       6565.8488       1.1608936
       6565.8663       1.1594047
       6565.8837       1.1579164
       6565.9011       1.1565173
       6565.9185       1.1553006
       6565.9359       1.1543360
       6565.9533       1.1536454
       6565.9707       1.1531887
       6565.9881       1.1528733
       6566.0055       1.1525852
       6566.0229       1.1522264
       6566.0404       1.1517486
       6566.0578       1.1511706
       6566.0752       1.1505732
       6566.0926       1.1500747
       6566.1100       1.1497948
       6566.1274       1.1498203
       6566.1448       1.1501788
       6566.1622       1.1508290
       6566.1796       1.1516682
       6566.1970       1.1525540
       6566.2145       1.1533345
       6566.2319       1.1538780
       6566.2493       1.1540937
       6566.2667       1.1539381
       6566.2841       1.1534098
       6566.3015       1.1525395
       6566.3189       1.1513846
       6566.3363       1.1500323
       6566.3537       1.1486074
       6566.3712       1.1472713
       6566.3886       1.1462034
       6566.4060       1.1455617
       6566.4234       1.1454351
       6566.4408       1.1458052
       6566.4582       1.1465375
       6566.4756       1.1474079
       6566.4930       1.1481582
       6566.5104       1.1485597
       6566.5278       1.1484620
       6566.5453       1.1478138
       6566.5627       1.1466525
       6566.5801       1.1450759
       6566.5975       1.1432109
       6566.6149       1.1411921
       6566.6323       1.1391563
       6566.6497       1.1372374
       6566.6671       1.1355654
       6566.6845       1.1342547
       6566.7019       1.1333866
       6566.7194       1.1329933
       6566.7368       1.1330525
       6566.7542       1.1334947
       6566.7716       1.1342214
       6566.7890       1.1351246
       6566.8064       1.1360991
       6566.8238       1.1370425
       6566.8412       1.1378455
       6566.8586       1.1383837
       6566.8760       1.1385226
       6566.8935       1.1381451
       6566.9109       1.1371961
       6566.9283       1.1357279
       6566.9457       1.1339219
       6566.9631       1.1320668
       6566.9805       1.1304920
       6566.9979       1.1294764
       6567.0153       1.1291642
       6567.0327       1.1295222
       6567.0501       1.1303543
       6567.0676       1.1313660
       6567.0850       1.1322523
       6567.1024       1.1327764
       6567.1198       1.1328140
       6567.1372       1.1323546
       6567.1546       1.1314700
       6567.1720       1.1302685
       6567.1894       1.1288570
       6567.2068       1.1273239
       6567.2243       1.1257456
       6567.2417       1.1242046
       6567.2591       1.1228035
       6567.2765       1.1216617
       6567.2939       1.1208913
       6567.3113       1.1205683
       6567.3287       1.1207076
       6567.3461       1.1212569
       6567.3635       1.1221068
       6567.3809       1.1231122
       6567.3984       1.1241143
       6567.4158       1.1249600
       6567.4332       1.1255207
       6567.4506       1.1257168
       6567.4680       1.1255416
       6567.4854       1.1250748
       6567.5028       1.1244720
       6567.5202       1.1239240
       6567.5376       1.1236006
       6567.5550       1.1236016
       6567.5725       1.1239371
       6567.5899       1.1245443
       6567.6073       1.1253270
       6567.6247       1.1261938
       6567.6421       1.1270758
       6567.6595       1.1279198
       6567.6769       1.1286694
       6567.6943       1.1292516
       6567.7117       1.1295809
       6567.7291       1.1295815
       6567.7466       1.1292156
       6567.7640       1.1285076
       6567.7814       1.1275519
       6567.7988       1.1265024
       6567.8162       1.1255462
       6567.8336       1.1248633
       6567.8510       1.1245826
       6567.8684       1.1247421
       6567.8858       1.1252690
       6567.9032       1.1259891
       6567.9207       1.1266650
       6567.9381       1.1270623
       6567.9555       1.1270109
       6567.9729       1.1264434
       6567.9903       1.1254020
       6568.0077       1.1240151
       6568.0251       1.1224553
       6568.0425       1.1208967
       6568.0599       1.1194818
       6568.0774       1.1183022
       6568.0948       1.1173941
       6568.1122       1.1167419
       6568.1296       1.1162890
       6568.1470       1.1159537
       6568.1644       1.1156500
       6568.1818       1.1153108
       6568.1992       1.1149108
       6568.2166       1.1144819
       6568.2340       1.1141137
       6568.2515       1.1139365
       6568.2689       1.1140866
       6568.2863       1.1146658
       6568.3037       1.1157064
       6568.3211       1.1171561
       6568.3385       1.1188914
       6568.3559       1.1207538
       6568.3733       1.1226000
       6568.3907       1.1243466
       6568.4081       1.1259952
       6568.4256       1.1276306
       6568.4430       1.1293944
       6568.4604       1.1314441
       6568.4778       1.1339119
       6568.4952       1.1368751
       6568.5126       1.1403451
       6568.5300       1.1442749
       6568.5474       1.1485792
       6568.5648       1.1531572
       6568.5822       1.1579124
       6568.5997       1.1627630
       6568.6171       1.1676451
       6568.6345       1.1725132
       6568.6519       1.1773372
       6568.6693       1.1820946
       6568.6867       1.1867567
       6568.7041       1.1912671
       6568.7215       1.1955222
       6568.7389       1.1993610
       6568.7563       1.2025755
       6568.7738       1.2049406
       6568.7912       1.2062579
       6568.8086       1.2063955
       6568.8260       1.2053109
       6568.8434       1.2030457
       6568.8608       1.1996984
       6568.8782       1.1953874
       6568.8956       1.1902228
       6568.9130       1.1842970
       6568.9305       1.1776927
       6568.9479       1.1704989
       6568.9653       1.1628195
       6568.9827       1.1547686
       6569.0001       1.1464569
       6569.0175       1.1379779
       6569.0349       1.1294054
       6569.0523       1.1208040
       6569.0697       1.1122454
       6569.0871       1.1038201
       6569.1046       1.0956379
       6569.1220       1.0878171
       6569.1394       1.0804713
       6569.1568       1.0736986
       6569.1742       1.0675771
       6569.1916       1.0621609
       6569.2090       1.0574764
       6569.2264       1.0535167
       6569.2438       1.0502382
       6569.2612       1.0475807
       6569.2787       1.0454930
       6569.2961       1.0439626
       6569.3135       1.0430332
       6569.3309       1.0427974
       6569.3483       1.0433624
       6569.3657       1.0447991
       6569.3831       1.0470937
       6569.4005       1.0501243
       6569.4179       1.0536740
       6569.4353       1.0574813
       6569.4528       1.0613092
       6569.4702       1.0650094
       6569.4876       1.0685520
       6569.5050       1.0720081
       6569.5224       1.0754892
       6569.5398       1.0790693
       6569.5572       1.0827227
       6569.5746       1.0863059
       6569.5920       1.0895942
       6569.6094       1.0923558
       6569.6269       1.0944355
       6569.6443       1.0958123
       6569.6617       1.0966101
       6569.6791       1.0970612
       6569.6965       1.0974367
       6569.7139       1.0979703
       6569.7313       1.0987986
       6569.7487       1.0999321
       6569.7661       1.1012615
       6569.7836       1.1025922
       6569.8010       1.1036965
       6569.8184       1.1043703
       6569.8358       1.1044782
       6569.8532       1.1039773
       6569.8706       1.1029131
       6569.8880       1.1014085
       6569.9054       1.0996278
       6569.9228       1.0977581
       6569.9402       1.0959991
       6569.9577       1.0945541
       6569.9751       1.0936116
       6569.9925       1.0933116
       6570.0099       1.0937050
       6570.0273       1.0947235
       6570.0447       1.0961813
       6570.0621       1.0978157
       6570.0795       1.0993590
       6570.0969       1.1006151
       6570.1143       1.1015097
       6570.1318       1.1020929
       6570.1492       1.1024935
       6570.1666       1.1028494
       6570.1840       1.1032444
       6570.2014       1.1036808
       6570.2188       1.1040931
       6570.2362       1.1043918
       6570.2536       1.1045114
       6570.2710       1.1044421
       6570.2884       1.1042333
       6570.3059       1.1039719
       6570.3233       1.1037458
       6570.3407       1.1036050
       6570.3581       1.1035352
       6570.3755       1.1034527
       6570.3929       1.1032276
       6570.4103       1.1027297
       6570.4277       1.1018818
       6570.4451       1.1006979
       6570.4625       1.0992870
       6570.4800       1.0978186
       6570.4974       1.0964653
       6570.5148       1.0953480
       6570.5322       1.0945051
       6570.5496       1.0938952
       6570.5670       1.0934326
       6570.5844       1.0930244
       6570.6018       1.0926001
       6570.6192       1.0921253
       6570.6367       1.0916024
       6570.6541       1.0910609
       6570.6715       1.0905443
       6570.6889       1.0900961
       6570.7063       1.0897454
       6570.7237       1.0894979
       6570.7411       1.0893341
       6570.7585       1.0892174
       6570.7759       1.0891087
       6570.7933       1.0889797
       6570.8108       1.0888170
       6570.8282       1.0886159
       6570.8456       1.0883663
       6570.8630       1.0880430
       6570.8804       1.0876060
       6570.8978       1.0870136
       6570.9152       1.0862422
       6570.9326       1.0853026
       6570.9500       1.0842474
       6570.9674       1.0831666
       6570.9849       1.0821728
       6571.0023       1.0813807
       6571.0197       1.0808834
       6571.0371       1.0807308
       6571.0545       1.0809151
       6571.0719       1.0813688
       6571.0893       1.0819787
       6571.1067       1.0826128
       6571.1241       1.0831501
       6571.1415       1.0835055
       6571.1590       1.0836428
       6571.1764       1.0835730
       6571.1938       1.0833476
       6571.2112       1.0830363
       6571.2286       1.0827092
       6571.2460       1.0824206
       6571.2634       1.0822011
       6571.2808       1.0820610
       6571.2982       1.0820027
       6571.3156       1.0820334
       6571.3331       1.0821676
       6571.3505       1.0824138
       6571.3679       1.0827483
       6571.3853       1.0830902
       6571.4027       1.0832965
       6571.4201       1.0831857
       6571.4375       1.0825873
       6571.4549       1.0813984
       6571.4723       1.0796211
       6571.4898       1.0773678
       6571.5072       1.0748300
       6571.5246       1.0722285
       6571.5420       1.0697663
       6571.5594       1.0676000
       6571.5768       1.0658339
       6571.5942       1.0645312
       6571.6116       1.0637298
       6571.6290       1.0634542
       6571.6464       1.0637178
       6571.6639       1.0645171
       6571.6813       1.0658204
       6571.6987       1.0675567
       6571.7161       1.0696109
       6571.7335       1.0718294
       6571.7509       1.0740379
       6571.7683       1.0760696
       6571.7857       1.0777953
       6571.8031       1.0791464
       6571.8205       1.0801215
       6571.8380       1.0807795
       6571.8554       1.0812144
       6571.8728       1.0815240
       6571.8902       1.0817865
       6571.9076       1.0820493
       6571.9250       1.0823328
       6571.9424       1.0826451
       6571.9598       1.0830003
       6571.9772       1.0834276
       6571.9946       1.0839660
       6572.0121       1.0846457
       6572.0295       1.0854657
       6572.0469       1.0863819
       6572.0643       1.0873128
       6572.0817       1.0881634
       6572.0991       1.0888567
       6572.1165       1.0893595
       6572.1339       1.0896927
       6572.1513       1.0899236
       6572.1688       1.0901475
       6572.1862       1.0904660
       6572.2036       1.0909695
       6572.2210       1.0917245
       6572.2384       1.0927621
       6572.2558       1.0940679
       6572.2732       1.0955745
       6572.2906       1.0971625
       6572.3080       1.0986728
       6572.3254       1.0999305
       6572.3429       1.1007749
       6572.3603       1.1010879
       6572.3777       1.1008159
       6572.3951       1.0999793
       6572.4125       1.0986656
       6572.4299       1.0970078
       6572.4473       1.0951483
       6572.4647       1.0932027
       6572.4821       1.0912335
       6572.4995       1.0892426
       6572.5170       1.0871935
       6572.5344       1.0850435
       6572.5518       1.0827750
       6572.5692       1.0804126
       6572.5866       1.0780185
       6572.6040       1.0756731
       6572.6214       1.0734483
       6572.6388       1.0713873
       6572.6562       1.0694955
       6572.6736       1.0677453
       6572.6911       1.0660907
       6572.7085       1.0644887
       6572.7259       1.0629210
       6572.7433       1.0614104
       6572.7607       1.0600240
       6572.7781       1.0588598
       6572.7955       1.0580175
       6572.8129       1.0575635
       6572.8303       1.0575050
       6572.8477       1.0577853
       6572.8652       1.0583046
       6572.8826       1.0589575
       6572.9000       1.0596698
       6572.9174       1.0604197
       6572.9348       1.0612329
       6572.9522       1.0621573
       6572.9696       1.0632286
       6572.9870       1.0644411
       6573.0044       1.0657339
       6573.0219       1.0669964
       6573.0393       1.0680902
       6573.0567       1.0688831
       6573.0741       1.0692871
       6573.0915       1.0692890
       6573.1089       1.0689621
       6573.1263       1.0684498
       6573.1437       1.0679237
       6573.1611       1.0675250
       6573.1785       1.0673218
       6573.1960       1.0672986
       6573.2134       1.0673812
       6573.2308       1.0674816
       6573.2482       1.0675400
       6573.2656       1.0675441
       6573.2830       1.0675199
       6573.3004       1.0675058
       6573.3178       1.0675277
       6573.3352       1.0675862
       6573.3526       1.0676590
       6573.3701       1.0677111
       6573.3875       1.0677048
       6573.4049       1.0676044
       6573.4223       1.0673799
       6573.4397       1.0670118
       6573.4571       1.0665010
       6573.4745       1.0658802
       6573.4919       1.0652191
       6573.5093       1.0646193
       6573.5267       1.0641955
       6573.5442       1.0640496
       6573.5616       1.0642449
       6573.5790       1.0647897
       6573.5964       1.0656341
       6573.6138       1.0666810
       6573.6312       1.0678064
       6573.6486       1.0688837
       6573.6660       1.0698068
       6573.6834       1.0705085
       6573.7008       1.0709708
       6573.7183       1.0712267
       6573.7357       1.0713507
       6573.7531       1.0714408
       6573.7705       1.0715961
       6573.7879       1.0718953
       6573.8053       1.0723765
       6573.8227       1.0730332
       6573.8401       1.0738144
       6573.8575       1.0746336
       6573.8750       1.0753824
       6573.8924       1.0759498
       6573.9098       1.0762449
       6573.9272       1.0762163
       6573.9446       1.0758628
       6573.9620       1.0752296
       6573.9794       1.0743864
       6573.9968       1.0733955
       6574.0142       1.0722801
       6574.0316       1.0710087
       6574.0491       1.0695047
       6574.0665       1.0676815
       6574.0839       1.0654876
       6574.1013       1.0629438
       6574.1187       1.0601509
       6574.1361       1.0572639
       6574.1535       1.0544417
       6574.1709       1.0517944
       6574.1883       1.0493523
       6574.2057       1.0470715
       6574.2232       1.0448729
       6574.2406       1.0426994
       6574.2580       1.0405681
       6574.2754       1.0385965
       6574.2928       1.0369943
       6574.3102       1.0360255
       6574.3276       1.0359515
       6574.3450       1.0369757
       6574.3624       1.0392017
       6574.3798       1.0426146
       6574.3973       1.0470857
       6574.4147       1.0523979
       6574.4321       1.0582877
       6574.4495       1.0644850
       6574.4669       1.0707662
       6574.4843       1.0769796
       6574.5017       1.0830426
       6574.5191       1.0889086
       6574.5365       1.0945165
       6574.5539       1.0997446
       6574.5714       1.1043950
       6574.5888       1.1082176
       6574.6062       1.1109648
       6574.6236       1.1124507
       6574.6410       1.1125913
       6574.6584       1.1114119
       6574.6758       1.1090265
       6574.6932       1.1056046
       6574.7106       1.1013398
       6574.7281       1.0964263
       6574.7455       1.0910445
       6574.7629       1.0853529
       6574.7803       1.0794875
       6574.7977       1.0735706
       6574.8151       1.0677281
       6574.8325       1.0621069
       6574.8499       1.0568809
       6574.8673       1.0522363
       6574.8847       1.0483374
       6574.9022       1.0452866
       6574.9196       1.0430965
       6574.9370       1.0416889
       6574.9544       1.0409213
       6574.9718       1.0406273
       6574.9892       1.0406520
       6575.0066       1.0408675
       6575.0240       1.0411681
       6575.0414       1.0414575
       6575.0588       1.0416413
       6575.0763       1.0416333
       6575.0937       1.0413746
       6575.1111       1.0408547
       6575.1285       1.0401178
       6575.1459       1.0392602
       6575.1633       1.0384170
       6575.1807       1.0377431
       6575.1981       1.0373907
       6575.2155       1.0374807
       6575.2329       1.0380723
       6575.2504       1.0391394
       6575.2678       1.0405676
       6575.2852       1.0421801
       6575.3026       1.0437868
       6575.3200       1.0452401
       6575.3374       1.0464732
       6575.3548       1.0475062
       6575.3722       1.0484191
       6575.3896       1.0493056
       6575.4070       1.0502282
       6575.4245       1.0511905
       6575.4419       1.0521346
       6575.4593       1.0529614
       6575.4767       1.0535637
       6575.4941       1.0538611
       6575.5115       1.0538239
       6575.5289       1.0534811
       6575.5463       1.0529107
       6575.5637       1.0522205
       6575.5812       1.0515252
       6575.5986       1.0509285
       6575.6160       1.0505122
       6575.6334       1.0503295
       6575.6508       1.0504007
       6575.6682       1.0507114
       6575.6856       1.0512172
       6575.7030       1.0518563
       6575.7204       1.0525702
       6575.7378       1.0533225
       6575.7553       1.0541050
       6575.7727       1.0549259
       6575.7901       1.0557843
       6575.8075       1.0566462
       6575.8249       1.0574385
       6575.8423       1.0580651
       6575.8597       1.0584420
       6575.8771       1.0585313
       6575.8945       1.0583597
       6575.9119       1.0580103
       6575.9294       1.0575951
       6575.9468       1.0572170
       6575.9642       1.0569409
       6575.9816       1.0567813
       6575.9990       1.0567101
       6576.0164       1.0566764
       6576.0338       1.0566295
       6576.0512       1.0565359
       6576.0686       1.0563837
       6576.0860       1.0561781
       6576.1035       1.0559289
       6576.1209       1.0556399
       6576.1383       1.0553026
       6576.1557       1.0548976
       6576.1731       1.0544028
       6576.1905       1.0538025
       6576.2079       1.0530945
       6576.2253       1.0522925
       6576.2427       1.0514247
       6576.2601       1.0505319
       6576.2776       1.0496662
       6576.2950       1.0488878
       6576.3124       1.0482590
       6576.3298       1.0478309
       6576.3472       1.0476290
       6576.3646       1.0476409
       6576.3820       1.0478128
       6576.3994       1.0480544
       6576.4168       1.0482551
       6576.4343       1.0483026
       6576.4517       1.0481007
       6576.4691       1.0475848
       6576.4865       1.0467346
       6576.5039       1.0455821
       6576.5213       1.0442114
       6576.5387       1.0427503
       6576.5561       1.0413524
       6576.5735       1.0401739
       6576.5909       1.0393493
       6576.6084       1.0389722
       6576.6258       1.0390832
       6576.6432       1.0396658
       6576.6606       1.0406496
       6576.6780       1.0419187
       6576.6954       1.0433277
       6576.7128       1.0447236
       6576.7302       1.0459713
       6576.7476       1.0469755
       6576.7650       1.0476913
       6576.7825       1.0481194
       6576.7999       1.0482884
       6576.8173       1.0482349
       6576.8347       1.0479927
       6576.8521       1.0475977
       6576.8695       1.0471039
       6576.8869       1.0465963
       6576.9043       1.0461879
       6576.9217       1.0459945
       6576.9391       1.0460968
       6576.9566       1.0465065
       6576.9740       1.0471525
       6576.9914       1.0478967
       6577.0088       1.0485722
       6577.0262       1.0490321
       6577.0436       1.0491882
       6577.0610       1.0490373
       6577.0784       1.0486474
       6577.0958       1.0481281
       6577.1132       1.0475885
       6577.1307       1.0471001
       6577.1481       1.0466764
       6577.1655       1.0462766
       6577.1829       1.0458312
       6577.2003       1.0452772
       6577.2177       1.0445918
       6577.2351       1.0438101
       6577.2525       1.0430209
       6577.2699       1.0423427
       6577.2874       1.0418880
       6577.3048       1.0417274
       6577.3222       1.0418653
       6577.3396       1.0422324
       6577.3570       1.0426981
       6577.3744       1.0431022
       6577.3918       1.0432967
       6577.4092       1.0431900
       6577.4266       1.0427778
       6577.4440       1.0421498
       6577.4615       1.0414661
       6577.4789       1.0409114
       6577.4963       1.0406398
       6577.5137       1.0407316
       6577.5311       1.0411745
       6577.5485       1.0418763
       6577.5659       1.0427003
       6577.5833       1.0435097
       6577.6007       1.0442040
       6577.6181       1.0447352
       6577.6356       1.0451038
       6577.6530       1.0453402
       6577.6704       1.0454839
       6577.6878       1.0455671
       6577.7052       1.0456090
       6577.7226       1.0456181
       6577.7400       1.0455989
       6577.7574       1.0455604
       6577.7748       1.0455194
       6577.7922       1.0454974
       6577.8097       1.0455098
       6577.8271       1.0455529
       6577.8445       1.0455944
       6577.8619       1.0455770
       6577.8793       1.0454341
       6577.8967       1.0451141
       6577.9141       1.0446034
       6577.9315       1.0439373
       6577.9489       1.0431963
       6577.9663       1.0424879
       6577.9838       1.0419217
       6578.0012       1.0415824
       6578.0186       1.0415090
       6578.0360       1.0416838
       6578.0534       1.0420360
       6578.0708       1.0424607
       6578.0882       1.0428486
       6578.1056       1.0431198
       6578.1230       1.0432496
       6578.1405       1.0432781
       6578.1579       1.0432969
       6578.1753       1.0434158
       6578.1927       1.0437179
       6578.2101       1.0442199
       6578.2275       1.0448562
       6578.2449       1.0454968
       6578.2623       1.0459926
       6578.2797       1.0462306
       6578.2971       1.0461710
       6578.3146       1.0458525
       6578.3320       1.0453674
       6578.3494       1.0448210
       6578.3668       1.0442986
       6578.3842       1.0438476
       6578.4016       1.0434819
       6578.4190       1.0431925
       6578.4364       1.0429609
       6578.4538       1.0427693
       6578.4712       1.0426090
       6578.4887       1.0424851
       6578.5061       1.0424155
       6578.5235       1.0424220
       6578.5409       1.0425145
       6578.5583       1.0426759
       6578.5757       1.0428564
       6578.5931       1.0429824
       6578.6105       1.0429787
       6578.6279       1.0427968
       6578.6453       1.0424373
       6578.6628       1.0419566
       6578.6802       1.0414554
       6578.6976       1.0410524
       6578.7150       1.0408521
       6578.7324       1.0409168
       6578.7498       1.0412525
       6578.7672       1.0418108
       6578.7846       1.0425053
       6578.8020       1.0432351
       6578.8195       1.0439075
       6578.8369       1.0444535
       6578.8543       1.0448336
       6578.8717       1.0450375
       6578.8891       1.0450794
       6578.9065       1.0449917
       6578.9239       1.0448183
       6578.9413       1.0446060
       6578.9587       1.0443948
       6578.9761       1.0442079
       6578.9936       1.0440450
       6579.0110       1.0438809
       6579.0284       1.0436737
       6579.0458       1.0433801
       6579.0632       1.0429736
       6579.0806       1.0424578
       6579.0980       1.0418692
       6579.1154       1.0412686
       6579.1328       1.0407238
       6579.1502       1.0402915
       6579.1677       1.0400050
       6579.1851       1.0398702
       6579.2025       1.0398674
       6579.2199       1.0399572
       6579.2373       1.0400876
       6579.2547       1.0402023
       6579.2721       1.0402503
       6579.2895       1.0401957
       6579.3069       1.0400269
       6579.3243       1.0397602
       6579.3418       1.0394402
       6579.3592       1.0391342
       6579.3766       1.0389246
       6579.3940       1.0388975
       6579.4114       1.0391293
       6579.4288       1.0396690
       6579.4462       1.0405216
       6579.4636       1.0416376
       6579.4810       1.0429177
       6579.4984       1.0442352
       6579.5159       1.0454688
       6579.5333       1.0465339
       6579.5507       1.0473937
       6579.5681       1.0480468
       6579.5855       1.0484982
       6579.6029       1.0487329
       6579.6203       1.0487107
       6579.6377       1.0483883
       6579.6551       1.0477568
       6579.6726       1.0468764
       6579.6900       1.0458742
       6579.7074       1.0449140
       6579.7248       1.0441461
       6579.7422       1.0436627
       6579.7596       1.0434797
       6579.7770       1.0435535
       6579.7944       1.0438174
       6579.8118       1.0442163
       6579.8292       1.0447187
       6579.8467       1.0453025
       6579.8641       1.0459282
       6579.8815       1.0465203
       6579.8989       1.0469744
       6579.9163       1.0471882
       6579.9337       1.0471026
       6579.9511       1.0467290
       6579.9685       1.0461471
       6579.9859       1.0454714
       6580.0033       1.0448015
       6580.0208       1.0441778
       6580.0382       1.0435649
       6580.0556       1.0428676
       6580.0730       1.0419745
       6580.0904       1.0408078
       6580.1078       1.0393590
       6580.1252       1.0376965
       6580.1426       1.0359435
       6580.1600       1.0342403
       6580.1774       1.0327076
       6580.1949       1.0314281
       6580.2123       1.0304489
       6580.2297       1.0297993
       6580.2471       1.0295072
       6580.2645       1.0296032
       6580.2819       1.0301066
       6580.2993       1.0310011
       6580.3167       1.0322080
       6580.3341       1.0335853
       6580.3515       1.0349450
       6580.3690       1.0360888
       6580.3864       1.0368510
       6580.4038       1.0371348
       6580.4212       1.0369311
       6580.4386       1.0363161
       6580.4560       1.0354292
       6580.4734       1.0344423
       6580.4908       1.0335273
       6580.5082       1.0328327
       6580.5257       1.0324700
       6580.5431       1.0325087
       6580.5605       1.0329754
       6580.5779       1.0338543
       6580.5953       1.0350898
       6580.6127       1.0365932
       6580.6301       1.0382546
       6580.6475       1.0399595
       6580.6649       1.0416056
       6580.6823       1.0431165
       6580.6998       1.0444489
       6580.7172       1.0455917
       6580.7346       1.0465581
       6580.7520       1.0473696
       6580.7694       1.0480390
       6580.7868       1.0485545
       6580.8042       1.0488741
       6580.8216       1.0489360
       6580.8390       1.0486816
       6580.8564       1.0480841
       6580.8739       1.0471703
       6580.8913       1.0460218
       6580.9087       1.0447562
       6580.9261       1.0434935
       6580.9435       1.0423247
       6580.9609       1.0412962
       6580.9783       1.0404151
       6580.9957       1.0396764
       6581.0131       1.0390864
       6581.0305       1.0386708
       6581.0480       1.0384589
       6581.0654       1.0384533
       6581.0828       1.0386015
       6581.1002       1.0387894
       6581.1176       1.0388660
       6581.1350       1.0386913
       6581.1524       1.0381881
       6581.1698       1.0373759
       6581.1872       1.0363700
       6581.2046       1.0353454
       6581.2221       1.0344812
       6581.2395       1.0339066
       6581.2569       1.0336717
       6581.2743       1.0337496
       6581.2917       1.0340628
       6581.3091       1.0345167
       6581.3265       1.0350201
       6581.3439       1.0354888
       6581.3613       1.0358388
       6581.3788       1.0359849
       6581.3962       1.0358544
       6581.4136       1.0354124
       6581.4310       1.0346862
       6581.4484       1.0337713
       6581.4658       1.0328138
       6581.4832       1.0319750
       6581.5006       1.0313915
       6581.5180       1.0311469
       6581.5354       1.0312604
       6581.5529       1.0316916
       6581.5703       1.0323549
       6581.5877       1.0331370
       6581.6051       1.0339158
       6581.6225       1.0345832
       6581.6399       1.0350669
       6581.6573       1.0353455
       6581.6747       1.0354525
       6581.6921       1.0354646
       6581.7095       1.0354783
       6581.7270       1.0355841
       6581.7444       1.0358454
       6581.7618       1.0362866
       6581.7792       1.0368880
       6581.7966       1.0375875
       6581.8140       1.0382887
       6581.8314       1.0388781
       6581.8488       1.0392497
       6581.8662       1.0393297
       6581.8836       1.0390927
       6581.9011       1.0385618
       6581.9185       1.0377931
       6581.9359       1.0368551
       6581.9533       1.0358112
       6581.9707       1.0347138
       6581.9881       1.0336098
       6582.0055       1.0325498
       6582.0229       1.0315930
       6582.0403       1.0308003
       6582.0577       1.0302168
       6582.0752       1.0298522
       6582.0926       1.0296695
       6582.1100       1.0295918
       6582.1274       1.0295239
       6582.1448       1.0293821
       6582.1622       1.0291193
       6582.1796       1.0287360
       6582.1970       1.0282759
       6582.2144       1.0278063
       6582.2319       1.0273944
       6582.2493       1.0270849
       6582.2667       1.0268887
       6582.2841       1.0267872
       6582.3015       1.0267535
       6582.3189       1.0267776
       6582.3363       1.0268845
       6582.3537       1.0271358
       6582.3711       1.0276081
       6582.3885       1.0283570
       6582.4060       1.0293814
       6582.4234       1.0306034
       6582.4408       1.0318768
       6582.4582       1.0330226
       6582.4756       1.0338804
       6582.4930       1.0343566
       6582.5104       1.0344518
       6582.5278       1.0342559
       6582.5452       1.0339165
       6582.5626       1.0335914
       6582.5801       1.0334057
       6582.5975       1.0334267
       6582.6149       1.0336614
       6582.6323       1.0340704
       6582.6497       1.0345895
       6582.6671       1.0351488
       6582.6845       1.0356864
       6582.7019       1.0361576
       6582.7193       1.0365404
       6582.7367       1.0368375
       6582.7542       1.0370755
       6582.7716       1.0372992
       6582.7890       1.0375634
       6582.8064       1.0379208
       6582.8238       1.0384071
       6582.8412       1.0390253
       6582.8586       1.0397358
       6582.8760       1.0404597
       6582.8934       1.0411018
       6582.9108       1.0415859
       6582.9283       1.0418953
       6582.9457       1.0420835
       6582.9631       1.0422607
       6582.9805       1.0425571
       6582.9979       1.0430803
       6583.0153       1.0438847
       6583.0327       1.0449621
       6583.0501       1.0462517
       6583.0675       1.0476599
       6583.0850       1.0490822
       6583.1024       1.0504209
       6583.1198       1.0515984
       6583.1372       1.0525669
       6583.1546       1.0533129
       6583.1720       1.0538573
       6583.1894       1.0542479
       6583.2068       1.0545457
       6583.2242       1.0548074
       6583.2416       1.0550656
       6583.2591       1.0553155
       6583.2765       1.0555096
       6583.2939       1.0555683
       6583.3113       1.0554033
       6583.3287       1.0549500
       6583.3461       1.0541934
       6583.3635       1.0531772
       6583.3809       1.0519869
       6583.3983       1.0507139
       6583.4157       1.0494146
       6583.4332       1.0480844
       6583.4506       1.0466614
       6583.4680       1.0450594
       6583.4854       1.0432170
       6583.5028       1.0411370
       6583.5202       1.0388967
       6583.5376       1.0366198
       6583.5550       1.0344230
       6583.5724       1.0323627
       6583.5898       1.0304133
       6583.6073       1.0284914
       6583.6247       1.0265128
       6583.6421       1.0244527
       6583.6595       1.0223761
       6583.6769       1.0204198
       6583.6943       1.0187347
       6583.7117       1.0174165
       6583.7291       1.0164632
       6583.7465       1.0157792
       6583.7639       1.0152245
       6583.7814       1.0146809
       6583.7988       1.0141042
       6583.8162       1.0135408
       6583.8336       1.0131097
       6583.8510       1.0129650
       6583.8684       1.0132564
       6583.8858       1.0140983
       6583.9032       1.0155472
       6583.9206       1.0175855
       6583.9381       1.0201120
       6583.9555       1.0229460
       6583.9729       1.0258518
       6583.9903       1.0285820
       6584.0077       1.0309294
       6584.0251       1.0327680
       6584.0425       1.0340705
       6584.0599       1.0348964
       6584.0773       1.0353593
       6584.0947       1.0355889
       6584.1122       1.0356983
       6584.1296       1.0357653
       6584.1470       1.0358254
       6584.1644       1.0358741
       6584.1818       1.0358762
       6584.1992       1.0357811
       6584.2166       1.0355382
       6584.2340       1.0351099
       6584.2514       1.0344687
       6584.2688       1.0335875
       6584.2863       1.0324297
       6584.3037       1.0309518
       6584.3211       1.0291223
       6584.3385       1.0269518
       6584.3559       1.0245187
       6584.3733       1.0219765
       6584.3907       1.0195355
       6584.4081       1.0174249
       6584.4255       1.0158477
       6584.4429       1.0149433
       6584.4604       1.0147668
       6584.4778       1.0152871
       6584.4952       1.0163972
       6584.5126       1.0179301
       6584.5300       1.0196753
       6584.5474       1.0213969
       6584.5648       1.0228556
       6584.5822       1.0238383
       6584.5996       1.0241915
       6584.6170       1.0238522
       6584.6345       1.0228684
       6584.6519       1.0214011
       6584.6693       1.0197030
       6584.6867       1.0180720
       6584.7041       1.0167877
       6584.7215       1.0160473
       6584.7389       1.0159221
       6584.7563       1.0163538
       6584.7737       1.0171902
       6584.7912       1.0182481
       6584.8086       1.0193744
       6584.8260       1.0204810
       6584.8434       1.0215430
       6584.8608       1.0225671
       6584.8782       1.0235467
       6584.8956       1.0244279
       6584.9130       1.0251031
       6584.9304       1.0254343
       6584.9478       1.0252987
       6584.9653       1.0246390
       6584.9827       1.0234998
       6585.0001       1.0220342
