# Angstrom [air],  flux [abs.cor.cont.sub+1]
       6545.0029       1.0177540
       6545.0203       1.0170676
       6545.0377       1.0161870
       6545.0551       1.0153079
       6545.0725       1.0145545
       6545.0899       1.0139647
       6545.1073       1.0135025
       6545.1247       1.0130918
       6545.1422       1.0126576
       6545.1596       1.0121592
       6545.1770       1.0116092
       6545.1944       1.0110734
       6545.2118       1.0106638
       6545.2292       1.0105301
       6545.2466       1.0108540
       6545.2640       1.0118388
       6545.2814       1.0136866
       6545.2988       1.0165614
       6545.3163       1.0205472
       6545.3337       1.0256198
       6545.3511       1.0316460
       6545.3685       1.0384152
       6545.3859       1.0456956
       6545.4033       1.0532951
       6545.4207       1.0611108
       6545.4381       1.0691483
       6545.4555       1.0775061
       6545.4729       1.0863274
       6545.4904       1.0957369
       6545.5078       1.1057819
       6545.5252       1.1163980
       6545.5426       1.1274056
       6545.5600       1.1385344
       6545.5774       1.1494622
       6545.5948       1.1598591
       6545.6122       1.1694266
       6545.6296       1.1779284
       6545.6470       1.1852068
       6545.6645       1.1911818
       6545.6819       1.1958347
       6545.6993       1.1991734
       6545.7167       1.2012046
       6545.7341       1.2019170
       6545.7515       1.2012843
       6545.7689       1.1992824
       6545.7863       1.1959120
       6545.8037       1.1912111
       6545.8211       1.1852504
       6545.8386       1.1781136
       6545.8560       1.1698704
       6545.8734       1.1605549
       6545.8908       1.1501588
       6545.9082       1.1386433
       6545.9256       1.1259659
       6545.9430       1.1121143
       6545.9604       1.0971387
       6545.9778       1.0811738
       6545.9952       1.0644463
       6546.0127       1.0472652
       6546.0301       1.0299970
       6546.0475       1.0130298
       6546.0649      0.99673161
       6546.0823      0.98141125
       6546.0997      0.96729351
       6546.1171      0.95451410
       6546.1345      0.94313534
       6546.1519      0.93317509
       6546.1693      0.92463641
       6546.1868      0.91752692
       6546.2042      0.91186245
       6546.2216      0.90765610
       6546.2390      0.90489950
       6546.2564      0.90354418
       6546.2738      0.90349023
       6546.2912      0.90458677
       6546.3086      0.90664810
       6546.3260      0.90946666
       6546.3434      0.91285141
       6546.3609      0.91665617
       6546.3783      0.92079932
       6546.3957      0.92527151
       6546.4131      0.93012447
       6546.4305      0.93543957
       6546.4479      0.94128279
       6546.4653      0.94765968
       6546.4827      0.95448708
       6546.5001      0.96159368
       6546.5175      0.96875010
       6546.5350      0.97571657
       6546.5524      0.98228904
       6546.5698      0.98832634
       6546.5872      0.99375198
       6546.6046      0.99853773
       6546.6220       1.0026854
       6546.6394       1.0062212
       6546.6568       1.0092062
       6546.6742       1.0117503
       6546.6916       1.0140105
       6546.7091       1.0161599
       6546.7265       1.0183313
       6546.7439       1.0205610
       6546.7613       1.0227607
       6546.7787       1.0247372
       6546.7961       1.0262559
       6546.8135       1.0271217
       6546.8309       1.0272469
       6546.8483       1.0266810
       6546.8657       1.0255968
       6546.8832       1.0242433
       6546.9006       1.0228851
       6546.9180       1.0217493
       6546.9354       1.0209920
       6546.9528       1.0206892
       6546.9702       1.0208437
       6546.9876       1.0213944
       6547.0050       1.0222359
       6547.0224       1.0232240
       6547.0398       1.0241840
       6547.0572       1.0249257
       6547.0747       1.0252694
       6547.0921       1.0250777
       6547.1095       1.0242858
       6547.1269       1.0229183
       6547.1443       1.0210880
       6547.1617       1.0189776
       6547.1791       1.0168113
       6547.1965       1.0148200
       6547.2139       1.0132067
       6547.2313       1.0121128
       6547.2488       1.0115937
       6547.2662       1.0116097
       6547.2836       1.0120416
       6547.3010       1.0127298
       6547.3184       1.0135279
       6547.3358       1.0143510
       6547.3532       1.0152003
       6547.3706       1.0161514
       6547.3880       1.0173114
       6547.4054       1.0187650
       6547.4229       1.0205343
       6547.4403       1.0225703
       6547.4577       1.0247754
       6547.4751       1.0270383
       6547.4925       1.0292591
       6547.5099       1.0313532
       6547.5273       1.0332438
       6547.5447       1.0348580
       6547.5621       1.0361413
       6547.5795       1.0370846
       6547.5970       1.0377451
       6547.6144       1.0382410
       6547.6318       1.0387205
       6547.6492       1.0393076
       6547.6666       1.0400658
       6547.6840       1.0409874
       6547.7014       1.0420132
       6547.7188       1.0430657
       6547.7362       1.0440778
       6547.7536       1.0450016
       6547.7711       1.0457968
       6547.7885       1.0464082
       6547.8059       1.0467497
       6547.8233       1.0467057
       6547.8407       1.0461517
       6547.8581       1.0449863
       6547.8755       1.0431592
       6547.8929       1.0406838
       6547.9103       1.0376301
       6547.9277       1.0341014
       6547.9452       1.0302084
       6547.9626       1.0260480
       6547.9800       1.0216964
       6547.9974       1.0172150
       6548.0148       1.0126660
       6548.0322       1.0081332
       6548.0496       1.0037408
       6548.0670      0.99966533
       6548.0844      0.99613000
       6548.1018      0.99337826
       6548.1193      0.99162590
       6548.1367      0.99100509
       6548.1541      0.99152121
       6548.1715      0.99304296
       6548.1889      0.99533345
       6548.2063      0.99811142
       6548.2237       1.0011178
       6548.2411       1.0041625
       6548.2585       1.0071389
       6548.2759       1.0100100
       6548.2934       1.0127829
       6548.3108       1.0154803
       6548.3282       1.0181246
       6548.3456       1.0207278
       6548.3630       1.0232853
       6548.3804       1.0257701
       6548.3978       1.0281306
       6548.4152       1.0302960
       6548.4326       1.0321919
       6548.4500       1.0337634
       6548.4675       1.0349985
       6548.4849       1.0359393
       6548.5023       1.0366745
       6548.5197       1.0373120
       6548.5371       1.0379402
       6548.5545       1.0385955
       6548.5719       1.0392495
       6548.5893       1.0398227
       6548.6067       1.0402158
       6548.6241       1.0403464
       6548.6416       1.0401778
       6548.6590       1.0397344
       6548.6764       1.0391035
       6548.6938       1.0384246
       6548.7112       1.0378654
       6548.7286       1.0375860
       6548.7460       1.0377000
       6548.7634       1.0382447
       6548.7808       1.0391766
       6548.7982       1.0403916
       6548.8157       1.0417589
       6548.8331       1.0431472
       6548.8505       1.0444300
       6548.8679       1.0454753
       6548.8853       1.0461371
       6548.9027       1.0462708
       6548.9201       1.0457712
       6548.9375       1.0446346
       6548.9549       1.0429760
       6548.9723       1.0410123
       6548.9898       1.0390000
       6549.0072       1.0371569
       6549.0246       1.0356048
       6549.0420       1.0343619
       6549.0594       1.0333847
       6549.0768       1.0326351
       6549.0942       1.0321350
       6549.1116       1.0319786
       6549.1290       1.0322972
       6549.1464       1.0331950
       6549.1639       1.0346880
       6549.1813       1.0366738
       6549.1987       1.0389427
       6549.2161       1.0412218
       6549.2335       1.0432336
       6549.2509       1.0447503
       6549.2683       1.0456323
       6549.2857       1.0458463
       6549.3031       1.0454651
       6549.3205       1.0446502
       6549.3380       1.0436182
       6549.3554       1.0425944
       6549.3728       1.0417596
       6549.3902       1.0412045
       6549.4076       1.0409069
       6549.4250       1.0407449
       6549.4424       1.0405461
       6549.4598       1.0401590
       6549.4772       1.0395192
       6549.4946       1.0386822
       6549.5121       1.0378055
       6549.5295       1.0370844
       6549.5469       1.0366681
       6549.5643       1.0365929
       6549.5817       1.0367585
       6549.5991       1.0369664
       6549.6165       1.0370004
       6549.6339       1.0367084
       6549.6513       1.0360594
       6549.6687       1.0351548
       6549.6862       1.0341946
       6549.7036       1.0334158
       6549.7210       1.0330260
       6549.7384       1.0331521
       6549.7558       1.0338153
       6549.7732       1.0349336
       6549.7906       1.0363459
       6549.8080       1.0378494
       6549.8254       1.0392416
       6549.8428       1.0403599
       6549.8603       1.0411137
       6549.8777       1.0415022
       6549.8951       1.0416131
       6549.9125       1.0415997
       6549.9299       1.0416406
       6549.9473       1.0418897
       6549.9647       1.0424352
       6549.9821       1.0432793
       6549.9995       1.0443461
       6550.0169       1.0455117
       6550.0344       1.0466411
       6550.0518       1.0476175
       6550.0692       1.0483523
       6550.0866       1.0487788
       6550.1040       1.0488372
       6550.1214       1.0484632
       6550.1388       1.0475909
       6550.1562       1.0461717
       6550.1736       1.0442066
       6550.1910       1.0417794
       6550.2085       1.0390798
       6550.2259       1.0364021
       6550.2433       1.0341044
       6550.2607       1.0325326
       6550.2781       1.0319314
       6550.2955       1.0323636
       6550.3129       1.0336718
       6550.3303       1.0355035
       6550.3477       1.0373991
       6550.3651       1.0389152
       6550.3826       1.0397425
       6550.4000       1.0397763
       6550.4174       1.0391214
       6550.4348       1.0380330
       6550.4522       1.0368237
       6550.4696       1.0357691
       6550.4870       1.0350426
       6550.5044       1.0346954
       6550.5218       1.0346767
       6550.5392       1.0348822
       6550.5567       1.0352083
       6550.5741       1.0355946
       6550.5915       1.0360427
       6550.6089       1.0366082
       6550.6263       1.0373716
       6550.6437       1.0384015
       6550.6611       1.0397242
       6550.6785       1.0413117
       6550.6959       1.0430912
       6550.7133       1.0449684
       6550.7308       1.0468504
       6550.7482       1.0486553
       6550.7656       1.0503036
       6550.7830       1.0516991
       6550.8004       1.0527195
       6550.8178       1.0532287
       6550.8352       1.0531158
       6550.8526       1.0523433
       6550.8700       1.0509792
       6550.8874       1.0492014
       6550.9049       1.0472478
       6550.9223       1.0453457
       6550.9397       1.0436501
       6550.9571       1.0422163
       6550.9745       1.0410201
       6550.9919       1.0400157
       6551.0093       1.0391991
       6551.0267       1.0386437
       6551.0441       1.0384856
       6551.0615       1.0388654
       6551.0790       1.0398576
       6551.0964       1.0414228
       6551.1138       1.0434117
       6551.1312       1.0456177
       6551.1486       1.0478542
       6551.1660       1.0500165
       6551.1834       1.0520985
       6551.2008       1.0541557
       6551.2182       1.0562347
       6551.2356       1.0583084
       6551.2531       1.0602516
       6551.2705       1.0618716
       6551.2879       1.0629772
       6551.3053       1.0634499
       6551.3227       1.0632810
       6551.3401       1.0625587
       6551.3575       1.0614187
       6551.3749       1.0599873
       6551.3923       1.0583483
       6551.4097       1.0565461
       6551.4272       1.0546155
       6551.4446       1.0526164
       6551.4620       1.0506508
       6551.4794       1.0488538
       6551.4968       1.0473657
       6551.5142       1.0463026
       6551.5316       1.0457422
       6551.5490       1.0457171
       6551.5664       1.0462366
       6551.5838       1.0472944
       6551.6012       1.0488665
       6551.6187       1.0508987
       6551.6361       1.0532905
       6551.6535       1.0558923
       6551.6709       1.0585178
       6551.6883       1.0609711
       6551.7057       1.0630735
       6551.7231       1.0646811
       6551.7405       1.0656888
       6551.7579       1.0660273
       6551.7753       1.0656614
       6551.7928       1.0645933
       6551.8102       1.0628680
       6551.8276       1.0605749
       6551.8450       1.0578440
       6551.8624       1.0548360
       6551.8798       1.0517277
       6551.8972       1.0486910
       6551.9146       1.0458606
       6551.9320       1.0432958
       6551.9494       1.0409474
       6551.9669       1.0386483
       6551.9843       1.0361435
       6552.0017       1.0331583
       6552.0191       1.0294908
       6552.0365       1.0250988
       6552.0539       1.0201532
       6552.0713       1.0150366
       6552.0887       1.0102854
       6552.1061       1.0064855
       6552.1235       1.0041479
       6552.1410       1.0035970
       6552.1584       1.0049023
       6552.1758       1.0078761
       6552.1932       1.0121028
       6552.2106       1.0170545
       6552.2280       1.0221964
       6552.2454       1.0270776
       6552.2628       1.0313945
       6552.2802       1.0350169
       6552.2976       1.0379729
       6552.3151       1.0403993
       6552.3325       1.0424742
       6552.3499       1.0443527
       6552.3673       1.0461291
       6552.3847       1.0478326
       6552.4021       1.0494500
       6552.4195       1.0509574
       6552.4369       1.0523444
       6552.4543       1.0536247
       6552.4717       1.0548344
       6552.4892       1.0560234
       6552.5066       1.0572422
       6552.5240       1.0585237
       6552.5414       1.0598628
       6552.5588       1.0612003
       6552.5762       1.0624212
       6552.5936       1.0633728
       6552.6110       1.0638999
       6552.6284       1.0638854
       6552.6458       1.0632847
       6552.6633       1.0621433
       6552.6807       1.0605964
       6552.6981       1.0588527
       6552.7155       1.0571681
       6552.7329       1.0558111
       6552.7503       1.0550226
       6552.7677       1.0549728
       6552.7851       1.0557214
       6552.8025       1.0571916
       6552.8199       1.0591715
       6552.8374       1.0613496
       6552.8548       1.0633912
       6552.8722       1.0650409
       6552.8896       1.0662029
       6552.9070       1.0669823
       6552.9244       1.0676583
       6552.9418       1.0685936
       6552.9592       1.0701055
       6552.9766       1.0723462
       6552.9940       1.0752359
       6553.0115       1.0784775
       6553.0289       1.0816460
       6553.0463       1.0843205
       6553.0637       1.0862055
       6553.0811       1.0871993
       6553.0985       1.0873843
       6553.1159       1.0869492
       6553.1333       1.0860778
       6553.1507       1.0848484
       6553.1681       1.0831841
       6553.1856       1.0808757
       6553.2030       1.0776709
       6553.2204       1.0733988
       6553.2378       1.0680843
       6553.2552       1.0620051
       6553.2726       1.0556677
       6553.2900       1.0497094
       6553.3074       1.0447598
       6553.3248       1.0413119
       6553.3422       1.0396405
       6553.3597       1.0397822
       6553.3771       1.0415684
       6553.3945       1.0446845
       6553.4119       1.0487320
       6553.4293       1.0532794
       6553.4467       1.0579014
       6553.4641       1.0622126
       6553.4815       1.0658935
       6553.4989       1.0687305
       6553.5163       1.0706201
       6553.5338       1.0715605
       6553.5512       1.0716267
       6553.5686       1.0709407
       6553.5860       1.0696527
       6553.6034       1.0679386
       6553.6208       1.0660096
       6553.6382       1.0641177
       6553.6556       1.0625434
       6553.6730       1.0615631
       6553.6904       1.0614059
       6553.7079       1.0622136
       6553.7253       1.0640160
       6553.7427       1.0667260
       6553.7601       1.0701535
       6553.7775       1.0740341
       6553.7949       1.0780686
       6553.8123       1.0819683
       6553.8297       1.0854926
       6553.8471       1.0884680
       6553.8645       1.0907808
       6553.8820       1.0923514
       6553.8994       1.0931100
       6553.9168       1.0929922
       6553.9342       1.0919627
       6553.9516       1.0900533
       6553.9690       1.0873921
       6553.9864       1.0842016
       6554.0038       1.0807642
       6554.0212       1.0773666
       6554.0386       1.0742465
       6554.0561       1.0715558
       6554.0735       1.0693480
       6554.0909       1.0675846
       6554.1083       1.0661577
       6554.1257       1.0649238
       6554.1431       1.0637441
       6554.1605       1.0625292
       6554.1779       1.0612682
       6554.1953       1.0600351
       6554.2127       1.0589693
       6554.2302       1.0582374
       6554.2476       1.0579932
       6554.2650       1.0583525
       6554.2824       1.0593873
       6554.2998       1.0611340
       6554.3172       1.0636008
       6554.3346       1.0667628
       6554.3520       1.0705467
       6554.3694       1.0748154
       6554.3868       1.0793694
       6554.4043       1.0839705
       6554.4217       1.0883842
       6554.4391       1.0924199
       6554.4565       1.0959521
       6554.4739       1.0989135
       6554.4913       1.1012693
       6554.5087       1.1029981
       6554.5261       1.1040978
       6554.5435       1.1046193
       6554.5609       1.1047059
       6554.5784       1.1046022
       6554.5958       1.1046108
       6554.6132       1.1050050
       6554.6306       1.1059349
       6554.6480       1.1073744
       6554.6654       1.1091375
       6554.6828       1.1109550
       6554.7002       1.1125773
       6554.7176       1.1138602
       6554.7350       1.1148063
       6554.7525       1.1155597
       6554.7699       1.1163662
       6554.7873       1.1175223
       6554.8047       1.1193009
       6554.8221       1.1218970
       6554.8395       1.1253822
       6554.8569       1.1296813
       6554.8743       1.1345806
       6554.8917       1.1397642
       6554.9091       1.1448678
       6554.9266       1.1495349
       6554.9440       1.1534624
       6554.9614       1.1564337
       6554.9788       1.1583393
       6554.9962       1.1591861
       6555.0136       1.1590912
       6555.0310       1.1582526
       6555.0484       1.1568931
       6555.0658       1.1551882
       6555.0832       1.1532014
       6555.1007       1.1508546
       6555.1181       1.1479517
       6555.1355       1.1442527
       6555.1529       1.1395721
       6555.1703       1.1338658
       6555.1877       1.1272747
       6555.2051       1.1201094
       6555.2225       1.1127835
       6555.2399       1.1057193
       6555.2573       1.0992587
       6555.2748       1.0936026
       6555.2922       1.0887941
       6555.3096       1.0847403
       6555.3270       1.0812609
       6555.3444       1.0781447
       6555.3618       1.0752029
       6555.3792       1.0723090
       6555.3966       1.0694218
       6555.4140       1.0665918
       6555.4314       1.0639511
       6555.4489       1.0616884
       6555.4663       1.0600081
       6555.4837       1.0590876
       6555.5011       1.0590314
       6555.5185       1.0598319
       6555.5359       1.0613521
       6555.5533       1.0633371
       6555.5707       1.0654611
       6555.5881       1.0674001
       6555.6055       1.0689118
       6555.6230       1.0698952
       6555.6404       1.0704096
       6555.6578       1.0706439
       6555.6752       1.0708498
       6555.6926       1.0712647
       6555.7100       1.0720510
       6555.7274       1.0732712
       6555.7448       1.0748951
       6555.7622       1.0768283
       6555.7796       1.0789437
       6555.7971       1.0811052
       6555.8145       1.0831818
       6555.8319       1.0850584
       6555.8493       1.0866459
       6555.8667       1.0878946
       6555.8841       1.0888039
       6555.9015       1.0894242
       6555.9189       1.0898445
       6555.9363       1.0901721
       6555.9537       1.0905126
       6555.9712       1.0909618
       6555.9886       1.0916115
       6556.0060       1.0925593
       6556.0234       1.0939075
       6556.0408       1.0957397
       6556.0582       1.0980819
       6556.0756       1.1008683
       6556.0930       1.1039334
       6556.1104       1.1070373
       6556.1278       1.1099268
       6556.1452       1.1123860
       6556.1627       1.1142662
       6556.1801       1.1154851
       6556.1975       1.1160089
       6556.2149       1.1158374
       6556.2323       1.1150088
       6556.2497       1.1136210
       6556.2671       1.1118522
       6556.2845       1.1099572
       6556.3019       1.1082305
       6556.3193       1.1069456
       6556.3368       1.1062962
       6556.3542       1.1063596
       6556.3716       1.1070934
       6556.3890       1.1083550
       6556.4064       1.1099299
       6556.4238       1.1115575
       6556.4412       1.1129565
       6556.4586       1.1138516
       6556.4760       1.1140084
       6556.4934       1.1132685
       6556.5109       1.1115750
       6556.5283       1.1089806
       6556.5457       1.1056368
       6556.5631       1.1017722
       6556.5805       1.0976691
       6556.5979       1.0936423
       6556.6153       1.0900151
       6556.6327       1.0870870
       6556.6501       1.0850909
       6556.6675       1.0841491
       6556.6850       1.0842487
       6556.7024       1.0852518
       6556.7198       1.0869447
       6556.7372       1.0891089
       6556.7546       1.0915778
       6556.7720       1.0942624
       6556.7894       1.0971255
       6556.8068       1.1001274
       6556.8242       1.1031807
       6556.8416       1.1061407
       6556.8591       1.1088393
       6556.8765       1.1111458
       6556.8939       1.1130229
       6556.9113       1.1145489
       6556.9287       1.1158930
       6556.9461       1.1172515
       6556.9635       1.1187678
       6556.9809       1.1204720
       6556.9983       1.1222634
       6557.0157       1.1239448
       6557.0332       1.1252934
       6557.0506       1.1261374
       6557.0680       1.1264067
       6557.0854       1.1261416
       6557.1028       1.1254636
       6557.1202       1.1245277
       6557.1376       1.1234797
       6557.1550       1.1224341
       6557.1724       1.1214765
       6557.1898       1.1206792
       6557.2073       1.1201165
       6557.2247       1.1198638
       6557.2421       1.1199769
       6557.2595       1.1204619
       6557.2769       1.1212502
       6557.2943       1.1221969
       6557.3117       1.1231071
       6557.3291       1.1237839
       6557.3465       1.1240824
       6557.3639       1.1239528
       6557.3814       1.1234580
       6557.3988       1.1227606
       6557.4162       1.1220765
       6557.4336       1.1216048
       6557.4510       1.1214679
       6557.4684       1.1216746
       6557.4858       1.1221240
       6557.5032       1.1226443
       6557.5206       1.1230491
       6557.5380       1.1231887
       6557.5555       1.1229790
       6557.5729       1.1224058
       6557.5903       1.1215126
       6557.6077       1.1203790
       6557.6251       1.1191007
       6557.6425       1.1177749
       6557.6599       1.1164919
       6557.6773       1.1153378
       6557.6947       1.1144031
       6557.7121       1.1137939
       6557.7296       1.1136363
       6557.7470       1.1140637
       6557.7644       1.1151874
       6557.7818       1.1170555
       6557.7992       1.1196172
       6557.8166       1.1227098
       6557.8340       1.1260793
       6557.8514       1.1294302
       6557.8688       1.1324901
       6557.8862       1.1350661
       6557.9037       1.1370791
       6557.9211       1.1385679
       6557.9385       1.1396662
       6557.9559       1.1405623
       6557.9733       1.1414475
       6557.9907       1.1424635
       6558.0081       1.1436596
       6558.0255       1.1449716
       6558.0429       1.1462324
       6558.0603       1.1472197
       6558.0778       1.1477314
       6558.0952       1.1476574
       6558.1126       1.1470306
       6558.1300       1.1460339
       6558.1474       1.1449594
       6558.1648       1.1441319
       6558.1822       1.1438212
       6558.1996       1.1441713
       6558.2170       1.1451656
       6558.2344       1.1466362
       6558.2519       1.1483120
       6558.2693       1.1498909
       6558.2867       1.1511166
       6558.3041       1.1518381
       6558.3215       1.1520341
       6558.3389       1.1517932
       6558.3563       1.1512599
       6558.3737       1.1505649
       6558.3911       1.1497716
       6558.4085       1.1488611
       6558.4260       1.1477616
       6558.4434       1.1464110
       6558.4608       1.1448247
       6558.4782       1.1431419
       6558.4956       1.1416283
       6558.5130       1.1406320
       6558.5304       1.1404985
       6558.5478       1.1414681
       6558.5652       1.1435861
       6558.5826       1.1466581
       6558.6001       1.1502724
       6558.6175       1.1538937
       6558.6349       1.1569996
       6558.6523       1.1592185
       6558.6697       1.1604211
       6558.6871       1.1607375
       6558.7045       1.1605092
       6558.7219       1.1601892
       6558.7393       1.1602237
       6558.7567       1.1609735
       6558.7742       1.1626695
       6558.7916       1.1654024
       6558.8090       1.1691352
       6558.8264       1.1737238
       6558.8438       1.1789384
       6558.8612       1.1844874
       6558.8786       1.1900461
       6558.8960       1.1952922
       6558.9134       1.1999426
       6558.9308       1.2037841
       6558.9483       1.2066918
       6558.9657       1.2086356
       6558.9831       1.2096745
       6559.0005       1.2099402
       6559.0179       1.2096089
       6559.0353       1.2088613
       6559.0527       1.2078399
       6559.0701       1.2066157
       6559.0875       1.2051804
       6559.1049       1.2034658
       6559.1224       1.2013826
       6559.1398       1.1988615
       6559.1572       1.1958813
       6559.1746       1.1924807
       6559.1920       1.1887574
       6559.2094       1.1848630
       6559.2268       1.1809931
       6559.2442       1.1773676
       6559.2616       1.1741972
       6559.2790       1.1716369
       6559.2965       1.1697429
       6559.3139       1.1684496
       6559.3313       1.1675824
       6559.3487       1.1669019
       6559.3661       1.1661684
       6559.3835       1.1651984
       6559.4009       1.1638875
       6559.4183       1.1622039
       6559.4357       1.1601645
       6559.4531       1.1578116
       6559.4706       1.1552026
       6559.4880       1.1524143
       6559.5054       1.1495512
       6559.5228       1.1467456
       6559.5402       1.1441477
       6559.5576       1.1419074
       6559.5750       1.1401609
       6559.5924       1.1390272
       6559.6098       1.1386129
       6559.6272       1.1390149
       6559.6447       1.1403093
       6559.6621       1.1425241
       6559.6795       1.1456031
       6559.6969       1.1493831
       6559.7143       1.1536011
       6559.7317       1.1579424
       6559.7491       1.1621176
       6559.7665       1.1659450
       6559.7839       1.1694056
       6559.8013       1.1726501
       6559.8188       1.1759503
       6559.8362       1.1796079
       6559.8536       1.1838500
       6559.8710       1.1887432
       6559.8884       1.1941577
       6559.9058       1.1997952
       6559.9232       1.2052748
       6559.9406       1.2102451
       6559.9580       1.2144824
       6559.9754       1.2179362
       6559.9929       1.2207094
       6560.0103       1.2229927
       6560.0277       1.2249798
       6560.0451       1.2268040
       6560.0625       1.2285197
       6560.0799       1.2301177
       6560.0973       1.2315561
       6560.1147       1.2327946
       6560.1321       1.2338226
       6560.1495       1.2346799
       6560.1670       1.2354652
       6560.1844       1.2363272
       6560.2018       1.2374319
       6560.2192       1.2389108
       6560.2366       1.2408089
       6560.2540       1.2430546
       6560.2714       1.2454696
       6560.2888       1.2478176
       6560.3062       1.2498737
       6560.3236       1.2514886
       6560.3411       1.2526244
       6560.3585       1.2533575
       6560.3759       1.2538522
       6560.3933       1.2543189
       6560.4107       1.2549662
       6560.4281       1.2559563
       6560.4455       1.2573680
       6560.4629       1.2591752
       6560.4803       1.2612480
       6560.4977       1.2633827
       6560.5152       1.2653588
       6560.5326       1.2670163
       6560.5500       1.2683296
       6560.5674       1.2694511
       6560.5848       1.2706971
       6560.6022       1.2724665
       6560.6196       1.2751084
       6560.6370       1.2787857
       6560.6544       1.2833951
       6560.6718       1.2885631
       6560.6892       1.2937858
       6560.7067       1.2985953
       6560.7241       1.3027130
       6560.7415       1.3061242
       6560.7589       1.3090456
       6560.7763       1.3118135
       6560.7937       1.3147480
       6560.8111       1.3180500
       6560.8285       1.3217618
       6560.8459       1.3257908
       6560.8633       1.3299691
       6560.8808       1.3341224
       6560.8982       1.3381251
       6560.9156       1.3419332
       6560.9330       1.3455986
       6560.9504       1.3492662
       6560.9678       1.3531597
       6560.9852       1.3575540
       6561.0026       1.3627300
       6561.0200       1.3689152
       6561.0374       1.3762207
       6561.0549       1.3845970
       6561.0723       1.3938346
       6561.0897       1.4036210
       6561.1071       1.4136402
       6561.1245       1.4236760
       6561.1419       1.4336723
       6561.1593       1.4437219
       6561.1767       1.4539916
       6561.1941       1.4646280
       6561.2115       1.4756923
       6561.2290       1.4871560
       6561.2464       1.4989516
       6561.2638       1.5110403
       6561.2812       1.5234574
       6561.2986       1.5363138
       6561.3160       1.5497589
       6561.3334       1.5639304
       6561.3508       1.5789242
       6561.3682       1.5947849
       6561.3856       1.6115125
       6561.4031       1.6290719
       6561.4205       1.6473987
       6561.4379       1.6664040
       6561.4553       1.6859866
       6561.4727       1.7060527
       6561.4901       1.7265355
       6561.5075       1.7474001
       6561.5249       1.7686245
       6561.5423       1.7901645
       6561.5597       1.8119181
       6561.5772       1.8337157
       6561.5946       1.8553475
       6561.6120       1.8766254
       6561.6294       1.8974548
       6561.6468       1.9178868
       6561.6642       1.9381252
       6561.6816       1.9584842
       6561.6990       1.9793073
       6561.7164       2.0008760
       6561.7338       2.0233338
       6561.7513       2.0466422
       6561.7687       2.0705763
       6561.7861       2.0947534
       6561.8035       2.1186869
       6561.8209       2.1418526
       6561.8383       2.1637583
       6561.8557       2.1840043
       6561.8731       2.2023272
       6561.8905       2.2186215
       6561.9079       2.2329373
       6561.9254       2.2454599
       6561.9428       2.2564750
       6561.9602       2.2663266
       6561.9776       2.2753818
       6561.9950       2.2839706
       6562.0124       2.2923548
       6562.0298       2.3007023
       6562.0472       2.3090805
       6562.0646       2.3174717
       6562.0820       2.3258033
       6562.0995       2.3339858
       6562.1169       2.3419472
       6562.1343       2.3496577
       6562.1517       2.3571444
       6562.1691       2.3644952
       6562.1865       2.3718539
       6562.2039       2.3794065
       6562.2213       2.3873617
       6562.2387       2.3959309
       6562.2561       2.4053096
       6562.2736       2.4156583
       6562.2910       2.4270761
       6562.3084       2.4395635
       6562.3258       2.4529841
       6562.3432       2.4670456
       6562.3606       2.4813203
       6562.3780       2.4953135
       6562.3954       2.5085633
       6562.4128       2.5207415
       6562.4302       2.5317206
       6562.4477       2.5415910
       6562.4651       2.5506308
       6562.4825       2.5592461
       6562.4999       2.5679002
       6562.5173       2.5770425
       6562.5347       2.5870371
       6562.5521       2.5980943
       6562.5695       2.6102163
       6562.5869       2.6231785
       6562.6043       2.6365662
       6562.6218       2.6498557
       6562.6392       2.6625449
       6562.6566       2.6742490
       6562.6740       2.6847389
       6562.6914       2.6939108
       6562.7088       2.7017057
       6562.7262       2.7080254
       6562.7436       2.7126848
       6562.7610       2.7154280
       6562.7784       2.7159958
       6562.7959       2.7142122
       6562.8133       2.7100470
       6562.8307       2.7036231
       6562.8481       2.6951684
       6562.8655       2.6849353
       6562.8829       2.6731278
       6562.9003       2.6598663
       6562.9177       2.6451963
       6562.9351       2.6291246
       6562.9525       2.6116536
       6562.9700       2.5927983
       6562.9874       2.5725854
       6563.0048       2.5510516
       6563.0222       2.5282544
       6563.0396       2.5042938
       6563.0570       2.4793329
       6563.0744       2.4536002
       6563.0918       2.4273745
       6563.1092       2.4009585
       6563.1266       2.3746550
       6563.1441       2.3487479
       6563.1615       2.3234831
       6563.1789       2.2990429
       6563.1963       2.2755213
       6563.2137       2.2529087
       6563.2311       2.2311004
       6563.2485       2.2099317
       6563.2659       2.1892279
       6563.2833       2.1688638
       6563.3007       2.1488139
       6563.3182       2.1291800
       6563.3356       2.1101906
       6563.3530       2.0921629
       6563.3704       2.0754331
       6563.3878       2.0602677
       6563.4052       2.0467856
       6563.4226       2.0349173
       6563.4400       2.0244155
       6563.4574       2.0149143
       6563.4748       2.0060165
       6563.4923       1.9973822
       6563.5097       1.9887902
       6563.5271       1.9801613
       6563.5445       1.9715395
       6563.5619       1.9630465
       6563.5793       1.9548288
       6563.5967       1.9470134
       6563.6141       1.9396835
       6563.6315       1.9328727
       6563.6489       1.9265713
       6563.6664       1.9207347
       6563.6838       1.9152892
       6563.7012       1.9101307
       6563.7186       1.9051157
       6563.7360       1.9000524
       6563.7534       1.8946989
       6563.7708       1.8887822
       6563.7882       1.8820428
       6563.8056       1.8742940
       6563.8230       1.8654745
       6563.8405       1.8556615
       6563.8579       1.8450287
       6563.8753       1.8337575
       6563.8927       1.8219378
       6563.9101       1.8095019
       6563.9275       1.7962441
       6563.9449       1.7819041
       6563.9623       1.7662925
       6563.9797       1.7494028
       6563.9971       1.7314614
       6564.0146       1.7128979
       6564.0320       1.6942521
       6564.0494       1.6760536
       6564.0668       1.6587163
       6564.0842       1.6424727
       6564.1016       1.6273562
       6564.1190       1.6132223
       6564.1364       1.5997975
       6564.1538       1.5867439
       6564.1712       1.5737352
       6564.1887       1.5605323
       6564.2061       1.5470409
       6564.2235       1.5333268
       6564.2409       1.5195724
       6564.2583       1.5059833
       6564.2757       1.4926816
       6564.2931       1.4796373
       6564.3105       1.4666769
       6564.3279       1.4535703
       6564.3453       1.4401543
       6564.3628       1.4264317
       6564.3802       1.4125974
       6564.3976       1.3989782
       6564.4150       1.3859206
       6564.4324       1.3736782
       6564.4498       1.3623494
       6564.4672       1.3518829
       6564.4846       1.3421365
       6564.5020       1.3329536
       6564.5194       1.3242205
       6564.5369       1.3158886
       6564.5543       1.3079632
       6564.5717       1.3004775
       6564.5891       1.2934632
       6564.6065       1.2869401
       6564.6239       1.2809090
       6564.6413       1.2753543
       6564.6587       1.2702512
       6564.6761       1.2655725
       6564.6935       1.2612890
       6564.7110       1.2573598
       6564.7284       1.2537169
       6564.7458       1.2502585
       6564.7632       1.2468648
       6564.7806       1.2434376
       6564.7980       1.2399474
       6564.8154       1.2364604
       6564.8328       1.2331251
       6564.8502       1.2301178
       6564.8676       1.2275736
       6564.8851       1.2255324
       6564.9025       1.2239279
       6564.9199       1.2226185
       6564.9373       1.2214443
       6564.9547       1.2202818
       6564.9721       1.2190740
       6564.9895       1.2178274
       6565.0069       1.2165816
       6565.0243       1.2153696
       6565.0417       1.2141856
       6565.0592       1.2129758
       6565.0766       1.2116530
       6565.0940       1.2101305
       6565.1114       1.2083595
       6565.1288       1.2063595
       6565.1462       1.2042295
       6565.1636       1.2021326
       6565.1810       1.2002548
       6565.1984       1.1987437
       6565.2158       1.1976480
       6565.2332       1.1968711
       6565.2507       1.1961893
       6565.2681       1.1953108
       6565.2855       1.1939661
       6565.3029       1.1919924
       6565.3203       1.1893761
       6565.3377       1.1862407
       6565.3551       1.1827890
       6565.3725       1.1792324
       6565.3899       1.1757381
       6565.4073       1.1724141
       6565.4248       1.1693291
       6565.4422       1.1665483
       6565.4596       1.1641619
       6565.4770       1.1622884
       6565.4944       1.1610517
       6565.5118       1.1605426
       6565.5292       1.1607837
       6565.5466       1.1617123
       6565.5640       1.1631881
       6565.5814       1.1650205
       6565.5989       1.1670040
       6565.6163       1.1689471
       6565.6337       1.1706879
       6565.6511       1.1720918
       6565.6685       1.1730410
       6565.6859       1.1734263
       6565.7033       1.1731526
       6565.7207       1.1721629
       6565.7381       1.1704709
       6565.7555       1.1681865
       6565.7730       1.1655166
       6565.7904       1.1627315
       6565.8078       1.1601069
       6565.8252       1.1578612
       6565.8426       1.1561110
       6565.8600       1.1548606
       6565.8774       1.1540181
       6565.8948       1.1534351
       6565.9122       1.1529537
       6565.9296       1.1524399
       6565.9471       1.1518095
       6565.9645       1.1510429
       6565.9819       1.1501902
       6565.9993       1.1493585
       6566.0167       1.1486818
       6566.0341       1.1482761
       6566.0515       1.1481932
       6566.0689       1.1483930
       6566.0863       1.1487472
       6566.1037       1.1490748
       6566.1212       1.1491965
       6566.1386       1.1489846
       6566.1560       1.1483928
       6566.1734       1.1474581
       6566.1908       1.1462799
       6566.2082       1.1449863
       6566.2256       1.1437011
       6566.2430       1.1425196
       6566.2604       1.1414981
       6566.2778       1.1406585
       6566.2953       1.1400026
       6566.3127       1.1395288
       6566.3301       1.1392418
       6566.3475       1.1391502
       6566.3649       1.1392519
       6566.3823       1.1395119
       6566.3997       1.1398449
       6566.4171       1.1401134
       6566.4345       1.1401480
       6566.4519       1.1397877
       6566.4694       1.1389323
       6566.4868       1.1375879
       6566.5042       1.1358925
       6566.5216       1.1341079
       6566.5390       1.1325705
       6566.5564       1.1316074
       6566.5738       1.1314535
       6566.5912       1.1321866
       6566.6086       1.1337081
       6566.6260       1.1357745
       6566.6435       1.1380683
       6566.6609       1.1402803
       6566.6783       1.1421745
       6566.6957       1.1436149
       6566.7131       1.1445526
       6566.7305       1.1449851
       6566.7479       1.1449156
       6566.7653       1.1443338
       6566.7827       1.1432311
       6566.8001       1.1416411
       6566.8176       1.1396825
       6566.8350       1.1375795
       6566.8524       1.1356397
       6566.8698       1.1341935
       6566.8872       1.1335095
       6566.9046       1.1337144
       6566.9220       1.1347439
       6566.9394       1.1363410
       6566.9568       1.1381080
       6566.9742       1.1396001
       6566.9917       1.1404363
       6567.0091       1.1403984
       6567.0265       1.1394879
       6567.0439       1.1379244
       6567.0613       1.1360837
       6567.0787       1.1343924
       6567.0961       1.1332117
       6567.1135       1.1327471
       6567.1309       1.1330113
       6567.1483       1.1338502
       6567.1658       1.1350133
       6567.1832       1.1362334
       6567.2006       1.1372938
       6567.2180       1.1380526
       6567.2354       1.1384383
       6567.2528       1.1384382
       6567.2702       1.1380937
       6567.2876       1.1375015
       6567.3050       1.1368083
       6567.3224       1.1361856
       6567.3399       1.1357849
       6567.3573       1.1356876
       6567.3747       1.1358692
       6567.3921       1.1361964
       6567.4095       1.1364577
       6567.4269       1.1364225
       6567.4443       1.1359110
       6567.4617       1.1348575
       6567.4791       1.1333494
       6567.4965       1.1316262
       6567.5140       1.1300315
       6567.5314       1.1289263
       6567.5488       1.1285866
       6567.5662       1.1291187
       6567.5836       1.1304232
       6567.6010       1.1322208
       6567.6184       1.1341294
       6567.6358       1.1357615
       6567.6532       1.1368080
       6567.6706       1.1370829
       6567.6881       1.1365270
       6567.7055       1.1351839
       6567.7229       1.1331658
       6567.7403       1.1306271
       6567.7577       1.1277488
       6567.7751       1.1247335
       6567.7925       1.1218055
       6567.8099       1.1192124
       6567.8273       1.1172217
       6567.8447       1.1160861
       6567.8622       1.1160081
       6567.8796       1.1170790
       6567.8970       1.1192239
       6567.9144       1.1221810
       6567.9318       1.1255351
       6567.9492       1.1288097
       6567.9666       1.1315890
       6567.9840       1.1336252
       6568.0014       1.1348855
       6568.0188       1.1355203
       6568.0363       1.1357689
       6568.0537       1.1358490
       6568.0711       1.1358782
       6568.0885       1.1358613
       6568.1059       1.1357390
       6568.1233       1.1354679
       6568.1407       1.1350913
       6568.1581       1.1347667
       6568.1755       1.1347390
       6568.1929       1.1352691
       6568.2104       1.1365423
       6568.2278       1.1385874
       6568.2452       1.1412363
       6568.2626       1.1441401
       6568.2800       1.1468436
       6568.2974       1.1488993
       6568.3148       1.1499885
       6568.3322       1.1500136
       6568.3496       1.1491354
       6568.3670       1.1477437
       6568.3845       1.1463718
       6568.4019       1.1455775
       6568.4193       1.1458206
       6568.4367       1.1473692
       6568.4541       1.1502569
       6568.4715       1.1543063
       6568.4889       1.1591943
       6568.5063       1.1645657
       6568.5237       1.1701248
       6568.5411       1.1756810
       6568.5586       1.1811428
       6568.5760       1.1864731
       6568.5934       1.1916380
       6568.6108       1.1965738
       6568.6282       1.2011843
       6568.6456       1.2053575
       6568.6630       1.2089845
       6568.6804       1.2119676
       6568.6978       1.2142178
       6568.7152       1.2156495
       6568.7327       1.2161820
       6568.7501       1.2157485
       6568.7675       1.2143081
       6568.7849       1.2118503
       6568.8023       1.2083890
       6568.8197       1.2039479
       6568.8371       1.1985477
       6568.8545       1.1922056
       6568.8719       1.1849495
       6568.8893       1.1768425
       6568.9068       1.1680044
       6568.9242       1.1586203
       6568.9416       1.1489331
       6568.9590       1.1392256
       6568.9764       1.1297997
       6568.9938       1.1209540
       6569.0112       1.1129558
       6569.0286       1.1060033
       6569.0460       1.1001818
       6569.0634       1.0954306
       6569.0809       1.0915402
       6569.0983       1.0881948
       6569.1157       1.0850535
       6569.1331       1.0818464
       6569.1505       1.0784608
       6569.1679       1.0749594
       6569.1853       1.0715427
       6569.2027       1.0684624
       6569.2201       1.0659196
       6569.2375       1.0639909
       6569.2550       1.0626089
       6569.2724       1.0616010
       6569.2898       1.0607666
       6569.3072       1.0599578
       6569.3246       1.0591351
       6569.3420       1.0583805
       6569.3594       1.0578692
       6569.3768       1.0578162
       6569.3942       1.0584191
       6569.4116       1.0598167
       6569.4291       1.0620731
       6569.4465       1.0651844
       6569.4639       1.0690956
       6569.4813       1.0737110
       6569.4987       1.0788910
       6569.5161       1.0844382
       6569.5335       1.0900841
       6569.5509       1.0954943
       6569.5683       1.1003005
       6569.5857       1.1041605
       6569.6032       1.1068295
       6569.6206       1.1082216
       6569.6380       1.1084383
       6569.6554       1.1077543
       6569.6728       1.1065603
       6569.6902       1.1052804
       6569.7076       1.1042819
       6569.7250       1.1038011
       6569.7424       1.1038985
       6569.7598       1.1044559
       6569.7772       1.1052175
       6569.7947       1.1058657
       6569.8121       1.1061208
       6569.8295       1.1058148
       6569.8469       1.1049259
       6569.8643       1.1035627
       6569.8817       1.1019115
       6569.8991       1.1001726
       6569.9165       1.0985158
       6569.9339       1.0970678
       6569.9513       1.0959265
       6569.9688       1.0951824
       6569.9862       1.0949228
       6570.0036       1.0952102
       6570.0210       1.0960435
       6570.0384       1.0973231
       6570.0558       1.0988488
       6570.0732       1.1003593
       6570.0906       1.1016062
       6570.1080       1.1024292
       6570.1254       1.1028008
       6570.1429       1.1028165
       6570.1603       1.1026397
       6570.1777       1.1024279
       6570.1951       1.1022775
       6570.2125       1.1022103
       6570.2299       1.1021970
       6570.2473       1.1021968
       6570.2647       1.1021857
       6570.2821       1.1021615
       6570.2995       1.1021274
       6570.3170       1.1020722
       6570.3344       1.1019574
       6570.3518       1.1017191
       6570.3692       1.1012799
       6570.3866       1.1005655
       6570.4040       1.0995218
       6570.4214       1.0981295
       6570.4388       1.0964169
       6570.4562       1.0944630
       6570.4736       1.0923838
       6570.4911       1.0903134
       6570.5085       1.0883820
       6570.5259       1.0866970
       6570.5433       1.0853342
       6570.5607       1.0843362
       6570.5781       1.0837159
       6570.5955       1.0834613
       6570.6129       1.0835406
       6570.6303       1.0839059
       6570.6477       1.0844938
       6570.6652       1.0852223
       6570.6826       1.0859855
       6570.7000       1.0866537
       6570.7174       1.0870886
       6570.7348       1.0871756
       6570.7522       1.0868655
       6570.7696       1.0862043
       6570.7870       1.0853319
       6570.8044       1.0844421
       6570.8218       1.0837167
       6570.8393       1.0832603
       6570.8567       1.0830622
       6570.8741       1.0830009
       6570.8915       1.0828881
       6570.9089       1.0825307
       6570.9263       1.0817912
       6570.9437       1.0806248
       6570.9611       1.0790896
       6570.9785       1.0773317
       6570.9959       1.0755571
       6571.0134       1.0739947
       6571.0308       1.0728592
       6571.0482       1.0723126
       6571.0656       1.0724305
       6571.0830       1.0731832
       6571.1004       1.0744225
       6571.1178       1.0759195
       6571.1352       1.0774104
       6571.1526       1.0786562
       6571.1700       1.0794977
       6571.1875       1.0798881
       6571.2049       1.0798935
       6571.2223       1.0796605
       6571.2397       1.0793634
       6571.2571       1.0791500
       6571.2745       1.0791043
       6571.2919       1.0792365
       6571.3093       1.0794965
       6571.3267       1.0797996
       6571.3441       1.0800516
       6571.3616       1.0801654
       6571.3790       1.0800672
       6571.3964       1.0796971
       6571.4138       1.0790039
       6571.4312       1.0779365
       6571.4486       1.0764379
       6571.4660       1.0744471
       6571.4834       1.0719204
       6571.5008       1.0688669
       6571.5182       1.0653885
       6571.5357       1.0616998
       6571.5531       1.0581145
       6571.5705       1.0549980
       6571.5879       1.0527018
       6571.6053       1.0515018
       6571.6227       1.0515561
       6571.6401       1.0528840
       6571.6575       1.0553618
       6571.6749       1.0587320
       6571.6923       1.0626300
       6571.7098       1.0666347
       6571.7272       1.0703391
       6571.7446       1.0734318
       6571.7620       1.0757585
       6571.7794       1.0773213
       6571.7968       1.0782311
       6571.8142       1.0786283
       6571.8316       1.0786164
       6571.8490       1.0782443
       6571.8664       1.0775494
       6571.8839       1.0766335
       6571.9013       1.0757207
       6571.9187       1.0751534
       6571.9361       1.0753118
       6571.9535       1.0764832
       6571.9709       1.0787376
       6571.9883       1.0818607
       6572.0057       1.0853803
       6572.0231       1.0886807
       6572.0405       1.0911708
       6572.0580       1.0924520
       6572.0754       1.0924289
       6572.0928       1.0913256
       6572.1102       1.0896020
       6572.1276       1.0878043
       6572.1450       1.0864050
       6572.1624       1.0856901
       6572.1798       1.0857245
       6572.1972       1.0863895
       6572.2146       1.0874639
       6572.2321       1.0887083
       6572.2495       1.0899277
       6572.2669       1.0910046
       6572.2843       1.0919006
       6572.3017       1.0926364
       6572.3191       1.0932528
       6572.3365       1.0937672
       6572.3539       1.0941386
       6572.3713       1.0942584
       6572.3887       1.0939689
       6572.4062       1.0931141
       6572.4236       1.0915846
       6572.4410       1.0893474
       6572.4584       1.0864492
       6572.4758       1.0829978
       6572.4932       1.0791375
       6572.5106       1.0750333
       6572.5280       1.0708671
       6572.5454       1.0668383
       6572.5628       1.0631560
       6572.5803       1.0600179
       6572.5977       1.0575801
       6572.6151       1.0559287
       6572.6325       1.0550645
       6572.6499       1.0549009
       6572.6673       1.0552728
       6572.6847       1.0559521
       6572.7021       1.0566714
       6572.7195       1.0571610
       6572.7369       1.0571959
       6572.7544       1.0566448
       6572.7718       1.0555030
       6572.7892       1.0538946
       6572.8066       1.0520424
       6572.8240       1.0502172
       6572.8414       1.0486838
       6572.8588       1.0476569
       6572.8762       1.0472714
       6572.8936       1.0475650
       6572.9110       1.0484718
       6572.9285       1.0498307
       6572.9459       1.0514137
       6572.9633       1.0529732
       6572.9807       1.0542985
       6572.9981       1.0552631
       6573.0155       1.0558463
       6573.0329       1.0561196
       6573.0503       1.0562078
       6573.0677       1.0562319
       6573.0851       1.0562682
       6573.1026       1.0563376
       6573.1200       1.0564270
       6573.1374       1.0565275
       6573.1548       1.0566692
       6573.1722       1.0569311
       6573.1896       1.0574199
       6573.2070       1.0582304
       6573.2244       1.0594040
       6573.2418       1.0609067
       6573.2592       1.0626316
       6573.2767       1.0644208
       6573.2941       1.0660967
       6573.3115       1.0674894
       6573.3289       1.0684580
       6573.3463       1.0689073
       6573.3637       1.0688019
       6573.3811       1.0681799
       6573.3985       1.0671608
       6573.4159       1.0659431
       6573.4333       1.0647843
       6573.4508       1.0639621
       6573.4682       1.0637229
       6573.4856       1.0642236
       6573.5030       1.0654826
       6573.5204       1.0673534
       6573.5378       1.0695347
       6573.5552       1.0716248
       6573.5726       1.0732121
       6573.5900       1.0739822
       6573.6074       1.0738060
       6573.6249       1.0727761
       6573.6423       1.0711744
       6573.6597       1.0693798
       6573.6771       1.0677489
       6573.6945       1.0665192
       6573.7119       1.0657557
       6573.7293       1.0653853
       6573.7467       1.0652688
       6573.7641       1.0652822
       6573.7815       1.0653726
       6573.7990       1.0655698
       6573.8164       1.0659567
       6573.8338       1.0666173
       6573.8512       1.0675823
       6573.8686       1.0687906
       6573.8860       1.0700802
       6573.9034       1.0712154
       6573.9208       1.0719473
       6573.9382       1.0720908
       6573.9556       1.0715912
       6573.9731       1.0705518
       6573.9905       1.0692052
       6574.0079       1.0678371
       6574.0253       1.0666880
       6574.0427       1.0658712
       6574.0601       1.0653375
       6574.0775       1.0648981
       6574.0949       1.0642944
       6574.1123       1.0632880
       6574.1297       1.0617395
       6574.1472       1.0596512
       6574.1646       1.0571642
       6574.1820       1.0545141
       6574.1994       1.0519605
       6574.2168       1.0497137
       6574.2342       1.0478823
       6574.2516       1.0464604
       6574.2690       1.0453598
       6574.2864       1.0444767
       6574.3038       1.0437687
       6574.3213       1.0433107
       6574.3387       1.0433145
       6574.3561       1.0440870
       6574.3735       1.0459526
       6574.3909       1.0491605
       6574.4083       1.0537954
       6574.4257       1.0597207
       6574.4431       1.0665750
       6574.4605       1.0738272
       6574.4779       1.0808803
       6574.4953       1.0871918
       6574.5128       1.0923732
       6574.5302       1.0962359
       6574.5476       1.0987749
       6574.5650       1.1001074
       6574.5824       1.1003999
       6574.5998       1.0998153
       6574.6172       1.0984908
       6574.6346       1.0965395
       6574.6520       1.0940550
       6574.6694       1.0911073
       6574.6869       1.0877325
       6574.7043       1.0839299
       6574.7217       1.0796790
       6574.7391       1.0749753
       6574.7565       1.0698700
       6574.7739       1.0644932
       6574.7913       1.0590491
       6574.8087       1.0537849
       6574.8261       1.0489441
       6574.8435       1.0447231
       6574.8610       1.0412410
       6574.8784       1.0385288
       6574.8958       1.0365379
       6574.9132       1.0351609
       6574.9306       1.0342572
       6574.9480       1.0336744
       6574.9654       1.0332595
       6574.9828       1.0328635
       6575.0002       1.0323438
       6575.0176       1.0315787
       6575.0351       1.0304868
       6575.0525       1.0290454
       6575.0699       1.0272980
       6575.0873       1.0253421
       6575.1047       1.0233074
       6575.1221       1.0213364
       6575.1395       1.0195800
       6575.1569       1.0182040
       6575.1743       1.0173904
       6575.1917       1.0173183
       6575.2092       1.0181218
       6575.2266       1.0198406
       6575.2440       1.0223866
       6575.2614       1.0255435
       6575.2788       1.0289989
       6575.2962       1.0323950
       6575.3136       1.0353818
       6575.3310       1.0376625
       6575.3484       1.0390317
       6575.3658       1.0394062
       6575.3833       1.0388452
       6575.4007       1.0375495
       6575.4181       1.0358296
       6575.4355       1.0340435
       6575.4529       1.0325185
       6575.4703       1.0314828
       6575.4877       1.0310271
       6575.5051       1.0311101
       6575.5225       1.0315988
       6575.5399       1.0323283
       6575.5574       1.0331572
       6575.5748       1.0340044
       6575.5922       1.0348565
       6575.6096       1.0357503
       6575.6270       1.0367385
       6575.6444       1.0378527
       6575.6618       1.0390746
       6575.6792       1.0403309
       6575.6966       1.0415083
       6575.7140       1.0424848
       6575.7315       1.0431640
       6575.7489       1.0434982
       6575.7663       1.0434944
       6575.7837       1.0432004
       6575.8011       1.0426829
       6575.8185       1.0420097
       6575.8359       1.0412437
       6575.8533       1.0404500
       6575.8707       1.0397049
       6575.8881       1.0390965
       6575.9056       1.0387108
       6575.9230       1.0386077
       6575.9404       1.0387989
       6575.9578       1.0392398
       6575.9752       1.0398417
       6575.9926       1.0404980
       6576.0100       1.0411114
       6576.0274       1.0416080
       6576.0448       1.0419342
       6576.0622       1.0420399
       6576.0797       1.0418659
       6576.0971       1.0413434
       6576.1145       1.0404134
       6576.1319       1.0390535
       6576.1493       1.0373017
       6576.1667       1.0352660
       6576.1841       1.0331162
       6576.2015       1.0310640
       6576.2189       1.0293340
       6576.2363       1.0281315
       6576.2538       1.0276093
       6576.2712       1.0278389
       6576.2886       1.0287951
       6576.3060       1.0303542
       6576.3234       1.0323194
       6576.3408       1.0344713
       6576.3582       1.0366107
       6576.3756       1.0385901
       6576.3930       1.0403184
       6576.4104       1.0417398
       6576.4279       1.0428024
       6576.4453       1.0434364
       6576.4627       1.0435595
       6576.4801       1.0431105
       6576.4975       1.0420986
       6576.5149       1.0406434
       6576.5323       1.0389859
       6576.5497       1.0374556
       6576.5671       1.0364017
       6576.5845       1.0361060
       6576.6020       1.0367059
       6576.6194       1.0381531
       6576.6368       1.0402208
       6576.6542       1.0425584
       6576.6716       1.0447760
       6576.6890       1.0465387
       6576.7064       1.0476458
       6576.7238       1.0480768
       6576.7412       1.0479896
       6576.7586       1.0476688
       6576.7761       1.0474346
       6576.7935       1.0475391
       6576.8109       1.0480803
       6576.8283       1.0489642
       6576.8457       1.0499237
       6576.8631       1.0505896
       6576.8805       1.0505878
       6576.8979       1.0496368
       6576.9153       1.0476182
       6576.9327       1.0446052
       6576.9502       1.0408414
       6576.9676       1.0366955
       6576.9850       1.0325662
       6577.0024       1.0288149
       6577.0198       1.0257149
       6577.0372       1.0234298
       6577.0546       1.0220124
       6577.0720       1.0214143
       6577.0894       1.0214953
       6577.1068       1.0220367
       6577.1243       1.0227656
       6577.1417       1.0233981
       6577.1591       1.0236948
       6577.1765       1.0235135
       6577.1939       1.0228374
       6577.2113       1.0217658
       6577.2287       1.0204710
       6577.2461       1.0191416
       6577.2635       1.0179370
       6577.2809       1.0169702
       6577.2984       1.0163174
       6577.3158       1.0160403
       6577.3332       1.0161976
       6577.3506       1.0168345
       6577.3680       1.0179553
       6577.3854       1.0194976
       6577.4028       1.0213317
       6577.4202       1.0232915
       6577.4376       1.0252254
       6577.4550       1.0270419
       6577.4725       1.0287249
       6577.4899       1.0303115
       6577.5073       1.0318443
       6577.5247       1.0333199
       6577.5421       1.0346580
       6577.5595       1.0357025
       6577.5769       1.0362552
       6577.5943       1.0361311
       6577.6117       1.0352286
       6577.6291       1.0335832
       6577.6466       1.0313787
       6577.6640       1.0289232
       6577.6814       1.0265812
       6577.6988       1.0246838
       6577.7162       1.0234480
       6577.7336       1.0229317
       6577.7510       1.0230421
       6577.7684       1.0235893
       6577.7858       1.0243658
       6577.8032       1.0252157
       6577.8207       1.0260715
       6577.8381       1.0269458
       6577.8555       1.0278908
       6577.8729       1.0289477
       6577.8903       1.0301115
       6577.9077       1.0313260
       6577.9251       1.0325051
       6577.9425       1.0335683
       6577.9599       1.0344696
       6577.9773       1.0352077
       6577.9948       1.0358152
       6578.0122       1.0363335
       6578.0296       1.0367855
       6578.0470       1.0371590
       6578.0644       1.0374081
       6578.0818       1.0374735
       6578.0992       1.0373132
       6578.1166       1.0369302
       6578.1340       1.0363836
       6578.1514       1.0357744
       6578.1689       1.0352112
       6578.1863       1.0347711
       6578.2037       1.0344731
       6578.2211       1.0342780
       6578.2385       1.0341107
       6578.2559       1.0338908
       6578.2733       1.0335551
       6578.2907       1.0330595
       6578.3081       1.0323663
       6578.3255       1.0314380
       6578.3430       1.0302505
       6578.3604       1.0288256
       6578.3778       1.0272637
       6578.3952       1.0257507
       6578.4126       1.0245254
       6578.4300       1.0238157
       6578.4474       1.0237708
       6578.4648       1.0244198
       6578.4822       1.0256709
       6578.4996       1.0273460
       6578.5171       1.0292301
       6578.5345       1.0311154
       6578.5519       1.0328296
       6578.5693       1.0342525
       6578.5867       1.0353261
       6578.6041       1.0360617
       6578.6215       1.0365394
       6578.6389       1.0368913
       6578.6563       1.0372655
       6578.6737       1.0377797
       6578.6912       1.0384805
       6578.7086       1.0393233
       6578.7260       1.0401813
       6578.7434       1.0408794
       6578.7608       1.0412411
       6578.7782       1.0411353
       6578.7956       1.0405073
       6578.8130       1.0393893
       6578.8304       1.0378874
       6578.8478       1.0361553
       6578.8653       1.0343646
       6578.8827       1.0326831
       6578.9001       1.0312641
       6578.9175       1.0302346
       6578.9349       1.0296806
       6578.9523       1.0296299
       6578.9697       1.0300337
       6578.9871       1.0307627
       6579.0045       1.0316254
       6579.0219       1.0324088
       6579.0393       1.0329299
       6579.0568       1.0330813
       6579.0742       1.0328542
       6579.0916       1.0323290
       6579.1090       1.0316387
       6579.1264       1.0309197
       6579.1438       1.0302754
       6579.1612       1.0297656
       6579.1786       1.0294263
       6579.1960       1.0292997
       6579.2134       1.0294555
       6579.2309       1.0299852
       6579.2483       1.0309729
       6579.2657       1.0324588
       6579.2831       1.0344145
       6579.3005       1.0367403
       6579.3179       1.0392802
       6579.3353       1.0418449
       6579.3527       1.0442345
       6579.3701       1.0462603
       6579.3875       1.0477674
       6579.4050       1.0486598
       6579.4224       1.0489174
       6579.4398       1.0485965
       6579.4572       1.0478088
       6579.4746       1.0466864
       6579.4920       1.0453463
       6579.5094       1.0438730
       6579.5268       1.0423206
       6579.5442       1.0407330
       6579.5616       1.0391653
       6579.5791       1.0376930
       6579.5965       1.0364036
       6579.6139       1.0353758
       6579.6313       1.0346556
       6579.6487       1.0342448
       6579.6661       1.0341071
       6579.6835       1.0341909
       6579.7009       1.0344559
       6579.7183       1.0348886
       6579.7357       1.0354994
       6579.7532       1.0362986
       6579.7706       1.0372640
       6579.7880       1.0383140
       6579.8054       1.0392997
       6579.8228       1.0400223
       6579.8402       1.0402740
       6579.8576       1.0398889
       6579.8750       1.0387885
       6579.8924       1.0370025
       6579.9098       1.0346588
       6579.9273       1.0319454
       6579.9447       1.0290616
       6579.9621       1.0261797
       6579.9795       1.0234292
       6579.9969       1.0209034
       6580.0143       1.0186755
       6580.0317       1.0168106
       6580.0491       1.0153662
       6580.0665       1.0143854
       6580.0839       1.0138894
       6580.1014       1.0138746
       6580.1188       1.0143106
       6580.1362       1.0151370
       6580.1536       1.0162543
       6580.1710       1.0175198
       6580.1884       1.0187539
       6580.2058       1.0197638
       6580.2232       1.0203884
       6580.2406       1.0205431
       6580.2580       1.0202502
       6580.2755       1.0196482
       6580.2929       1.0189683
       6580.3103       1.0184843
       6580.3277       1.0184453
       6580.3451       1.0190106
       6580.3625       1.0202085
       6580.3799       1.0219316
       6580.3973       1.0239748
       6580.4147       1.0260997
       6580.4321       1.0281044
       6580.4496       1.0298729
       6580.4670       1.0313892
       6580.4844       1.0327183
       6580.5018       1.0339686
       6580.5192       1.0352503
       6580.5366       1.0366449
       6580.5540       1.0381854
       6580.5714       1.0398506
       6580.5888       1.0415709
       6580.6062       1.0432491
       6580.6237       1.0447905
       6580.6411       1.0461338
       6580.6585       1.0472667
       6580.6759       1.0482188
       6580.6933       1.0490340
       6580.7107       1.0497385
       6580.7281       1.0503229
       6580.7455       1.0507454
       6580.7629       1.0509497
       6580.7803       1.0508827
       6580.7978       1.0505015
       6580.8152       1.0497724
       6580.8326       1.0486735
       6580.8500       1.0472113
       6580.8674       1.0454501
       6580.8848       1.0435322
       6580.9022       1.0416626
       6580.9196       1.0400602
       6580.9370       1.0388878
       6580.9544       1.0381920
       6580.9719       1.0378842
       6580.9893       1.0377711
       6581.0067       1.0376190
       6581.0241       1.0372208
       6581.0415       1.0364411
       6581.0589       1.0352288
       6581.0763       1.0336073
       6581.0937       1.0316597
       6581.1111       1.0295176
       6581.1285       1.0273514
       6581.1460       1.0253538
       6581.1634       1.0237107
       6581.1808       1.0225656
       6581.1982       1.0219926
       6581.2156       1.0219894
       6581.2330       1.0224920
       6581.2504       1.0233999
       6581.2678       1.0245991
       6581.2852       1.0259747
       6581.3026       1.0274152
       6581.3201       1.0288163
       6581.3375       1.0300874
       6581.3549       1.0311611
       6581.3723       1.0319976
       6581.3897       1.0325824
       6581.4071       1.0329209
       6581.4245       1.0330373
       6581.4419       1.0329801
       6581.4593       1.0328298
       6581.4767       1.0326972
       6581.4942       1.0327051
       6581.5116       1.0329572
       6581.5290       1.0335021
       6581.5464       1.0343199
       6581.5638       1.0353314
       6581.5812       1.0364226
       6581.5986       1.0374720
       6581.6160       1.0383701
       6581.6334       1.0390287
       6581.6508       1.0393890
       6581.6683       1.0394339
       6581.6857       1.0392007
       6581.7031       1.0387847
       6581.7205       1.0383211
       6581.7379       1.0379438
       6581.7553       1.0377361
       6581.7727       1.0376939
       6581.7901       1.0377198
       6581.8075       1.0376546
       6581.8249       1.0373341
       6581.8424       1.0366476
       6581.8598       1.0355748
       6581.8772       1.0341877
       6581.8946       1.0326184
       6581.9120       1.0310141
       6581.9294       1.0294956
       6581.9468       1.0281361
       6581.9642       1.0269585
       6581.9816       1.0259444
       6581.9990       1.0250456
       6582.0165       1.0241989
       6582.0339       1.0233467
       6582.0513       1.0224634
       6582.0687       1.0215783
       6582.0861       1.0207799
       6582.1035       1.0201924
       6582.1209       1.0199280
       6582.1383       1.0200361
       6582.1557       1.0204745
       6582.1731       1.0211157
       6582.1906       1.0217944
       6582.2080       1.0223692
       6582.2254       1.0227663
       6582.2428       1.0229921
       6582.2602       1.0231104
       6582.2776       1.0232015
       6582.2950       1.0233240
       6582.3124       1.0234987
       6582.3298       1.0237192
       6582.3472       1.0239798
       6582.3647       1.0243045
       6582.3821       1.0247584
       6582.3995       1.0254333
       6582.4169       1.0264122
       6582.4343       1.0277281
       6582.4517       1.0293385
       6582.4691       1.0311286
       6582.4865       1.0329441
       6582.5039       1.0346399
       6582.5213       1.0361190
       6582.5388       1.0373458
       6582.5562       1.0383287
       6582.5736       1.0390870
       6582.5910       1.0396244
       6582.6084       1.0399260
       6582.6258       1.0399768
       6582.6432       1.0397866
       6582.6606       1.0393998
       6582.6780       1.0388814
       6582.6954       1.0382852
       6582.7129       1.0376249
       6582.7303       1.0368658
       6582.7477       1.0359439
       6582.7651       1.0348033
       6582.7825       1.0334334
       6582.7999       1.0318913
       6582.8173       1.0303031
       6582.8347       1.0288479
       6582.8521       1.0277229
       6582.8695       1.0271096
       6582.8870       1.0271404
       6582.9044       1.0278745
       6582.9218       1.0292900
       6582.9392       1.0312937
       6582.9566       1.0337429
       6582.9740       1.0364676
       6582.9914       1.0392848
       6583.0088       1.0420041
       6583.0262       1.0444319
       6583.0436       1.0463827
       6583.0611       1.0477022
       6583.0785       1.0482983
       6583.0959       1.0481719
       6583.1133       1.0474342
       6583.1307       1.0463002
       6583.1481       1.0450546
       6583.1655       1.0439908
       6583.1829       1.0433386
       6583.2003       1.0431992
       6583.2177       1.0435103
       6583.2352       1.0440576
       6583.2526       1.0445327
       6583.2700       1.0446246
       6583.2874       1.0441133
       6583.3048       1.0429360
       6583.3222       1.0411999
       6583.3396       1.0391405
       6583.3570       1.0370428
       6583.3744       1.0351574
       6583.3918       1.0336405
       6583.4093       1.0325319
       6583.4267       1.0317678
       6583.4441       1.0312140
       6583.4615       1.0307050
       6583.4789       1.0300820
       6583.4963       1.0292320
       6583.5137       1.0281161
       6583.5311       1.0267892
       6583.5485       1.0253990
       6583.5659       1.0241576
       6583.5833       1.0232894
       6583.6008       1.0229669
       6583.6182       1.0232574
       6583.6356       1.0240963
       6583.6530       1.0252979
       6583.6704       1.0265994
       6583.6878       1.0277248
       6583.7052       1.0284477
       6583.7226       1.0286374
       6583.7400       1.0282755
       6583.7574       1.0274446
       6583.7749       1.0262970
       6583.7923       1.0250155
       6583.8097       1.0237790
       6583.8271       1.0227390
       6583.8445       1.0220062
       6583.8619       1.0216434
       6583.8793       1.0216611
       6583.8967       1.0220153
       6583.9141       1.0226135
       6583.9315       1.0233334
       6583.9490       1.0240534
       6583.9664       1.0246863
       6583.9838       1.0252039
       6584.0012       1.0256407
       6584.0186       1.0260767
       6584.0360       1.0266041
       6584.0534       1.0272925
       6584.0708       1.0281635
       6584.0882       1.0291820
       6584.1056       1.0302628
       6584.1231       1.0312866
       6584.1405       1.0321204
       6584.1579       1.0326332
       6584.1753       1.0327061
       6584.1927       1.0322459
       6584.2101       1.0312044
       6584.2275       1.0296047
       6584.2449       1.0275601
       6584.2623       1.0252707
       6584.2797       1.0229874
       6584.2972       1.0209498
       6584.3146       1.0193225
       6584.3320       1.0181582
       6584.3494       1.0174051
       6584.3668       1.0169544
       6584.3842       1.0167040
       6584.4016       1.0166067
       6584.4190       1.0166828
       6584.4364       1.0169938
       6584.4538       1.0175931
       6584.4713       1.0184777
       6584.4887       1.0195587
       6584.5061       1.0206629
       6584.5235       1.0215619
       6584.5409       1.0220216
       6584.5583       1.0218589
       6584.5757       1.0209912
       6584.5931       1.0194678
       6584.6105       1.0174732
       6584.6279       1.0152990
       6584.6454       1.0132887
       6584.6628       1.0117668
       6584.6802       1.0109715
       6584.6976       1.0110092
       6584.7150       1.0118449
       6584.7324       1.0133273
       6584.7498       1.0152367
       6584.7672       1.0173381
       6584.7846       1.0194231
       6584.8020       1.0213424
       6584.8195       1.0230179
       6584.8369       1.0244447
       6584.8543       1.0256814
       6584.8717       1.0268260
       6584.8891       1.0279787
       6584.9065       1.0291994
       6584.9239       1.0304735
       6584.9413       1.0317021
       6584.9587       1.0327225
       6584.9761       1.0333555
       6584.9936       1.0334613
