# Angstrom [air],  flux [abs.cor.cont.sub+1]
       6545.0076       1.0254655
       6545.0250       1.0253143
       6545.0425       1.0251710
       6545.0599       1.0250009
       6545.0773       1.0247471
       6545.0947       1.0243673
       6545.1121       1.0238644
       6545.1295       1.0232946
       6545.1469       1.0227534
       6545.1643       1.0223463
       6545.1817       1.0221561
       6545.1991       1.0222255
       6545.2166       1.0225583
       6545.2340       1.0231398
       6545.2514       1.0239641
       6545.2688       1.0250525
       6545.2862       1.0264540
       6545.3036       1.0282267
       6545.3210       1.0304106
       6545.3384       1.0330071
       6545.3558       1.0359757
       6545.3732       1.0392516
       6545.3907       1.0427736
       6545.4081       1.0465122
       6545.4255       1.0504865
       6545.4429       1.0547653
       6545.4603       1.0594550
       6545.4777       1.0646788
       6545.4951       1.0705552
       6545.5125       1.0771749
       6545.5299       1.0845828
       6545.5473       1.0927633
       6545.5648       1.1016356
       6545.5822       1.1110611
       6545.5996       1.1208644
       6545.6170       1.1308583
       6545.6344       1.1408639
       6545.6518       1.1507131
       6545.6692       1.1602367
       6545.6866       1.1692442
       6545.7040       1.1775133
       6545.7215       1.1847952
       6545.7389       1.1908369
       6545.7563       1.1954130
       6545.7737       1.1983500
       6545.7911       1.1995398
       6545.8085       1.1989422
       6545.8259       1.1965809
       6545.8433       1.1925339
       6545.8607       1.1869204
       6545.8781       1.1798837
       6545.8956       1.1715734
       6545.9130       1.1621282
       6545.9304       1.1516638
       6545.9478       1.1402690
       6545.9652       1.1280117
       6545.9826       1.1149539
       6546.0000       1.1011725
       6546.0174       1.0867808
       6546.0348       1.0719425
       6546.0522       1.0568732
       6546.0697       1.0418276
       6546.0871       1.0270733
       6546.1045       1.0128585
       6546.1219      0.99938161
       6546.1393      0.98677122
       6546.1567      0.97508220
       6546.1741      0.96431003
       6546.1915      0.95442207
       6546.2089      0.94539872
       6546.2263      0.93727274
       6546.2438      0.93015186
       6546.2612      0.92421235
       6546.2786      0.91966013
       6546.2960      0.91666903
       6546.3134      0.91531829
       6546.3308      0.91555456
       6546.3482      0.91719653
       6546.3656      0.91998207
       6546.3830      0.92364201
       6546.4004      0.92795711
       6546.4179      0.93279894
       6546.4353      0.93811797
       6546.4527      0.94389875
       6546.4701      0.95010791
       6546.4875      0.95665660
       6546.5049      0.96339112
       6546.5223      0.97011111
       6546.5397      0.97660517
       6546.5571      0.98268986
       6546.5745      0.98824101
       6546.5920      0.99321064
       6546.6094      0.99762670
       6546.6268       1.0015761
       6546.6442       1.0051744
       6546.6616       1.0085291
       6546.6790       1.0117088
       6546.6964       1.0147281
       6546.7138       1.0175545
       6546.7312       1.0201325
       6546.7486       1.0224131
       6546.7661       1.0243732
       6546.7835       1.0260171
       6546.8009       1.0273634
       6546.8183       1.0284288
       6546.8357       1.0292227
       6546.8531       1.0297571
       6546.8705       1.0300641
       6546.8879       1.0302062
       6546.9053       1.0302689
       6546.9228       1.0303346
       6546.9402       1.0304494
       6546.9576       1.0306025
       6546.9750       1.0307257
       6546.9924       1.0307157
       6547.0098       1.0304643
       6547.0272       1.0298837
       6547.0446       1.0289195
       6547.0620       1.0275566
       6547.0794       1.0258097
       6547.0969       1.0237259
       6547.1143       1.0213926
       6547.1317       1.0189498
       6547.1491       1.0165963
       6547.1665       1.0145807
       6547.1839       1.0131687
       6547.2013       1.0125904
       6547.2187       1.0129844
       6547.2361       1.0143573
       6547.2535       1.0165770
       6547.2710       1.0194037
       6547.2884       1.0225450
       6547.3058       1.0257171
       6547.3232       1.0286909
       6547.3406       1.0313143
       6547.3580       1.0335135
       6547.3754       1.0352808
       6547.3928       1.0366592
       6547.4102       1.0377277
       6547.4276       1.0385847
       6547.4451       1.0393297
       6547.4625       1.0400434
       6547.4799       1.0407712
       6547.4973       1.0415169
       6547.5147       1.0422499
       6547.5321       1.0429223
       6547.5495       1.0434915
       6547.5669       1.0439368
       6547.5843       1.0442681
       6547.6017       1.0445222
       6547.6192       1.0447502
       6547.6366       1.0449989
       6547.6540       1.0452914
       6547.6714       1.0456154
       6547.6888       1.0459208
       6547.7062       1.0461334
       6547.7236       1.0461769
       6547.7410       1.0459971
       6547.7584       1.0455805
       6547.7758       1.0449635
       6547.7933       1.0442312
       6547.8107       1.0435066
       6547.8281       1.0429307
       6547.8455       1.0426337
       6547.8629       1.0427011
       6547.8803       1.0431399
       6547.8977       1.0438576
       6547.9151       1.0446619
       6547.9325       1.0452852
       6547.9500       1.0454266
       6547.9674       1.0448024
       6547.9848       1.0431906
       6548.0022       1.0404636
       6548.0196       1.0366058
       6548.0370       1.0317214
       6548.0544       1.0260337
       6548.0718       1.0198808
       6548.0892       1.0137008
       6548.1066       1.0080025
       6548.1241       1.0033140
       6548.1415       1.0001103
       6548.1589      0.99873239
       6548.1763      0.99931739
       6548.1937       1.0017639
       6548.2111       1.0057472
       6548.2285       1.0107815
       6548.2459       1.0163124
       6548.2633       1.0218096
       6548.2807       1.0268378
       6548.2982       1.0310931
       6548.3156       1.0344098
       6548.3330       1.0367454
       6548.3504       1.0381633
       6548.3678       1.0388115
       6548.3852       1.0388821
       6548.4026       1.0385842
       6548.4200       1.0381142
       6548.4374       1.0376328
       6548.4548       1.0372555
       6548.4723       1.0370547
       6548.4897       1.0370712
       6548.5071       1.0373286
       6548.5245       1.0378446
       6548.5419       1.0386358
       6548.5593       1.0397115
       6548.5767       1.0410605
       6548.5941       1.0426348
       6548.6115       1.0443421
       6548.6289       1.0460544
       6548.6464       1.0476353
       6548.6638       1.0489781
       6548.6812       1.0500386
       6548.6986       1.0508492
       6548.7160       1.0515055
       6548.7334       1.0521314
       6548.7508       1.0528336
       6548.7682       1.0536625
       6548.7856       1.0545920
       6548.8030       1.0555224
       6548.8205       1.0563053
       6548.8379       1.0567814
       6548.8553       1.0568205
       6548.8727       1.0563548
       6548.8901       1.0553978
       6548.9075       1.0540446
       6548.9249       1.0524535
       6548.9423       1.0508110
       6548.9597       1.0492920
       6548.9772       1.0480253
       6548.9946       1.0470788
       6549.0120       1.0464556
       6549.0294       1.0461214
       6549.0468       1.0460257
       6549.0642       1.0461170
       6549.0816       1.0463449
       6549.0990       1.0466533
       6549.1164       1.0469710
       6549.1338       1.0472084
       6549.1513       1.0472662
       6549.1687       1.0470560
       6549.1861       1.0465290
       6549.2035       1.0457024
       6549.2209       1.0446723
       6549.2383       1.0436035
       6549.2557       1.0426950
       6549.2731       1.0421301
       6549.2905       1.0420260
       6549.3079       1.0423992
       6549.3254       1.0431575
       6549.3428       1.0441184
       6549.3602       1.0450489
       6549.3776       1.0457142
       6549.3950       1.0459247
       6549.4124       1.0455728
       6549.4298       1.0446518
       6549.4472       1.0432574
       6549.4646       1.0415692
       6549.4820       1.0398195
       6549.4995       1.0382533
       6549.5169       1.0370877
       6549.5343       1.0364787
       6549.5517       1.0365001
       6549.5691       1.0371391
       6549.5865       1.0383067
       6549.6039       1.0398603
       6549.6213       1.0416302
       6549.6387       1.0434468
       6549.6561       1.0451641
       6549.6736       1.0466816
       6549.6910       1.0479527
       6549.7084       1.0489839
       6549.7258       1.0498188
       6549.7432       1.0505114
       6549.7606       1.0510963
       6549.7780       1.0515669
       6549.7954       1.0518710
       6549.8128       1.0519252
       6549.8302       1.0516443
       6549.8477       1.0509745
       6549.8651       1.0499197
       6549.8825       1.0485545
       6549.8999       1.0470184
       6549.9173       1.0454922
       6549.9347       1.0441591
       6549.9521       1.0431602
       6549.9695       1.0425568
       6549.9869       1.0423146
       6550.0043       1.0423177
       6550.0218       1.0424102
       6550.0392       1.0424507
       6550.0566       1.0423583
       6550.0740       1.0421325
       6550.0914       1.0418415
       6550.1088       1.0415860
       6550.1262       1.0414551
       6550.1436       1.0414914
       6550.1610       1.0416795
       6550.1785       1.0419599
       6550.1959       1.0422630
       6550.2133       1.0425467
       6550.2307       1.0428200
       6550.2481       1.0431392
       6550.2655       1.0435783
       6550.2829       1.0441883
       6550.3003       1.0449659
       6550.3177       1.0458448
       6550.3351       1.0467217
       6550.3526       1.0474923
       6550.3700       1.0480848
       6550.3874       1.0484755
       6550.4048       1.0486849
       6550.4222       1.0487581
       6550.4396       1.0487422
       6550.4570       1.0486726
       6550.4744       1.0485717
       6550.4918       1.0484616
       6550.5092       1.0483805
       6550.5267       1.0483911
       6550.5441       1.0485733
       6550.5615       1.0489994
       6550.5789       1.0497034
       6550.5963       1.0506603
       6550.6137       1.0517876
       6550.6311       1.0529708
       6550.6485       1.0541012
       6550.6659       1.0551080
       6550.6833       1.0559703
       6550.7008       1.0567048
       6550.7182       1.0573390
       6550.7356       1.0578833
       6550.7530       1.0583173
       6550.7704       1.0585953
       6550.7878       1.0586696
       6550.8052       1.0585216
       6550.8226       1.0581865
       6550.8400       1.0577591
       6550.8574       1.0573757
       6550.8749       1.0571758
       6550.8923       1.0572581
       6550.9097       1.0576475
       6550.9271       1.0582864
       6550.9445       1.0590541
       6550.9619       1.0598038
       6550.9793       1.0604086
       6550.9967       1.0607915
       6551.0141       1.0609329
       6551.0315       1.0608591
       6551.0490       1.0606209
       6551.0664       1.0602759
       6551.0838       1.0598829
       6551.1012       1.0595081
       6551.1186       1.0592294
       6551.1360       1.0591311
       6551.1534       1.0592817
       6551.1708       1.0597050
       6551.1882       1.0603588
       6551.2057       1.0611363
       6551.2231       1.0618937
       6551.2405       1.0624946
       6551.2579       1.0628524
       6551.2753       1.0629520
       6551.2927       1.0628419
       6551.3101       1.0626023
       6551.3275       1.0623051
       6551.3449       1.0619831
       6551.3623       1.0616196
       6551.3798       1.0611605
       6551.3972       1.0605395
       6551.4146       1.0597088
       6551.4320       1.0586629
       6551.4494       1.0574520
       6551.4668       1.0561783
       6551.4842       1.0549766
       6551.5016       1.0539818
       6551.5190       1.0532896
       6551.5364       1.0529267
       6551.5539       1.0528419
       6551.5713       1.0529310
       6551.5887       1.0530869
       6551.6061       1.0532605
       6551.6235       1.0534989
       6551.6409       1.0539385
       6551.6583       1.0547489
       6551.6757       1.0560515
       6551.6931       1.0578470
       6551.7105       1.0599860
       6551.7280       1.0621986
       6551.7454       1.0641706
       6551.7628       1.0656368
       6551.7802       1.0664557
       6551.7976       1.0666410
       6551.8150       1.0663414
       6551.8324       1.0657815
       6551.8498       1.0651852
       6551.8672       1.0647056
       6551.8846       1.0643815
       6551.9021       1.0641306
       6551.9195       1.0637754
       6551.9369       1.0630904
       6551.9543       1.0618556
       6551.9717       1.0598995
       6551.9891       1.0571283
       6552.0065       1.0535400
       6552.0239       1.0492304
       6552.0413       1.0443945
       6552.0587       1.0393202
       6552.0762       1.0343707
       6552.0936       1.0299505
       6552.1110       1.0264575
       6552.1284       1.0242283
       6552.1458       1.0234900
       6552.1632       1.0243262
       6552.1806       1.0266677
       6552.1980       1.0303045
       6552.2154       1.0349187
       6552.2329       1.0401283
       6552.2503       1.0455341
       6552.2677       1.0507618
       6552.2851       1.0555035
       6552.3025       1.0595351
       6552.3199       1.0627249
       6552.3373       1.0650288
       6552.3547       1.0664798
       6552.3721       1.0671728
       6552.3895       1.0672497
       6552.4070       1.0668867
       6552.4244       1.0662801
       6552.4418       1.0656308
       6552.4592       1.0651239
       6552.4766       1.0649060
       6552.4940       1.0650651
       6552.5114       1.0656191
       6552.5288       1.0665214
       6552.5462       1.0676828
       6552.5636       1.0690036
       6552.5811       1.0704074
       6552.5985       1.0718634
       6552.6159       1.0733916
       6552.6333       1.0750494
       6552.6507       1.0769024
       6552.6681       1.0789899
       6552.6855       1.0812962
       6552.7029       1.0837389
       6552.7203       1.0861808
       6552.7377       1.0884603
       6552.7552       1.0904304
       6552.7726       1.0919902
       6552.7900       1.0930989
       6552.8074       1.0937705
       6552.8248       1.0940524
       6552.8422       1.0940011
       6552.8596       1.0936637
       6552.8770       1.0930745
       6552.8944       1.0922668
       6552.9118       1.0912944
       6552.9293       1.0902476
       6552.9467       1.0892504
       6552.9641       1.0884363
       6552.9815       1.0879078
       6552.9989       1.0876979
       6553.0163       1.0877479
       6553.0337       1.0879141
       6553.0511       1.0879975
       6553.0685       1.0877875
       6553.0859       1.0871031
       6553.1034       1.0858222
       6553.1208       1.0838953
       6553.1382       1.0813463
       6553.1556       1.0782681
       6553.1730       1.0748162
       6553.1904       1.0712004
       6553.2078       1.0676720
       6553.2252       1.0645003
       6553.2426       1.0619416
       6553.2600       1.0602039
       6553.2775       1.0594171
       6553.2949       1.0596144
       6553.3123       1.0607306
       6553.3297       1.0626181
       6553.3471       1.0650781
       6553.3645       1.0678998
       6553.3819       1.0708944
       6553.3993       1.0739135
       6553.4167       1.0768439
       6553.4342       1.0795872
       6553.4516       1.0820396
       6553.4690       1.0840876
       6553.4864       1.0856260
       6553.5038       1.0865872
       6553.5212       1.0869660
       6553.5386       1.0868231
       6553.5560       1.0862683
       6553.5734       1.0854429
       6553.5908       1.0844936
       6553.6083       1.0835680
       6553.6257       1.0828147
       6553.6431       1.0823757
       6553.6605       1.0823683
       6553.6779       1.0828582
       6553.6953       1.0838393
       6553.7127       1.0852300
       6553.7301       1.0868928
       6553.7475       1.0886696
       6553.7649       1.0904203
       6553.7824       1.0920508
       6553.7998       1.0935224
       6553.8172       1.0948434
       6553.8346       1.0960454
       6553.8520       1.0971563
       6553.8694       1.0981748
       6553.8868       1.0990560
       6553.9042       1.0997128
       6553.9216       1.1000337
       6553.9390       1.0999137
       6553.9565       1.0992888
       6553.9739       1.0981623
       6553.9913       1.0966139
       6554.0087       1.0947890
       6554.0261       1.0928715
       6554.0435       1.0910483
       6554.0609       1.0894729
       6554.0783       1.0882390
       6554.0957       1.0873671
       6554.1131       1.0868078
       6554.1306       1.0864616
       6554.1480       1.0862090
       6554.1654       1.0859435
       6554.1828       1.0855976
       6554.2002       1.0851561
       6554.2176       1.0846556
       6554.2350       1.0841736
       6554.2524       1.0838124
       6554.2698       1.0836827
       6554.2872       1.0838852
       6554.3047       1.0844859
       6554.3221       1.0854880
       6554.3395       1.0868134
       6554.3569       1.0883073
       6554.3743       1.0897750
       6554.3917       1.0910442
       6554.4091       1.0920276
       6554.4265       1.0927586
       6554.4439       1.0933787
       6554.4614       1.0940816
       6554.4788       1.0950353
       6554.4962       1.0963166
       6554.5136       1.0978843
       6554.5310       1.0995993
       6554.5484       1.1012808
       6554.5658       1.1027732
       6554.5832       1.1039998
       6554.6006       1.1049872
       6554.6180       1.1058554
       6554.6355       1.1067834
       6554.6529       1.1079605
       6554.6703       1.1095376
       6554.6877       1.1115905
       6554.7051       1.1141028
       6554.7225       1.1169737
       6554.7399       1.1200469
       6554.7573       1.1231531
       6554.7747       1.1261536
       6554.7921       1.1289723
       6554.8096       1.1316073
       6554.8270       1.1341201
       6554.8444       1.1366059
       6554.8618       1.1391549
       6554.8792       1.1418094
       6554.8966       1.1445417
       6554.9140       1.1472540
       6554.9314       1.1498022
       6554.9488       1.1520341
       6554.9662       1.1538272
       6554.9837       1.1551107
       6555.0011       1.1558656
       6555.0185       1.1561075
       6555.0359       1.1558613
       6555.0533       1.1551403
       6555.0707       1.1539360
       6555.0881       1.1522193
       6555.1055       1.1499503
       6555.1229       1.1470938
       6555.1403       1.1436359
       6555.1578       1.1396017
       6555.1752       1.1350683
       6555.1926       1.1301709
       6555.2100       1.1250951
       6555.2274       1.1200548
       6555.2448       1.1152587
       6555.2622       1.1108718
       6555.2796       1.1069841
       6555.2970       1.1035947
       6555.3144       1.1006189
       6555.3319       1.0979166
       6555.3493       1.0953364
       6555.3667       1.0927637
       6555.3841       1.0901596
       6555.4015       1.0875781
       6555.4189       1.0851550
       6555.4363       1.0830700
       6555.4537       1.0814939
       6555.4711       1.0805380
       6555.4885       1.0802226
       6555.5060       1.0804755
       6555.5234       1.0811518
       6555.5408       1.0820765
       6555.5582       1.0830882
       6555.5756       1.0840668
       6555.5930       1.0849452
       6555.6104       1.0857025
       6555.6278       1.0863462
       6555.6452       1.0868945
       6555.6627       1.0873694
       6555.6801       1.0878027
       6555.6975       1.0882488
       6555.7149       1.0887896
       6555.7323       1.0895207
       6555.7497       1.0905209
       6555.7671       1.0918164
       6555.7845       1.0933588
       6555.8019       1.0950280
       6555.8193       1.0966600
       6555.8368       1.0980875
       6555.8542       1.0991811
       6555.8716       1.0998784
       6555.8890       1.1001987
       6555.9064       1.1002403
       6555.9238       1.1001587
       6555.9412       1.1001305
       6555.9586       1.1003075
       6555.9760       1.1007768
       6555.9934       1.1015421
       6556.0109       1.1025338
       6556.0283       1.1036457
       6556.0457       1.1047803
       6556.0631       1.1058845
       6556.0805       1.1069603
       6556.0979       1.1080503
       6556.1153       1.1092072
       6556.1327       1.1104645
       6556.1501       1.1118166
       6556.1675       1.1132144
       6556.1850       1.1145723
       6556.2024       1.1157879
       6556.2198       1.1167689
       6556.2372       1.1174646
       6556.2546       1.1178950
       6556.2720       1.1181609
       6556.2894       1.1184282
       6556.3068       1.1188823
       6556.3242       1.1196681
       6556.3416       1.1208344
       6556.3591       1.1223055
       6556.3765       1.1238892
       6556.3939       1.1253190
       6556.4113       1.1263152
       6556.4287       1.1266454
       6556.4461       1.1261668
       6556.4635       1.1248405
       6556.4809       1.1227191
       6556.4983       1.1199144
       6556.5157       1.1165612
       6556.5332       1.1127888
       6556.5506       1.1087107
       6556.5680       1.1044310
       6556.5854       1.1000646
       6556.6028       1.0957562
       6556.6202       1.0916894
       6556.6376       1.0880772
       6556.6550       1.0851353
       6556.6724       1.0830472
       6556.6899       1.0819345
       6556.7073       1.0818401
       6556.7247       1.0827299
       6556.7421       1.0845025
       6556.7595       1.0870034
       6556.7769       1.0900355
       6556.7943       1.0933710
       6556.8117       1.0967666
       6556.8291       1.0999904
       6556.8465       1.1028557
       6556.8640       1.1052454
       6556.8814       1.1071219
       6556.8988       1.1085178
       6556.9162       1.1095115
       6556.9336       1.1101992
       6556.9510       1.1106736
       6556.9684       1.1110137
       6556.9858       1.1112837
       6557.0032       1.1115338
       6557.0206       1.1117974
       6557.0381       1.1120856
       6557.0555       1.1123832
       6557.0729       1.1126529
       6557.0903       1.1128501
       6557.1077       1.1129446
       6557.1251       1.1129429
       6557.1425       1.1129003
       6557.1599       1.1129149
       6557.1773       1.1131029
       6557.1947       1.1135624
       6557.2122       1.1143362
       6557.2296       1.1153903
       6557.2470       1.1166165
       6557.2644       1.1178592
       6557.2818       1.1189581
       6557.2992       1.1197919
       6557.3166       1.1203095
       6557.3340       1.1205409
       6557.3514       1.1205864
       6557.3688       1.1205895
       6557.3863       1.1206992
       6557.4037       1.1210339
       6557.4211       1.1216531
       6557.4385       1.1225449
       6557.4559       1.1236296
       6557.4733       1.1247748
       6557.4907       1.1258168
       6557.5081       1.1265859
       6557.5255       1.1269248
       6557.5429       1.1267093
       6557.5604       1.1258699
       6557.5778       1.1244147
       6557.5952       1.1224473
       6557.6126       1.1201722
       6557.6300       1.1178771
       6557.6474       1.1158900
       6557.6648       1.1145136
       6557.6822       1.1139556
       6557.6996       1.1142772
       6557.7171       1.1153805
       6557.7345       1.1170426
       6557.7519       1.1189833
       6557.7693       1.1209407
       6557.7867       1.1227243
       6557.8041       1.1242293
       6557.8215       1.1254149
       6557.8389       1.1262676
       6557.8563       1.1267764
       6557.8737       1.1269363
       6557.8912       1.1267759
       6557.9086       1.1263875
       6557.9260       1.1259348
       6557.9434       1.1256253
       6557.9608       1.1256571
       6557.9782       1.1261655
       6557.9956       1.1271939
       6558.0130       1.1286972
       6558.0304       1.1305676
       6558.0478       1.1326633
       6558.0653       1.1348280
       6558.0827       1.1369010
       6558.1001       1.1387268
       6558.1175       1.1401703
       6558.1349       1.1411453
       6558.1523       1.1416285
       6558.1697       1.1416570
       6558.1871       1.1413122
       6558.2045       1.1406933
       6558.2219       1.1398967
       6558.2394       1.1390105
       6558.2568       1.1381220
       6558.2742       1.1373301
       6558.2916       1.1367471
       6558.3090       1.1364829
       6558.3264       1.1366139
       6558.3438       1.1371493
       6558.3612       1.1380123
       6558.3786       1.1390495
       6558.3960       1.1400676
       6558.4135       1.1408822
       6558.4309       1.1413619
       6558.4483       1.1414512
       6558.4657       1.1411713
       6558.4831       1.1406096
       6558.5005       1.1399065
       6558.5179       1.1392415
       6558.5353       1.1388123
       6558.5527       1.1387972
       6558.5701       1.1393040
       6558.5876       1.1403241
       6558.6050       1.1417192
       6558.6224       1.1432549
       6558.6398       1.1446758
       6558.6572       1.1457916
       6558.6746       1.1465379
       6558.6920       1.1469873
       6558.7094       1.1473107
       6558.7268       1.1477117
       6558.7442       1.1483633
       6558.7617       1.1493721
       6558.7791       1.1507739
       6558.7965       1.1525538
       6558.8139       1.1546795
       6558.8313       1.1571233
       6558.8487       1.1598698
       6558.8661       1.1629083
       6558.8835       1.1662185
       6558.9009       1.1697587
       6558.9184       1.1734635
       6558.9358       1.1772547
       6558.9532       1.1810610
       6558.9706       1.1848368
       6558.9880       1.1885726
       6559.0054       1.1922874
       6559.0228       1.1960066
       6559.0402       1.1997331
       6559.0576       1.2034237
       6559.0750       1.2069816
       6559.0925       1.2102674
       6559.1099       1.2131244
       6559.1273       1.2154057
       6559.1447       1.2169970
       6559.1621       1.2178286
       6559.1795       1.2178789
       6559.1969       1.2171715
       6559.2143       1.2157687
       6559.2317       1.2137603
       6559.2491       1.2112462
       6559.2666       1.2083145
       6559.2840       1.2050202
       6559.3014       1.2013711
       6559.3188       1.1973284
       6559.3362       1.1928230
       6559.3536       1.1877855
       6559.3710       1.1821826
       6559.3884       1.1760528
       6559.4058       1.1695295
       6559.4232       1.1628439
       6559.4407       1.1563074
       6559.4581       1.1502568
       6559.4755       1.1450006
       6559.4929       1.1407703
       6559.5103       1.1376920
       6559.5277       1.1357821
       6559.5451       1.1349628
       6559.5625       1.1350844
       6559.5799       1.1359468
       6559.5973       1.1373186
       6559.6148       1.1389606
       6559.6322       1.1406580
       6559.6496       1.1422590
       6559.6670       1.1437106
       6559.6844       1.1450755
       6559.7018       1.1465219
       6559.7192       1.1482852
       6559.7366       1.1506120
       6559.7540       1.1537007
       6559.7714       1.1576520
       6559.7889       1.1624396
       6559.8063       1.1679052
       6559.8237       1.1737807
       6559.8411       1.1797347
       6559.8585       1.1854336
       6559.8759       1.1906022
       6559.8933       1.1950694
       6559.9107       1.1987866
       6559.9281       1.2018188
       6559.9456       1.2043142
       6559.9630       1.2064632
       6559.9804       1.2084563
       6559.9978       1.2104499
       6560.0152       1.2125465
       6560.0326       1.2147897
       6560.0500       1.2171746
       6560.0674       1.2196655
       6560.0848       1.2222137
       6560.1022       1.2247717
       6560.1197       1.2273019
       6560.1371       1.2297780
       6560.1545       1.2321829
       6560.1719       1.2345055
       6560.1893       1.2367393
       6560.2067       1.2388815
       6560.2241       1.2409343
       6560.2415       1.2429027
       6560.2589       1.2447872
       6560.2763       1.2465703
       6560.2938       1.2482026
       6560.3112       1.2495963
       6560.3286       1.2506354
       6560.3460       1.2512031
       6560.3634       1.2512193
       6560.3808       1.2506760
       6560.3982       1.2496532
       6560.4156       1.2483098
       6560.4330       1.2468482
       6560.4504       1.2454662
       6560.4679       1.2443117
       6560.4853       1.2434564
       6560.5027       1.2428941
       6560.5201       1.2425630
       6560.5375       1.2423819
       6560.5549       1.2422893
       6560.5723       1.2422734
       6560.5897       1.2423873
       6560.6071       1.2427467
       6560.6245       1.2435105
       6560.6420       1.2448516
       6560.6594       1.2469227
       6560.6768       1.2498273
       6560.6942       1.2535997
       6560.7116       1.2581993
       6560.7290       1.2635202
       6560.7464       1.2693930
       6560.7638       1.2756195
       6560.7812       1.2819873
       6560.7986       1.2882865
       6560.8161       1.2943257
       6560.8335       1.2999464
       6560.8509       1.3050382
       6560.8683       1.3095506
       6560.8857       1.3135016
       6560.9031       1.3169765
       6560.9205       1.3201182
       6560.9379       1.3231100
       6560.9553       1.3261539
       6560.9728       1.3294484
       6560.9902       1.3331649
       6561.0076       1.3374255
       6561.0250       1.3422849
       6561.0424       1.3477222
       6561.0598       1.3536502
       6561.0772       1.3599418
       6561.0946       1.3664686
       6561.1120       1.3731411
       6561.1294       1.3799367
       6561.1469       1.3869052
       6561.1643       1.3941506
       6561.1817       1.4017947
       6561.1991       1.4099378
       6561.2165       1.4186323
       6561.2339       1.4278808
       6561.2513       1.4376563
       6561.2687       1.4479338
       6561.2861       1.4587160
       6561.3035       1.4700386
       6561.3210       1.4819555
       6561.3384       1.4945105
       6561.3558       1.5077147
       6561.3732       1.5215423
       6561.3906       1.5359456
       6561.4080       1.5508880
       6561.4254       1.5663749
       6561.4428       1.5824632
       6561.4602       1.5992508
       6561.4776       1.6168466
       6561.4951       1.6353372
       6561.5125       1.6547613
       6561.5299       1.6751006
       6561.5473       1.6962870
       6561.5647       1.7182197
       6561.5821       1.7407818
       6561.5995       1.7638494
       6561.6169       1.7872915
       6561.6343       1.8109685
       6561.6517       1.8347347
       6561.6692       1.8584537
       6561.6866       1.8820198
       6561.7040       1.9053765
       6561.7214       1.9285182
       6561.7388       1.9514705
       6561.7562       1.9742552
       6561.7736       1.9968534
       6561.7910       2.0191834
       6561.8084       2.0411005
       6561.8258       2.0624169
       6561.8433       2.0829302
       6561.8607       2.1024485
       6561.8781       2.1208080
       6561.8955       2.1378860
       6561.9129       2.1536182
       6561.9303       2.1680212
       6561.9477       2.1812154
       6561.9651       2.1934309
       6561.9825       2.2049859
       6561.9999       2.2162340
       6562.0174       2.2274951
       6562.0348       2.2389934
       6562.0522       2.2508049
       6562.0696       2.2628667
       6562.0870       2.2750056
       6562.1044       2.2869922
       6562.1218       2.2986003
       6562.1392       2.3096606
       6562.1566       2.3200977
       6562.1741       2.3299437
       6562.1915       2.3393304
       6562.2089       2.3484637
       6562.2263       2.3575903
       6562.2437       2.3669641
       6562.2611       2.3768176
       6562.2785       2.3873366
       6562.2959       2.3986370
       6562.3133       2.4107437
       6562.3307       2.4235775
       6562.3482       2.4369585
       6562.3656       2.4506348
       6562.3830       2.4643360
       6562.4004       2.4778418
       6562.4178       2.4910465
       6562.4352       2.5039931
       6562.4526       2.5168642
       6562.4700       2.5299270
       6562.4874       2.5434558
       6562.5048       2.5576593
       6562.5223       2.5726416
       6562.5397       2.5884019
       6562.5571       2.6048583
       6562.5745       2.6218715
       6562.5919       2.6392497
       6562.6093       2.6567333
       6562.6267       2.6739773
       6562.6441       2.6905497
       6562.6615       2.7059607
       6562.6789       2.7197100
       6562.6964       2.7313715
       6562.7138       2.7406540
       6562.7312       2.7474297
       6562.7486       2.7517395
       6562.7660       2.7537550
       6562.7834       2.7537052
       6562.8008       2.7517842
       6562.8182       2.7480630
       6562.8356       2.7424330
       6562.8530       2.7346029
       6562.8705       2.7241551
       6562.8879       2.7106510
       6562.9053       2.6937577
       6562.9227       2.6733602
       6562.9401       2.6496303
       6562.9575       2.6230342
       6562.9749       2.5942798
       6562.9923       2.5642169
       6563.0097       2.5337128
       6563.0271       2.5035234
       6563.0446       2.4741862
       6563.0620       2.4459537
       6563.0794       2.4187863
       6563.0968       2.3924091
       6563.1142       2.3664186
       6563.1316       2.3404111
       6563.1490       2.3140929
       6563.1664       2.2873457
       6563.1838       2.2602357
       6563.2013       2.2329813
       6563.2187       2.2059011
       6563.2361       2.1793665
       6563.2535       2.1537656
       6563.2709       2.1294755
       6563.2883       2.1068355
       6563.3057       2.0861120
       6563.3231       2.0674620
       6563.3405       2.0508978
       6563.3579       2.0362420
       6563.3754       2.0231566
       6563.3928       2.0111640
       6563.4102       1.9997084
       6563.4276       1.9882428
       6563.4450       1.9763245
       6563.4624       1.9636967
       6563.4798       1.9503314
       6563.4972       1.9364207
       6563.5146       1.9223178
       6563.5320       1.9084445
       6563.5495       1.8951925
       6563.5669       1.8828416
       6563.5843       1.8715175
       6563.6017       1.8611935
       6563.6191       1.8517318
       6563.6365       1.8429493
       6563.6539       1.8346854
       6563.6713       1.8268536
       6563.6887       1.8194629
       6563.7061       1.8126065
       6563.7236       1.8064203
       6563.7410       1.8010240
       6563.7584       1.7964592
       6563.7758       1.7926414
       6563.7932       1.7893405
       6563.8106       1.7861958
       6563.8280       1.7827648
       6563.8454       1.7785930
       6563.8628       1.7732872
       6563.8802       1.7665720
       6563.8977       1.7583161
       6563.9151       1.7485256
       6563.9325       1.7373127
       6563.9499       1.7248550
       6563.9673       1.7113577
       6563.9847       1.6970249
       6564.0021       1.6820582
       6564.0195       1.6666412
       6564.0369       1.6509443
       6564.0543       1.6351305
       6564.0718       1.6193589
       6564.0892       1.6037810
       6564.1066       1.5885297
       6564.1240       1.5736994
       6564.1414       1.5593254
       6564.1588       1.5453733
       6564.1762       1.5317463
       6564.1936       1.5183137
       6564.2110       1.5049547
       6564.2285       1.4915986
       6564.2459       1.4782468
       6564.2633       1.4649632
       6564.2807       1.4518395
       6564.2981       1.4389535
       6564.3155       1.4263418
       6564.3329       1.4140029
       6564.3503       1.4019262
       6564.3677       1.3901304
       6564.3851       1.3786879
       6564.4026       1.3677215
       6564.4200       1.3573727
       6564.4374       1.3477548
       6564.4548       1.3389110
       6564.4722       1.3307924
       6564.4896       1.3232628
       6564.5070       1.3161271
       6564.5244       1.3091722
       6564.5418       1.3022083
       6564.5592       1.2951016
       6564.5767       1.2877939
       6564.5941       1.2803079
       6564.6115       1.2727416
       6564.6289       1.2652531
       6564.6463       1.2580360
       6564.6637       1.2512816
       6564.6811       1.2451461
       6564.6985       1.2397215
       6564.7159       1.2350228
       6564.7333       1.2309954
       6564.7508       1.2275404
       6564.7682       1.2245470
       6564.7856       1.2219205
       6564.8030       1.2195951
       6564.8204       1.2175312
       6564.8378       1.2157036
       6564.8552       1.2140901
       6564.8726       1.2126671
       6564.8900       1.2114115
       6564.9074       1.2103028
       6564.9249       1.2093218
       6564.9423       1.2084452
       6564.9597       1.2076417
       6564.9771       1.2068727
       6564.9945       1.2060997
       6565.0119       1.2052914
       6565.0293       1.2044280
       6565.0467       1.2034961
       6565.0641       1.2024774
       6565.0815       1.2013377
       6565.0990       1.2000227
       6565.1164       1.1984690
       6565.1338       1.1966274
       6565.1512       1.1944913
       6565.1686       1.1921170
       6565.1860       1.1896224
       6565.2034       1.1871612
       6565.2208       1.1848798
       6565.2382       1.1828741
       6565.2556       1.1811636
       6565.2731       1.1796942
       6565.2905       1.1783665
       6565.3079       1.1770744
       6565.3253       1.1757414
       6565.3427       1.1743290
       6565.3601       1.1728250
       6565.3775       1.1712216
       6565.3949       1.1695028
       6565.4123       1.1676557
       6565.4298       1.1657025
       6565.4472       1.1637351
       6565.4646       1.1619251
       6565.4820       1.1604930
       6565.4994       1.1596409
       6565.5168       1.1594750
       6565.5342       1.1599543
       6565.5516       1.1608897
       6565.5690       1.1619947
       6565.5864       1.1629666
       6565.6039       1.1635643
       6565.6213       1.1636576
       6565.6387       1.1632369
       6565.6561       1.1623913
       6565.6735       1.1612708
       6565.6909       1.1600467
       6565.7083       1.1588791
       6565.7257       1.1578913
       6565.7431       1.1571528
       6565.7605       1.1566706
       6565.7780       1.1563931
       6565.7954       1.1562271
       6565.8128       1.1560655
       6565.8302       1.1558180
       6565.8476       1.1554359
       6565.8650       1.1549226
       6565.8824       1.1543262
       6565.8998       1.1537163
       6565.9172       1.1531505
       6565.9346       1.1526451
       6565.9521       1.1521605
       6565.9695       1.1516138
       6565.9869       1.1509163
       6566.0043       1.1500190
       6566.0217       1.1489489
       6566.0391       1.1478166
       6566.0565       1.1467903
       6566.0739       1.1460464
       6566.0913       1.1457168
       6566.1087       1.1458516
       6566.1262       1.1464069
       6566.1436       1.1472563
       6566.1610       1.1482182
       6566.1784       1.1490911
       6566.1958       1.1496905
       6566.2132       1.1498836
       6566.2306       1.1496126
       6566.2480       1.1489022
       6566.2654       1.1478485
       6566.2828       1.1465935
       6566.3003       1.1452945
       6566.3177       1.1440980
       6566.3351       1.1431213
       6566.3525       1.1424418
       6566.3699       1.1420926
       6566.3873       1.1420618
       6566.4047       1.1422990
       6566.4221       1.1427265
       6566.4395       1.1432537
       6566.4570       1.1437863
       6566.4744       1.1442281
       6566.4918       1.1444779
       6566.5092       1.1444290
       6566.5266       1.1439816
       6566.5440       1.1430668
       6566.5614       1.1416771
       6566.5788       1.1398869
       6566.5962       1.1378531
       6566.6136       1.1357960
       6566.6311       1.1339532
       6566.6485       1.1325396
       6566.6659       1.1317112
       6566.6833       1.1315410
       6566.7007       1.1320099
       6566.7181       1.1330124
       6566.7355       1.1343757
       6566.7529       1.1358893
       6566.7703       1.1373397
       6566.7877       1.1385423
       6566.8052       1.1393641
       6566.8226       1.1397314
       6566.8400       1.1396226
       6566.8574       1.1390529
       6566.8748       1.1380595
       6566.8922       1.1366962
       6566.9096       1.1350390
       6566.9270       1.1331939
       6566.9444       1.1312957
       6566.9618       1.1294895
       6566.9793       1.1278990
       6566.9967       1.1265975
       6567.0141       1.1255995
       6567.0315       1.1248757
       6567.0489       1.1243851
       6567.0663       1.1241017
       6567.0837       1.1240200
       6567.1011       1.1241389
       6567.1185       1.1244364
       6567.1359       1.1248534
       6567.1534       1.1253004
       6567.1708       1.1256817
       6567.1882       1.1259241
       6567.2056       1.1259940
       6567.2230       1.1258933
       6567.2404       1.1256389
       6567.2578       1.1252376
       6567.2752       1.1246704
       6567.2926       1.1238963
       6567.3100       1.1228777
       6567.3275       1.1216155
       6567.3449       1.1201803
       6567.3623       1.1187232
       6567.3797       1.1174567
       6567.3971       1.1166066
       6567.4145       1.1163493
       6567.4319       1.1167530
       6567.4493       1.1177468
       6567.4667       1.1191283
       6567.4842       1.1206128
       6567.5016       1.1219084
       6567.5190       1.1227939
       6567.5364       1.1231721
       6567.5538       1.1230826
       6567.5712       1.1226702
       6567.5886       1.1221252
       6567.6060       1.1216186
       6567.6234       1.1212553
       6567.6408       1.1210570
       6567.6583       1.1209746
       6567.6757       1.1209185
       6567.6931       1.1207935
       6567.7105       1.1205282
       6567.7279       1.1200917
       6567.7453       1.1195000
       6567.7627       1.1188105
       6567.7801       1.1181102
       6567.7975       1.1175011
       6567.8149       1.1170872
       6567.8324       1.1169637
       6567.8498       1.1172076
       6567.8672       1.1178658
       6567.8846       1.1189401
       6567.9020       1.1203707
       6567.9194       1.1220229
       6567.9368       1.1237042
       6567.9542       1.1251925
       6567.9716       1.1262836
       6567.9890       1.1268376
       6568.0065       1.1268079
       6568.0239       1.1262409
       6568.0413       1.1252485
       6568.0587       1.1239659
       6568.0761       1.1225167
       6568.0935       1.1209982
       6568.1109       1.1194894
       6568.1283       1.1180713
       6568.1457       1.1168400
       6568.1631       1.1158999
       6568.1806       1.1153362
       6568.1980       1.1151774
       6568.2154       1.1153697
       6568.2328       1.1157805
       6568.2502       1.1162352
       6568.2676       1.1165754
       6568.2850       1.1167158
       6568.3024       1.1166747
       6568.3198       1.1165665
       6568.3372       1.1165625
       6568.3547       1.1168402
       6568.3721       1.1175441
       6568.3895       1.1187716
       6568.4069       1.1205815
       6568.4243       1.1230101
       6568.4417       1.1260795
       6568.4591       1.1297889
       6568.4765       1.1340942
       6568.4939       1.1388924
       6568.5113       1.1440270
       6568.5288       1.1493191
       6568.5462       1.1546113
       6568.5636       1.1598115
       6568.5810       1.1649009
       6568.5984       1.1699074
       6568.6158       1.1748596
       6568.6332       1.1797405
       6568.6506       1.1844668
       6568.6680       1.1888995
       6568.6855       1.1928808
       6568.7029       1.1962753
       6568.7203       1.1989968
       6568.7377       1.2010103
       6568.7551       1.2023149
       6568.7725       1.2029178
       6568.7899       1.2028157
       6568.8073       1.2019856
       6568.8247       1.2003863
       6568.8421       1.1979637
       6568.8596       1.1946569
       6568.8770       1.1904068
       6568.8944       1.1851708
       6568.9118       1.1789420
       6568.9292       1.1717704
       6568.9466       1.1637760
       6568.9640       1.1551461
       6568.9814       1.1461161
       6568.9988       1.1369364
       6569.0162       1.1278387
       6569.0337       1.1190105
       6569.0511       1.1105839
       6569.0685       1.1026389
       6569.0859       1.0952136
       6569.1033       1.0883165
       6569.1207       1.0819354
       6569.1381       1.0760438
       6569.1555       1.0706084
       6569.1729       1.0656005
       6569.1903       1.0610103
       6569.2078       1.0568599
       6569.2252       1.0532041
       6569.2426       1.0501213
       6569.2600       1.0476912
       6569.2774       1.0459711
       6569.2948       1.0449779
       6569.3122       1.0446833
       6569.3296       1.0450205
       6569.3470       1.0458973
       6569.3644       1.0472122
       6569.3819       1.0488697
       6569.3993       1.0507964
       6569.4167       1.0529549
       6569.4341       1.0553495
       6569.4515       1.0580163
       6569.4689       1.0609959
       6569.4863       1.0642976
       6569.5037       1.0678708
       6569.5211       1.0715980
       6569.5385       1.0753132
       6569.5560       1.0788397
       6569.5734       1.0820292
       6569.5908       1.0847910
       6569.6082       1.0871038
       6569.6256       1.0890108
       6569.6430       1.0906052
       6569.6604       1.0920084
       6569.6778       1.0933445
       6569.6952       1.0947143
       6569.7127       1.0961750
       6569.7301       1.0977281
       6569.7475       1.0993235
       6569.7649       1.1008745
       6569.7823       1.1022797
       6569.7997       1.1034435
       6569.8171       1.1042875
       6569.8345       1.1047550
       6569.8519       1.1048068
       6569.8693       1.1044325
       6569.8868       1.1036554
       6569.9042       1.1025499
       6569.9216       1.1012537
       6569.9390       1.0999628
       6569.9564       1.0989028
       6569.9738       1.0982812
       6569.9912       1.0982341
       6570.0086       1.0987884
       6570.0260       1.0998526
       6570.0434       1.1012395
       6570.0609       1.1027139
       6570.0783       1.1040477
       6570.0957       1.1050671
       6570.1131       1.1056773
       6570.1305       1.1058624
       6570.1479       1.1056652
       6570.1653       1.1051587
       6570.1827       1.1044232
       6570.2001       1.1035361
       6570.2175       1.1025733
       6570.2350       1.1016142
       6570.2524       1.1007421
       6570.2698       1.1000358
       6570.2872       1.0995566
       6570.3046       1.0993368
       6570.3220       1.0993745
       6570.3394       1.0996349
       6570.3568       1.1000560
       6570.3742       1.1005559
       6570.3916       1.1010423
       6570.4091       1.1014226
       6570.4265       1.1016124
       6570.4439       1.1015390
       6570.4613       1.1011394
       6570.4787       1.1003574
       6570.4961       1.0991475
       6570.5135       1.0974954
       6570.5309       1.0954496
       6570.5483       1.0931382
       6570.5657       1.0907708
       6570.5832       1.0886037
       6570.6006       1.0868788
       6570.6180       1.0857556
       6570.6354       1.0852647
       6570.6528       1.0853034
       6570.6702       1.0856742
       6570.6876       1.0861531
       6570.7050       1.0865588
       6570.7224       1.0867996
       6570.7398       1.0868818
       6570.7573       1.0868817
       6570.7747       1.0868959
       6570.7921       1.0869883
       6570.8095       1.0871554
       6570.8269       1.0873189
       6570.8443       1.0873505
       6570.8617       1.0871187
       6570.8791       1.0865436
       6570.8965       1.0856381
       6570.9140       1.0845202
       6570.9314       1.0833883
       6570.9488       1.0824671
       6570.9662       1.0819420
       6570.9836       1.0819044
       6571.0010       1.0823265
       6571.0184       1.0830709
       6571.0358       1.0839309
       6571.0532       1.0846887
       6571.0706       1.0851721
       6571.0881       1.0852957
       6571.1055       1.0850731
       6571.1229       1.0845986
       6571.1403       1.0840058
       6571.1577       1.0834206
       6571.1751       1.0829256
       6571.1925       1.0825500
       6571.2099       1.0822871
       6571.2273       1.0821224
       6571.2447       1.0820577
       6571.2622       1.0821165
       6571.2796       1.0823306
       6571.2970       1.0827138
       6571.3144       1.0832380
       6571.3318       1.0838216
       6571.3492       1.0843355
       6571.3666       1.0846232
       6571.3840       1.0845261
       6571.4014       1.0839063
       6571.4188       1.0826617
       6571.4363       1.0807337
       6571.4537       1.0781091
       6571.4711       1.0748231
       6571.4885       1.0709646
       6571.5059       1.0666850
       6571.5233       1.0622054
       6571.5407       1.0578154
       6571.5581       1.0538560
       6571.5755       1.0506824
       6571.5929       1.0486119
       6571.6104       1.0478647
       6571.6278       1.0485166
       6571.6452       1.0504759
       6571.6626       1.0534944
       6571.6800       1.0572110
       6571.6974       1.0612154
       6571.7148       1.0651163
       6571.7322       1.0685985
       6571.7496       1.0714590
       6571.7670       1.0736193
       6571.7845       1.0751177
       6571.8019       1.0760817
       6571.8193       1.0766954
       6571.8367       1.0771500
       6571.8541       1.0775971
       6571.8715       1.0781193
       6571.8889       1.0787213
       6571.9063       1.0793479
       6571.9237       1.0799232
       6571.9412       1.0803962
       6571.9586       1.0807729
       6571.9760       1.0811227
       6571.9934       1.0815516
       6572.0108       1.0821545
       6572.0282       1.0829643
       6572.0456       1.0839227
       6572.0630       1.0848899
       6572.0804       1.0856911
       6572.0978       1.0861849
       6572.1153       1.0863253
       6572.1327       1.0861912
       6572.1501       1.0859714
       6572.1675       1.0859110
       6572.1849       1.0862388
       6572.2023       1.0871006
       6572.2197       1.0885179
       6572.2371       1.0903851
       6572.2545       1.0924994
       6572.2719       1.0946146
       6572.2894       1.0964997
       6572.3068       1.0979880
       6572.3242       1.0990041
       6572.3416       1.0995621
       6572.3590       1.0997388
       6572.3764       1.0996284
       6572.3938       1.0992967
       6572.4112       1.0987495
       6572.4286       1.0979281
       6572.4460       1.0967325
       6572.4635       1.0950623
       6572.4809       1.0928693
       6572.4983       1.0901808
       6572.5157       1.0871048
       6572.5331       1.0838068
       6572.5505       1.0804707
       6572.5679       1.0772581
       6572.5853       1.0742824
       6572.6027       1.0716052
       6572.6201       1.0692547
       6572.6376       1.0672519
       6572.6550       1.0656308
       6572.6724       1.0644388
       6572.6898       1.0637169
       6572.7072       1.0634690
       6572.7246       1.0636354
       6572.7420       1.0640846
       6572.7594       1.0646295
       6572.7768       1.0650660
       6572.7942       1.0652203
       6572.8117       1.0649926
       6572.8291       1.0643809
       6572.8465       1.0634806
       6572.8639       1.0624586
       6572.8813       1.0615123
       6572.8987       1.0608238
       6572.9161       1.0605233
       6572.9335       1.0606691
       6572.9509       1.0612467
       6572.9684       1.0621829
       6572.9858       1.0633676
       6573.0032       1.0646744
       6573.0206       1.0659758
       6573.0380       1.0671508
       6573.0554       1.0680906
       6573.0728       1.0687067
       6573.0902       1.0689433
       6573.1076       1.0687912
       6573.1250       1.0683001
       6573.1425       1.0675722
       6573.1599       1.0667416
       6573.1773       1.0659469
       6573.1947       1.0653040
       6573.2121       1.0648874
       6573.2295       1.0647241
       6573.2469       1.0647985
       6573.2643       1.0650635
       6573.2817       1.0654527
       6573.2991       1.0658918
       6573.3166       1.0663095
       6573.3340       1.0666458
       6573.3514       1.0668610
       6573.3688       1.0669408
       6573.3862       1.0668996
       6573.4036       1.0667771
       6573.4210       1.0666305
       6573.4384       1.0665222
       6573.4558       1.0665066
       6573.4732       1.0666220
       6573.4907       1.0668890
       6573.5081       1.0673161
       6573.5255       1.0679075
       6573.5429       1.0686658
       6573.5603       1.0695854
       6573.5777       1.0706381
       6573.5951       1.0717562
       6573.6125       1.0728287
       6573.6299       1.0737156
       6573.6473       1.0742845
       6573.6648       1.0744576
       6573.6822       1.0742517
       6573.6996       1.0737909
       6573.7170       1.0732824
       6573.7344       1.0729564
       6573.7518       1.0729928
       6573.7692       1.0734599
       6573.7866       1.0742829
       6573.8040       1.0752807
       6573.8214       1.0762266
       6573.8389       1.0769225
       6573.8563       1.0772510
       6573.8737       1.0771892
       6573.8911       1.0767863
       6573.9085       1.0761220
       6573.9259       1.0752705
       6573.9433       1.0742862
       6573.9607       1.0732118
       6573.9781       1.0720962
       6573.9955       1.0710072
       6574.0130       1.0700258
       6574.0304       1.0692234
       6574.0478       1.0686315
       6574.0652       1.0682197
       6574.0826       1.0678929
       6574.1000       1.0675095
       6574.1174       1.0669115
       6574.1348       1.0659556
       6574.1522       1.0645327
       6574.1697       1.0625766
       6574.1871       1.0600613
       6574.2045       1.0569965
       6574.2219       1.0534251
       6574.2393       1.0494283
       6574.2567       1.0451389
       6574.2741       1.0407578
       6574.2915       1.0365671
       6574.3089       1.0329265
       6574.3263       1.0302461
       6574.3438       1.0289327
       6574.3612       1.0293207
       6574.3786       1.0316046
       6574.3960       1.0357922
       6574.4134       1.0417014
       6574.4308       1.0489653
       6574.4482       1.0571137
       6574.4656       1.0656491
       6574.4830       1.0741112
       6574.5004       1.0821237
       6574.5179       1.0894114
       6574.5353       1.0957933
       6574.5527       1.1011637
       6574.5701       1.1054724
       6574.5875       1.1087094
       6574.6049       1.1108937
       6574.6223       1.1120622
       6574.6397       1.1122579
       6574.6571       1.1115224
       6574.6745       1.1098978
       6574.6920       1.1074392
       6574.7094       1.1042314
       6574.7268       1.1003970
       6574.7442       1.0960919
       6574.7616       1.0914870
       6574.7790       1.0867475
       6574.7964       1.0820179
       6574.8138       1.0774165
       6574.8312       1.0730365
       6574.8486       1.0689477
       6574.8661       1.0651955
       6574.8835       1.0617963
       6574.9009       1.0587368
       6574.9183       1.0559801
       6574.9357       1.0534814
       6574.9531       1.0512090
       6574.9705       1.0491614
       6574.9879       1.0473693
       6575.0053       1.0458774
       6575.0227       1.0447110
       6575.0402       1.0438449
       6575.0576       1.0431907
       6575.0750       1.0426147
       6575.0924       1.0419842
       6575.1098       1.0412239
       6575.1272       1.0403510
       6575.1446       1.0394756
       6575.1620       1.0387628
       6575.1794       1.0383685
       6575.1969       1.0383747
       6575.2143       1.0387511
       6575.2317       1.0393599
       6575.2491       1.0400025
       6575.2665       1.0404918
       6575.2839       1.0407207
       6575.3013       1.0407003
       6575.3187       1.0405543
       6575.3361       1.0404700
       6575.3535       1.0406290
       6575.3710       1.0411427
       6575.3884       1.0420218
       6575.4058       1.0431862
       6575.4232       1.0445083
       6575.4406       1.0458657
       6575.4580       1.0471767
       6575.4754       1.0484077
       6575.4928       1.0495524
       6575.5102       1.0506033
       6575.5276       1.0515323
       6575.5451       1.0522927
       6575.5625       1.0528401
       6575.5799       1.0531593
       6575.5973       1.0532832
       6575.6147       1.0532929
       6575.6321       1.0533003
       6575.6495       1.0534168
       6575.6669       1.0537207
       6575.6843       1.0542318
       6575.7017       1.0549008
       6575.7192       1.0556185
       6575.7366       1.0562430
       6575.7540       1.0566391
       6575.7714       1.0567126
       6575.7888       1.0564320
       6575.8062       1.0558321
       6575.8236       1.0550028
       6575.8410       1.0540699
       6575.8584       1.0531748
       6575.8758       1.0524558
       6575.8933       1.0520286
       6575.9107       1.0519661
       6575.9281       1.0522797
       6575.9455       1.0529132
       6575.9629       1.0537521
       6575.9803       1.0546517
       6575.9977       1.0554718
       6576.0151       1.0561068
       6576.0325       1.0564993
       6576.0499       1.0566347
       6576.0674       1.0565247
       6576.0848       1.0561865
       6576.1022       1.0556287
       6576.1196       1.0548452
       6576.1370       1.0538187
       6576.1544       1.0525315
       6576.1718       1.0509814
       6576.1892       1.0492009
       6576.2066       1.0472744
       6576.2241       1.0453456
       6576.2415       1.0436048
       6576.2589       1.0422528
       6576.2763       1.0414470
       6576.2937       1.0412514
       6576.3111       1.0416122
       6576.3285       1.0423751
       6576.3459       1.0433400
       6576.3633       1.0443286
       6576.3807       1.0452352
       6576.3982       1.0460400
       6576.4156       1.0467771
       6576.4330       1.0474864
       6576.4504       1.0481725
       6576.4678       1.0487930
       6576.4852       1.0492758
       6576.5026       1.0495565
       6576.5200       1.0496121
       6576.5374       1.0494781
       6576.5548       1.0492407
       6576.5723       1.0490090
       6576.5897       1.0488794
       6576.6071       1.0489062
       6576.6245       1.0490875
       6576.6419       1.0493714
       6576.6593       1.0496763
       6576.6767       1.0499157
       6576.6941       1.0500198
       6576.7115       1.0499474
       6576.7289       1.0496885
       6576.7464       1.0492607
       6576.7638       1.0487021
       6576.7812       1.0480622
       6576.7986       1.0473914
       6576.8160       1.0467309
       6576.8334       1.0461068
       6576.8508       1.0455280
       6576.8682       1.0449893
       6576.8856       1.0444735
       6576.9030       1.0439520
       6576.9205       1.0433857
       6576.9379       1.0427298
       6576.9553       1.0419475
       6576.9727       1.0410301
       6576.9901       1.0400157
       6577.0075       1.0389947
       6577.0249       1.0380974
       6577.0423       1.0374576
       6577.0597       1.0371756
       6577.0771       1.0372898
       6577.0946       1.0377705
       6577.1120       1.0385362
       6577.1294       1.0394844
       6577.1468       1.0405205
       6577.1642       1.0415719
       6577.1816       1.0425843
       6577.1990       1.0435085
       6577.2164       1.0442906
       6577.2338       1.0448751
       6577.2512       1.0452221
       6577.2687       1.0453274
       6577.2861       1.0452320
       6577.3035       1.0450111
       6577.3209       1.0447444
       6577.3383       1.0444789
       6577.3557       1.0442015
       6577.3731       1.0438369
       6577.3905       1.0432738
       6577.4079       1.0424111
       6577.4254       1.0412060
       6577.4428       1.0397051
       6577.4602       1.0380437
       6577.4776       1.0364147
       6577.4950       1.0350164
       6577.5124       1.0339994
       6577.5298       1.0334308
       6577.5472       1.0332870
       6577.5646       1.0334728
       6577.5820       1.0338583
       6577.5995       1.0343165
       6577.6169       1.0347517
       6577.6343       1.0351136
       6577.6517       1.0353987
       6577.6691       1.0356429
       6577.6865       1.0359101
       6577.7039       1.0362755
       6577.7213       1.0368080
       6577.7387       1.0375531
       6577.7561       1.0385198
       6577.7736       1.0396750
       6577.7910       1.0409480
       6577.8084       1.0422429
       6577.8258       1.0434556
       6577.8432       1.0444893
       6577.8606       1.0452659
       6577.8780       1.0457320
       6577.8954       1.0458620
       6577.9128       1.0456627
       6577.9302       1.0451792
       6577.9477       1.0445014
       6577.9651       1.0437628
       6577.9825       1.0431257
       6577.9999       1.0427508
       6578.0173       1.0427563
       6578.0347       1.0431808
       6578.0521       1.0439640
       6578.0695       1.0449556
       6578.0869       1.0459511
       6578.1043       1.0467417
       6578.1218       1.0471640
       6578.1392       1.0471324
       6578.1566       1.0466507
       6578.1740       1.0458005
       6578.1914       1.0447127
       6578.2088       1.0435289
       6578.2262       1.0423643
       6578.2436       1.0412820
       6578.2610       1.0402892
       6578.2784       1.0393550
       6578.2959       1.0384435
       6578.3133       1.0375460
       6578.3307       1.0366999
       6578.3481       1.0359856
       6578.3655       1.0355055
       6578.3829       1.0353529
       6578.4003       1.0355787
       6578.4177       1.0361666
       6578.4351       1.0370236
       6578.4526       1.0379928
       6578.4700       1.0388876
       6578.4874       1.0395388
       6578.5048       1.0398386
       6578.5222       1.0397643
       6578.5396       1.0393744
       6578.5570       1.0387791
       6578.5744       1.0380985
       6578.5918       1.0374269
       6578.6092       1.0368145
       6578.6267       1.0362693
       6578.6441       1.0357736
       6578.6615       1.0353039
       6578.6789       1.0348481
       6578.6963       1.0344134
       6578.7137       1.0340287
       6578.7311       1.0337428
       6578.7485       1.0336199
       6578.7659       1.0337304
       6578.7833       1.0341355
       6578.8008       1.0348671
       6578.8182       1.0359080
       6578.8356       1.0371829
       6578.8530       1.0385685
       6578.8704       1.0399201
       6578.8878       1.0411093
       6578.9052       1.0420554
       6578.9226       1.0427404
       6578.9400       1.0432028
       6578.9574       1.0435132
       6578.9749       1.0437442
       6578.9923       1.0439446
       6579.0097       1.0441248
       6579.0271       1.0442622
       6579.0445       1.0443184
       6579.0619       1.0442640
       6579.0793       1.0440983
       6579.0967       1.0438568
       6579.1141       1.0436037
       6579.1315       1.0434119
       6579.1490       1.0433392
       6579.1664       1.0434078
       6579.1838       1.0435932
       6579.2012       1.0438252
       6579.2186       1.0440002
       6579.2360       1.0440053
       6579.2534       1.0437477
       6579.2708       1.0431862
       6579.2882       1.0423532
       6579.3056       1.0413583
       6579.3231       1.0403696
       6579.3405       1.0395733
       6579.3579       1.0391244
       6579.3753       1.0391041
       6579.3927       1.0395000
       6579.4101       1.0402155
       6579.4275       1.0411052
       6579.4449       1.0420223
       6579.4623       1.0428616
       6579.4798       1.0435810
       6579.4972       1.0441979
       6579.5146       1.0447650
       6579.5320       1.0453371
       6579.5494       1.0459442
       6579.5668       1.0465788
       6579.5842       1.0472001
       6579.6016       1.0477494
       6579.6190       1.0481702
       6579.6364       1.0484260
       6579.6539       1.0485156
       6579.6713       1.0484745
       6579.6887       1.0483690
       6579.7061       1.0482767
       6579.7235       1.0482589
       6579.7409       1.0483310
       6579.7583       1.0484448
       6579.7757       1.0484903
       6579.7931       1.0483223
       6579.8105       1.0478038
       6579.8280       1.0468521
       6579.8454       1.0454711
       6579.8628       1.0437582
       6579.8802       1.0418831
       6579.8976       1.0400460
       6579.9150       1.0384266
       6579.9324       1.0371408
       6579.9498       1.0362171
       6579.9672       1.0356002
       6579.9846       1.0351810
       6580.0021       1.0348426
       6580.0195       1.0345043
       6580.0369       1.0341457
       6580.0543       1.0337982
       6580.0717       1.0335093
       6580.0891       1.0332942
       6580.1065       1.0331016
       6580.1239       1.0328113
       6580.1413       1.0322688
       6580.1587       1.0313429
       6580.1762       1.0299823
       6580.1936       1.0282458
       6580.2110       1.0262961
       6580.2284       1.0243603
       6580.2458       1.0226747
       6580.2632       1.0214353
       6580.2806       1.0207724
       6580.2980       1.0207378
       6580.3154       1.0213246
       6580.3328       1.0224862
       6580.3503       1.0241446
       6580.3677       1.0261893
       6580.3851       1.0284709
       6580.4025       1.0308026
       6580.4199       1.0329772
       6580.4373       1.0348012
       6580.4547       1.0361378
       6580.4721       1.0369435
       6580.4895       1.0372862
       6580.5069       1.0373351
       6580.5244       1.0373251
       6580.5418       1.0375030
       6580.5592       1.0380695
       6580.5766       1.0391325
       6580.5940       1.0406803
       6580.6114       1.0425847
       6580.6288       1.0446313
       6580.6462       1.0465711
       6580.6636       1.0481808
       6580.6811       1.0493151
       6580.6985       1.0499352
       6580.7159       1.0501050
       6580.7333       1.0499586
       6580.7507       1.0496473
       6580.7681       1.0492866
       6580.7855       1.0489175
       6580.8029       1.0484948
       6580.8203       1.0479078
       6580.8377       1.0470251
       6580.8552       1.0457514
       6580.8726       1.0440733
       6580.8900       1.0420779
       6580.9074       1.0399343
       6580.9248       1.0378489
       6580.9422       1.0360105
       6580.9596       1.0345435
       6580.9770       1.0334970
       6580.9944       1.0328569
       6581.0118       1.0325715
       6581.0293       1.0325769
       6581.0467       1.0328093
       6581.0641       1.0332027
       6581.0815       1.0336790
       6581.0989       1.0341408
       6581.1163       1.0344764
       6581.1337       1.0345798
       6581.1511       1.0343795
       6581.1685       1.0338646
       6581.1859       1.0330955
       6581.2034       1.0321920
       6581.2208       1.0313005
       6581.2382       1.0305512
       6581.2556       1.0300205
       6581.2730       1.0297160
       6581.2904       1.0295885
       6581.3078       1.0295682
       6581.3252       1.0296090
       6581.3426       1.0297196
       6581.3600       1.0299678
       6581.3775       1.0304525
       6581.3949       1.0312557
       6581.4123       1.0323958
       6581.4297       1.0338027
       6581.4471       1.0353284
       6581.4645       1.0367868
       6581.4819       1.0380088
       6581.4993       1.0388875
       6581.5167       1.0393958
       6581.5341       1.0395724
       6581.5516       1.0394846
       6581.5690       1.0391879
       6581.5864       1.0387011
       6581.6038       1.0380140
       6581.6212       1.0371143
       6581.6386       1.0360262
       6581.6560       1.0348355
       6581.6734       1.0336870
       6581.6908       1.0327539
       6581.7083       1.0321908
       6581.7257       1.0320914
       6581.7431       1.0324666
       6581.7605       1.0332497
       6581.7779       1.0343216
       6581.7953       1.0355411
       6581.8127       1.0367705
       6581.8301       1.0378894
       6581.8475       1.0388020
       6581.8649       1.0394412
       6581.8824       1.0397730
       6581.8998       1.0397981
       6581.9172       1.0395487
       6581.9346       1.0390786
       6581.9520       1.0384487
       6581.9694       1.0377156
       6581.9868       1.0369267
       6582.0042       1.0361241
       6582.0216       1.0353531
       6582.0390       1.0346679
       6582.0565       1.0341272
       6582.0739       1.0337795
       6582.0913       1.0336445
       6582.1087       1.0337020
       6582.1261       1.0338983
       6582.1435       1.0341685
       6582.1609       1.0344631
       6582.1783       1.0347640
       6582.1957       1.0350763
       6582.2131       1.0354028
       6582.2306       1.0357143
       6582.2480       1.0359377
       6582.2654       1.0359726
       6582.2828       1.0357243
       6582.3002       1.0351368
       6582.3176       1.0342095
       6582.3350       1.0329940
       6582.3524       1.0315816
       6582.3698       1.0300928
       6582.3872       1.0286747
       6582.4047       1.0274952
       6582.4221       1.0267232
       6582.4395       1.0264912
       6582.4569       1.0268506
       6582.4743       1.0277422
       6582.4917       1.0290009
       6582.5091       1.0303990
       6582.5265       1.0317122
       6582.5439       1.0327839
       6582.5613       1.0335616
       6582.5788       1.0340953
       6582.5962       1.0345012
       6582.6136       1.0349090
       6582.6310       1.0354142
       6582.6484       1.0360494
       6582.6658       1.0367812
       6582.6832       1.0375283
       6582.7006       1.0381920
       6582.7180       1.0386852
       6582.7355       1.0389547
       6582.7529       1.0389899
       6582.7703       1.0388203
       6582.7877       1.0385058
       6582.8051       1.0381245
       6582.8225       1.0377630
       6582.8399       1.0375091
       6582.8573       1.0374460
       6582.8747       1.0376446
       6582.8921       1.0381521
       6582.9096       1.0389739
       6582.9270       1.0400665
       6582.9444       1.0413382
       6582.9618       1.0426640
       6582.9792       1.0439154
       6582.9966       1.0449928
       6583.0140       1.0458511
       6583.0314       1.0465072
       6583.0488       1.0470267
       6583.0662       1.0474957
       6583.0837       1.0479870
       6583.1011       1.0485335
       6583.1185       1.0491180
       6583.1359       1.0496813
       6583.1533       1.0501467
       6583.1707       1.0504488
       6583.1881       1.0505579
       6583.2055       1.0504867
       6583.2229       1.0502814
       6583.2403       1.0499985
       6583.2578       1.0496822
       6583.2752       1.0493516
       6583.2926       1.0490045
       6583.3100       1.0486355
       6583.3274       1.0482552
       6583.3448       1.0479013
       6583.3622       1.0476304
       6583.3796       1.0474948
       6583.3970       1.0475120
       6583.4144       1.0476420
       6583.4319       1.0477820
       6583.4493       1.0477841
       6583.4667       1.0474899
       6583.4841       1.0467716
       6583.5015       1.0455666
       6583.5189       1.0438938
       6583.5363       1.0418460
       6583.5537       1.0395668
       6583.5711       1.0372101
       6583.5885       1.0349042
       6583.6060       1.0327347
       6583.6234       1.0307452
       6583.6408       1.0289542
       6583.6582       1.0273766
       6583.6756       1.0260362
       6583.6930       1.0249624
       6583.7104       1.0241721
       6583.7278       1.0236505
       6583.7452       1.0233451
       6583.7626       1.0231798
       6583.7801       1.0230844
       6583.7975       1.0230236
       6583.8149       1.0230106
       6583.8323       1.0230970
       6583.8497       1.0233459
       6583.8671       1.0238029
       6583.8845       1.0244786
       6583.9019       1.0253502
       6583.9193       1.0263759
       6583.9368       1.0275127
       6583.9542       1.0287255
       6583.9716       1.0299845
       6583.9890       1.0312567
       6584.0064       1.0324999
       6584.0238       1.0336665
       6584.0412       1.0347176
       6584.0586       1.0356381
       6584.0760       1.0364440
       6584.0934       1.0371745
       6584.1109       1.0378703
       6584.1283       1.0385486
       6584.1457       1.0391849
       6584.1631       1.0397104
       6584.1805       1.0400266
       6584.1979       1.0400257
       6584.2153       1.0396196
       6584.2327       1.0387502
       6584.2501       1.0373990
       6584.2675       1.0355935
       6584.2850       1.0334168
       6584.3024       1.0310166
       6584.3198       1.0286051
       6584.3372       1.0264377
       6584.3546       1.0247675
       6584.3720       1.0237854
       6584.3894       1.0235705
       6584.4068       1.0240690
       6584.4242       1.0251121
       6584.4416       1.0264638
       6584.4591       1.0278759
       6584.4765       1.0291320
       6584.4939       1.0300682
       6584.5113       1.0305777
       6584.5287       1.0306054
       6584.5461       1.0301428
       6584.5635       1.0292232
       6584.5809       1.0279140
       6584.5983       1.0263015
       6584.6157       1.0244735
       6584.6332       1.0225045
       6584.6506       1.0204541
       6584.6680       1.0183808
       6584.6854       1.0163644
       6584.7028       1.0145253
       6584.7202       1.0130252
       6584.7376       1.0120463
       6584.7550       1.0117512
       6584.7724       1.0122388
       6584.7898       1.0135128
       6584.8073       1.0154722
       6584.8247       1.0179296
       6584.8421       1.0206489
       6584.8595       1.0233903
       6584.8769       1.0259568
       6584.8943       1.0282182
       6584.9117       1.0301145
       6584.9291       1.0316431
       6584.9465       1.0328355
       6584.9640       1.0337333
       6584.9814       1.0343684
       6584.9988       1.0347521
