# Angstrom [air],  flux [abs.cor.cont.sub+1]
       6544.9938       1.0199056
       6545.0112       1.0195479
       6545.0286       1.0193667
       6545.0460       1.0193850
       6545.0634       1.0196153
       6545.0808       1.0200405
       6545.0983       1.0206077
       6545.1157       1.0212404
       6545.1331       1.0218687
       6545.1505       1.0224603
       6545.1679       1.0230332
       6545.1853       1.0236398
       6545.2027       1.0243336
       6545.2201       1.0251368
       6545.2375       1.0260281
       6545.2549       1.0269554
       6545.2724       1.0278651
       6545.2898       1.0287274
       6545.3072       1.0295459
       6545.3246       1.0303470
       6545.3420       1.0311625
       6545.3594       1.0320181
       6545.3768       1.0329382
       6545.3942       1.0339633
       6545.4116       1.0351695
       6545.4291       1.0366766
       6545.4465       1.0386399
       6545.4639       1.0412290
       6545.4813       1.0446044
       6545.4987       1.0489004
       6545.5161       1.0542171
       6545.5335       1.0606168
       6545.5509       1.0681177
       6545.5683       1.0766826
       6545.5857       1.0862062
       6545.6032       1.0965087
       6545.6206       1.1073419
       6545.6380       1.1184074
       6545.6554       1.1293834
       6545.6728       1.1399528
       6545.6902       1.1498292
       6545.7076       1.1587802
       6545.7250       1.1666485
       6545.7424       1.1733661
       6545.7598       1.1789562
       6545.7773       1.1835100
       6545.7947       1.1871408
       6545.8121       1.1899108
       6545.8295       1.1917752
       6545.8469       1.1925551
       6545.8643       1.1919573
       6545.8817       1.1896385
       6545.8991       1.1852915
       6545.9165       1.1787257
       6545.9339       1.1699186
       6545.9514       1.1590308
       6545.9688       1.1463834
       6545.9862       1.1324082
       6546.0036       1.1175788
       6546.0210       1.1023336
       6546.0384       1.0870088
       6546.0558       1.0717993
       6546.0732       1.0567638
       6546.0906       1.0418736
       6546.1081       1.0270858
       6546.1255       1.0124133
       6546.1429      0.99796063
       6546.1603      0.98391956
       6546.1777      0.97053152
       6546.1951      0.95804103
       6546.2125      0.94666038
       6546.2299      0.93655547
       6546.2473      0.92784994
       6546.2647      0.92063729
       6546.2822      0.91499125
       6546.2996      0.91096912
       6546.3170      0.90860811
       6546.3344      0.90791689
       6546.3518      0.90886488
       6546.3692      0.91137158
       6546.3866      0.91529818
       6546.4040      0.92044457
       6546.4214      0.92655481
       6546.4388      0.93333494
       6546.4563      0.94047369
       6546.4737      0.94768522
       6546.4911      0.95474073
       6546.5085      0.96149013
       6546.5259      0.96786770
       6546.5433      0.97387853
       6546.5607      0.97957075
       6546.5781      0.98500310
       6546.5955      0.99021815
       6546.6130      0.99522800
       6546.6304       1.0000138
       6546.6478       1.0045364
       6546.6652       1.0087524
       6546.6826       1.0126313
       6546.7000       1.0161675
       6546.7174       1.0193839
       6546.7348       1.0223247
       6546.7522       1.0250384
       6546.7696       1.0275571
       6546.7871       1.0298811
       6546.8045       1.0319748
       6546.8219       1.0337754
       6546.8393       1.0352113
       6546.8567       1.0362226
       6546.8741       1.0367775
       6546.8915       1.0368823
       6546.9089       1.0365838
       6546.9263       1.0359658
       6546.9437       1.0351409
       6546.9612       1.0342373
       6546.9786       1.0333814
       6546.9960       1.0326778
       6547.0134       1.0321898
       6547.0308       1.0319258
       6547.0482       1.0318366
       6547.0656       1.0318256
       6547.0830       1.0317724
       6547.1004       1.0315615
       6547.1179       1.0311146
       6547.1353       1.0304086
       6547.1527       1.0294828
       6547.1701       1.0284332
       6547.1875       1.0273951
       6547.2049       1.0265200
       6547.2223       1.0259511
       6547.2397       1.0258027
       6547.2571       1.0261452
       6547.2745       1.0269983
       6547.2920       1.0283286
       6547.3094       1.0300514
       6547.3268       1.0320362
       6547.3442       1.0341191
       6547.3616       1.0361203
       6547.3790       1.0378698
       6547.3964       1.0392312
       6547.4138       1.0401215
       6547.4312       1.0405201
       6547.4486       1.0404666
       6547.4661       1.0400505
       6547.4835       1.0393958
       6547.5009       1.0386422
       6547.5183       1.0379258
       6547.5357       1.0373596
       6547.5531       1.0370176
       6547.5705       1.0369267
       6547.5879       1.0370693
       6547.6053       1.0373965
       6547.6227       1.0378478
       6547.6402       1.0383678
       6547.6576       1.0389162
       6547.6750       1.0394684
       6547.6924       1.0400101
       6547.7098       1.0405326
       6547.7272       1.0410323
       6547.7446       1.0415139
       6547.7620       1.0419941
       6547.7794       1.0424991
       6547.7969       1.0430585
       6547.8143       1.0436958
       6547.8317       1.0444179
       6547.8491       1.0452050
       6547.8665       1.0460038
       6547.8839       1.0467243
       6547.9013       1.0472498
       6547.9187       1.0474595
       6547.9361       1.0472631
       6547.9535       1.0466315
       6547.9710       1.0456083
       6547.9884       1.0442911
       6548.0058       1.0427869
       6548.0232       1.0411607
       6548.0406       1.0394016
       6548.0580       1.0374235
       6548.0754       1.0351007
       6548.0928       1.0323239
       6548.1102       1.0290568
       6548.1276       1.0253744
       6548.1451       1.0214757
       6548.1625       1.0176676
       6548.1799       1.0143237
       6548.1973       1.0118240
       6548.2147       1.0104845
       6548.2321       1.0104937
       6548.2495       1.0118695
       6548.2669       1.0144507
       6548.2843       1.0179254
       6548.3018       1.0218883
       6548.3192       1.0259124
       6548.3366       1.0296189
       6548.3540       1.0327294
       6548.3714       1.0350942
       6548.3888       1.0366899
       6548.4062       1.0375976
       6548.4236       1.0379610
       6548.4410       1.0379318
       6548.4584       1.0376390
       6548.4759       1.0371780
       6548.4933       1.0366212
       6548.5107       1.0360417
       6548.5281       1.0355326
       6548.5455       1.0352103
       6548.5629       1.0351998
       6548.5803       1.0356093
       6548.5977       1.0365052
       6548.6151       1.0378973
       6548.6325       1.0397357
       6548.6500       1.0419176
       6548.6674       1.0443022
       6548.6848       1.0467304
       6548.7022       1.0490480
       6548.7196       1.0511287
       6548.7370       1.0528894
       6548.7544       1.0542956
       6548.7718       1.0553546
       6548.7892       1.0561027
       6548.8067       1.0565916
       6548.8241       1.0568774
       6548.8415       1.0570125
       6548.8589       1.0570340
       6548.8763       1.0569499
       6548.8937       1.0567256
       6548.9111       1.0562815
       6548.9285       1.0555109
       6548.9459       1.0543182
       6548.9633       1.0526651
       6548.9808       1.0506022
       6548.9982       1.0482707
       6549.0156       1.0458686
       6549.0330       1.0435979
       6549.0504       1.0416211
       6549.0678       1.0400326
       6549.0852       1.0388744
       6549.1026       1.0381589
       6549.1200       1.0378842
       6549.1374       1.0380293
       6549.1549       1.0385367
       6549.1723       1.0392997
       6549.1897       1.0401725
       6549.2071       1.0410059
       6549.2245       1.0416925
       6549.2419       1.0421998
       6549.2593       1.0425711
       6549.2767       1.0428958
       6549.2941       1.0432610
       6549.3115       1.0437102
       6549.3290       1.0442244
       6549.3464       1.0447347
       6549.3638       1.0451566
       6549.3812       1.0454305
       6549.3986       1.0455505
       6549.4160       1.0455675
       6549.4334       1.0455675
       6549.4508       1.0456331
       6549.4682       1.0458073
       6549.4857       1.0460737
       6549.5031       1.0463647
       6549.5205       1.0465938
       6549.5379       1.0466981
       6549.5553       1.0466710
       6549.5727       1.0465685
       6549.5901       1.0464871
       6549.6075       1.0465222
       6549.6249       1.0467297
       6549.6423       1.0471076
       6549.6598       1.0476056
       6549.6772       1.0481555
       6549.6946       1.0487023
       6549.7120       1.0492234
       6549.7294       1.0497238
       6549.7468       1.0502127
       6549.7642       1.0506754
       6549.7816       1.0510542
       6549.7990       1.0512499
       6549.8164       1.0511448
       6549.8339       1.0506426
       6549.8513       1.0497107
       6549.8687       1.0484081
       6549.8861       1.0468881
       6549.9035       1.0453703
       6549.9209       1.0440909
       6549.9383       1.0432478
       6549.9557       1.0429580
       6549.9731       1.0432383
       6549.9906       1.0440111
       6550.0080       1.0451289
       6550.0254       1.0464047
       6550.0428       1.0476433
       6550.0602       1.0486676
       6550.0776       1.0493402
       6550.0950       1.0495828
       6550.1124       1.0493887
       6550.1298       1.0488288
       6550.1472       1.0480441
       6550.1647       1.0472230
       6550.1821       1.0465637
       6550.1995       1.0462289
       6550.2169       1.0463059
       6550.2343       1.0467841
       6550.2517       1.0475587
       6550.2691       1.0484614
       6550.2865       1.0493079
       6550.3039       1.0499463
       6550.3213       1.0502922
       6550.3388       1.0503415
       6550.3562       1.0501614
       6550.3736       1.0498694
       6550.3910       1.0495961
       6550.4084       1.0494565
       6550.4258       1.0495251
       6550.4432       1.0498188
       6550.4606       1.0502918
       6550.4780       1.0508414
       6550.4955       1.0513280
       6550.5129       1.0516055
       6550.5303       1.0515565
       6550.5477       1.0511226
       6550.5651       1.0503228
       6550.5825       1.0492535
       6550.5999       1.0480734
       6550.6173       1.0469782
       6550.6347       1.0461706
       6550.6521       1.0458294
       6550.6696       1.0460775
       6550.6870       1.0469529
       6550.7044       1.0483883
       6550.7218       1.0502111
       6550.7392       1.0521698
       6550.7566       1.0539862
       6550.7740       1.0554191
       6550.7914       1.0563181
       6550.8088       1.0566488
       6550.8262       1.0564838
       6550.8437       1.0559666
       6550.8611       1.0552693
       6550.8785       1.0545607
       6550.8959       1.0539909
       6550.9133       1.0536866
       6550.9307       1.0537444
       6550.9481       1.0542154
       6550.9655       1.0550852
       6550.9829       1.0562608
       6551.0003       1.0575755
       6551.0178       1.0588147
       6551.0352       1.0597659
       6551.0526       1.0602647
       6551.0700       1.0602318
       6551.0874       1.0596877
       6551.1048       1.0587437
       6551.1222       1.0575727
       6551.1396       1.0563713
       6551.1570       1.0553215
       6551.1745       1.0545607
       6551.1919       1.0541635
       6551.2093       1.0541377
       6551.2267       1.0544334
       6551.2441       1.0549628
       6551.2615       1.0556240
       6551.2789       1.0563224
       6551.2963       1.0569824
       6551.3137       1.0575505
       6551.3311       1.0579938
       6551.3486       1.0582969
       6551.3660       1.0584622
       6551.3834       1.0585096
       6551.4008       1.0584734
       6551.4182       1.0583935
       6551.4356       1.0582993
       6551.4530       1.0581921
       6551.4704       1.0580343
       6551.4878       1.0577535
       6551.5052       1.0572696
       6551.5227       1.0565361
       6551.5401       1.0555839
       6551.5575       1.0545455
       6551.5749       1.0536437
       6551.5923       1.0531416
       6551.6097       1.0532675
       6551.6271       1.0541376
       6551.6445       1.0557061
       6551.6619       1.0577571
       6551.6794       1.0599437
       6551.6968       1.0618780
       6551.7142       1.0632190
       6551.7316       1.0637496
       6551.7490       1.0634199
       6551.7664       1.0623500
       6551.7838       1.0607980
       6551.8012       1.0591052
       6551.8186       1.0576307
       6551.8360       1.0566873
       6551.8535       1.0564857
       6551.8709       1.0570962
       6551.8883       1.0584362
       6551.9057       1.0602876
       6551.9231       1.0623434
       6551.9405       1.0642724
       6551.9579       1.0657823
       6551.9753       1.0666660
       6551.9927       1.0668201
       6552.0101       1.0662370
       6552.0276       1.0649829
       6552.0450       1.0631722
       6552.0624       1.0609489
       6552.0798       1.0584744
       6552.0972       1.0559227
       6552.1146       1.0534762
       6552.1320       1.0513196
       6552.1494       1.0496254
       6552.1668       1.0485320
       6552.1843       1.0481183
       6552.2017       1.0483853
       6552.2191       1.0492551
       6552.2365       1.0505893
       6552.2539       1.0522230
       6552.2713       1.0539977
       6552.2887       1.0557857
       6552.3061       1.0574985
       6552.3235       1.0590865
       6552.3409       1.0605334
       6552.3584       1.0618478
       6552.3758       1.0630533
       6552.3932       1.0641738
       6552.4106       1.0652172
       6552.4280       1.0661615
       6552.4454       1.0669548
       6552.4628       1.0675283
       6552.4802       1.0678218
       6552.4976       1.0678106
       6552.5150       1.0675262
       6552.5325       1.0670604
       6552.5499       1.0665550
       6552.5673       1.0661756
       6552.5847       1.0660787
       6552.6021       1.0663808
       6552.6195       1.0671388
       6552.6369       1.0683477
       6552.6543       1.0699528
       6552.6717       1.0718690
       6552.6891       1.0739949
       6552.7066       1.0762194
       6552.7240       1.0784253
       6552.7414       1.0804980
       6552.7588       1.0823454
       6552.7762       1.0839222
       6552.7936       1.0852441
       6552.8110       1.0863792
       6552.8284       1.0874140
       6552.8458       1.0884091
       6552.8633       1.0893638
       6552.8807       1.0902101
       6552.8981       1.0908400
       6552.9155       1.0911544
       6552.9329       1.0911103
       6552.9503       1.0907464
       6552.9677       1.0901766
       6552.9851       1.0895534
       6553.0025       1.0890189
       6553.0199       1.0886651
       6553.0374       1.0885111
       6553.0548       1.0884997
       6553.0722       1.0885122
       6553.0896       1.0883943
       6553.1070       1.0879910
       6553.1244       1.0871798
       6553.1418       1.0858960
       6553.1592       1.0841399
       6553.1766       1.0819639
       6553.1940       1.0794480
       6553.2115       1.0766755
       6553.2289       1.0737245
       6553.2463       1.0706793
       6553.2637       1.0676535
       6553.2811       1.0648091
       6553.2985       1.0623532
       6553.3159       1.0605082
       6553.3333       1.0594648
       6553.3507       1.0593364
       6553.3682       1.0601330
       6553.3856       1.0617602
       6553.4030       1.0640400
       6553.4204       1.0667399
       6553.4378       1.0696034
       6553.4552       1.0723798
       6553.4726       1.0748536
       6553.4900       1.0768730
       6553.5074       1.0783710
       6553.5248       1.0793698
       6553.5423       1.0799640
       6553.5597       1.0802863
       6553.5771       1.0804687
       6553.5945       1.0806118
       6553.6119       1.0807736
       6553.6293       1.0809763
       6553.6467       1.0812239
       6553.6641       1.0815202
       6553.6815       1.0818756
       6553.6989       1.0823014
       6553.7164       1.0827978
       6553.7338       1.0833457
       6553.7512       1.0839094
       6553.7686       1.0844524
       6553.7860       1.0849574
       6553.8034       1.0854371
       6553.8208       1.0859291
       6553.8382       1.0864751
       6553.8556       1.0870967
       6553.8731       1.0877829
       6553.8905       1.0884962
       6553.9079       1.0891953
       6553.9253       1.0898575
       6553.9427       1.0904854
       6553.9601       1.0910896
       6553.9775       1.0916560
       6553.9949       1.0921169
       6554.0123       1.0923483
       6554.0297       1.0922016
       6554.0472       1.0915605
       6554.0646       1.0904005
       6554.0820       1.0888202
       6554.0994       1.0870295
       6554.1168       1.0852927
       6554.1342       1.0838479
       6554.1516       1.0828350
       6554.1690       1.0822589
       6554.1864       1.0820041
       6554.2038       1.0818910
       6554.2213       1.0817512
       6554.2387       1.0814907
       6554.2561       1.0811184
       6554.2735       1.0807353
       6554.2909       1.0804881
       6554.3083       1.0805103
       6554.3257       1.0808766
       6554.3431       1.0815811
       6554.3605       1.0825444
       6554.3779       1.0836424
       6554.3954       1.0847424
       6554.4128       1.0857355
       6554.4302       1.0865555
       6554.4476       1.0871856
       6554.4650       1.0876527
       6554.4824       1.0880126
       6554.4998       1.0883319
       6554.5172       1.0886674
       6554.5346       1.0890516
       6554.5521       1.0894872
       6554.5695       1.0899515
       6554.5869       1.0904099
       6554.6043       1.0908327
       6554.6217       1.0912085
       6554.6391       1.0915514
       6554.6565       1.0919002
       6554.6739       1.0923127
       6554.6913       1.0928595
       6554.7087       1.0936204
       6554.7262       1.0946829
       6554.7436       1.0961355
       6554.7610       1.0980528
       6554.7784       1.1004709
       6554.7958       1.1033634
       6554.8132       1.1066289
       6554.8306       1.1101025
       6554.8480       1.1135924
       6554.8654       1.1169326
       6554.8828       1.1200337
       6554.9003       1.1229112
       6554.9177       1.1256789
       6554.9351       1.1285026
       6554.9525       1.1315279
       6554.9699       1.1348173
       6554.9873       1.1383119
       6555.0047       1.1418355
       6555.0221       1.1451363
       6555.0395       1.1479479
       6555.0570       1.1500469
       6555.0744       1.1512850
       6555.0918       1.1515921
       6555.1092       1.1509555
       6555.1266       1.1493906
       6555.1440       1.1469209
       6555.1614       1.1435747
       6555.1788       1.1394005
       6555.1962       1.1344899
       6555.2136       1.1289935
       6555.2311       1.1231170
       6555.2485       1.1170935
       6555.2659       1.1111415
       6555.2833       1.1054245
       6555.3007       1.1000288
       6555.3181       1.0949658
       6555.3355       1.0901958
       6555.3529       1.0856617
       6555.3703       1.0813197
       6555.3877       1.0771605
       6555.4052       1.0732156
       6555.4226       1.0695536
       6555.4400       1.0662667
       6555.4574       1.0634549
       6555.4748       1.0612088
       6555.4922       1.0595922
       6555.5096       1.0586270
       6555.5270       1.0582815
       6555.5444       1.0584672
       6555.5619       1.0590515
       6555.5793       1.0598822
       6555.5967       1.0608278
       6555.6141       1.0618087
       6555.6315       1.0628075
       6555.6489       1.0638537
       6555.6663       1.0649926
       6555.6837       1.0662532
       6555.7011       1.0676334
       6555.7185       1.0691073
       6555.7360       1.0706475
       6555.7534       1.0722467
       6555.7708       1.0739243
       6555.7882       1.0757138
       6555.8056       1.0776381
       6555.8230       1.0796850
       6555.8404       1.0817959
       6555.8578       1.0838712
       6555.8752       1.0857872
       6555.8926       1.0874173
       6555.9101       1.0886484
       6555.9275       1.0893925
       6555.9449       1.0895970
       6555.9623       1.0892562
       6555.9797       1.0884226
       6555.9971       1.0872107
       6556.0145       1.0857891
       6556.0319       1.0843579
       6556.0493       1.0831203
       6556.0667       1.0822569
       6556.0842       1.0819086
       6556.1016       1.0821669
       6556.1190       1.0830673
       6556.1364       1.0845827
       6556.1538       1.0866216
       6556.1712       1.0890344
       6556.1886       1.0916339
       6556.2060       1.0942266
       6556.2234       1.0966438
       6556.2409       1.0987705
       6556.2583       1.1005490
       6556.2757       1.1019685
       6556.2931       1.1030449
       6556.3105       1.1037992
       6556.3279       1.1042460
       6556.3453       1.1043961
       6556.3627       1.1042679
       6556.3801       1.1039001
       6556.3975       1.1033541
       6556.4150       1.1027003
       6556.4324       1.1019942
       6556.4498       1.1012522
       6556.4672       1.1004418
       6556.4846       1.0994947
       6556.5020       1.0983382
       6556.5194       1.0969313
       6556.5368       1.0952888
       6556.5542       1.0934797
       6556.5716       1.0916004
       6556.5891       1.0897366
       6556.6065       1.0879317
       6556.6239       1.0861775
       6556.6413       1.0844350
       6556.6587       1.0826738
       6556.6761       1.0809135
       6556.6935       1.0792484
       6556.7109       1.0778405
       6556.7283       1.0768834
       6556.7458       1.0765461
       6556.7632       1.0769190
       6556.7806       1.0779803
       6556.7980       1.0795952
       6556.8154       1.0815480
       6556.8328       1.0835958
       6556.8502       1.0855259
       6556.8676       1.0871990
       6556.8850       1.0885755
       6556.9024       1.0897093
       6556.9199       1.0907200
       6556.9373       1.0917531
       6556.9547       1.0929360
       6556.9721       1.0943390
       6556.9895       1.0959523
       6557.0069       1.0976859
       6557.0243       1.0993944
       6557.0417       1.1009171
       6557.0591       1.1021201
       6557.0765       1.1029247
       6557.0940       1.1033156
       6557.1114       1.1033336
       6557.1288       1.1030652
       6557.1462       1.1026383
       6557.1636       1.1022238
       6557.1810       1.1020313
       6557.1984       1.1022863
       6557.2158       1.1031860
       6557.2332       1.1048443
       6557.2507       1.1072506
       6557.2681       1.1102587
       6557.2855       1.1136147
       6557.3029       1.1170108
       6557.3203       1.1201461
       6557.3377       1.1227748
       6557.3551       1.1247313
       6557.3725       1.1259358
       6557.3899       1.1263862
       6557.4073       1.1261461
       6557.4248       1.1253291
       6557.4422       1.1240822
       6557.4596       1.1225669
       6557.4770       1.1209398
       6557.4944       1.1193340
       6557.5118       1.1178433
       6557.5292       1.1165136
       6557.5466       1.1153389
       6557.5640       1.1142812
       6557.5814       1.1132982
       6557.5989       1.1123774
       6557.6163       1.1115626
       6557.6337       1.1109577
       6557.6511       1.1107045
       6557.6685       1.1109388
       6557.6859       1.1117415
       6557.7033       1.1131019
       6557.7207       1.1149077
       6557.7381       1.1169664
       6557.7555       1.1190515
       6557.7730       1.1209577
       6557.7904       1.1225464
       6557.8078       1.1237665
       6557.8252       1.1246444
       6557.8426       1.1252527
       6557.8600       1.1256722
       6557.8774       1.1259630
       6557.8948       1.1261554
       6557.9122       1.1262588
       6557.9297       1.1262793
       6557.9471       1.1262367
       6557.9645       1.1261720
       6557.9819       1.1261445
       6557.9993       1.1262179
       6558.0167       1.1264442
       6558.0341       1.1268472
       6558.0515       1.1274140
       6558.0689       1.1280966
       6558.0863       1.1288235
       6558.1038       1.1295160
       6558.1212       1.1301046
       6558.1386       1.1305385
       6558.1560       1.1307901
       6558.1734       1.1308527
       6558.1908       1.1307408
       6558.2082       1.1304836
       6558.2256       1.1301211
       6558.2430       1.1297013
       6558.2604       1.1292790
       6558.2779       1.1289139
       6558.2953       1.1286673
       6558.3127       1.1285926
       6558.3301       1.1287248
       6558.3475       1.1290715
       6558.3649       1.1296121
       6558.3823       1.1303070
       6558.3997       1.1311103
       6558.4171       1.1319782
       6558.4346       1.1328672
       6558.4520       1.1337235
       6558.4694       1.1344721
       6558.4868       1.1350181
       6558.5042       1.1352650
       6558.5216       1.1351460
       6558.5390       1.1346588
       6558.5564       1.1338846
       6558.5738       1.1329839
       6558.5912       1.1321655
       6558.6087       1.1316380
       6558.6261       1.1315609
       6558.6435       1.1320089
       6558.6609       1.1329599
       6558.6783       1.1343070
       6558.6957       1.1358914
       6558.7131       1.1375425
       6558.7305       1.1391177
       6558.7479       1.1405281
       6558.7653       1.1417459
       6558.7828       1.1427932
       6558.8002       1.1437219
       6558.8176       1.1445938
       6558.8350       1.1454719
       6558.8524       1.1464211
       6558.8698       1.1475102
       6558.8872       1.1488112
       6558.9046       1.1503890
       6558.9220       1.1522854
       6558.9394       1.1545052
       6558.9569       1.1570119
       6558.9743       1.1597370
       6558.9917       1.1625990
       6559.0091       1.1655240
       6559.0265       1.1684607
       6559.0439       1.1713846
       6559.0613       1.1742919
       6559.0787       1.1771857
       6559.0961       1.1800566
       6559.1136       1.1828645
       6559.1310       1.1855242
       6559.1484       1.1879049
       6559.1658       1.1898462
       6559.1832       1.1911900
       6559.2006       1.1918173
       6559.2180       1.1916760
       6559.2354       1.1907897
       6559.2528       1.1892473
       6559.2702       1.1871810
       6559.2877       1.1847448
       6559.3051       1.1820962
       6559.3225       1.1793797
       6559.3399       1.1767052
       6559.3573       1.1741233
       6559.3747       1.1716068
       6559.3921       1.1690529
       6559.4095       1.1663142
       6559.4269       1.1632505
       6559.4443       1.1597870
       6559.4618       1.1559541
       6559.4792       1.1518967
       6559.4966       1.1478568
       6559.5140       1.1441139
       6559.5314       1.1409286
       6559.5488       1.1384913
       6559.5662       1.1368928
       6559.5836       1.1361221
       6559.6010       1.1360861
       6559.6185       1.1366432
       6559.6359       1.1376378
       6559.6533       1.1389307
       6559.6707       1.1404258
       6559.6881       1.1420922
       6559.7055       1.1439801
       6559.7229       1.1462204
       6559.7403       1.1489980
       6559.7577       1.1524975
       6559.7751       1.1568320
       6559.7926       1.1619800
       6559.8100       1.1677579
       6559.8274       1.1738439
       6559.8448       1.1798504
       6559.8622       1.1854205
       6559.8796       1.1903146
       6559.8970       1.1944558
       6559.9144       1.1979238
       6559.9318       1.2009027
       6559.9492       1.2036088
       6559.9667       1.2062244
       6559.9841       1.2088616
       6560.0015       1.2115598
       6560.0189       1.2143106
       6560.0363       1.2170923
       6560.0537       1.2198942
       6560.0711       1.2227203
       6560.0885       1.2255705
       6560.1059       1.2284145
       6560.1234       1.2311744
       6560.1408       1.2337331
       6560.1582       1.2359727
       6560.1756       1.2378230
       6560.1930       1.2392973
       6560.2104       1.2404952
       6560.2278       1.2415693
       6560.2452       1.2426704
       6560.2626       1.2438957
       6560.2800       1.2452640
       6560.2975       1.2467220
       6560.3149       1.2481756
       6560.3323       1.2495306
       6560.3497       1.2507280
       6560.3671       1.2517627
       6560.3845       1.2526834
       6560.4019       1.2535750
       6560.4193       1.2545299
       6560.4367       1.2556219
       6560.4541       1.2568902
       6560.4716       1.2583408
       6560.4890       1.2599586
       6560.5064       1.2617214
       6560.5238       1.2636066
       6560.5412       1.2655897
       6560.5586       1.2676392
       6560.5760       1.2697165
       6560.5934       1.2717836
       6560.6108       1.2738160
       6560.6282       1.2758125
       6560.6457       1.2777993
       6560.6631       1.2798289
       6560.6805       1.2819806
       6560.6979       1.2843655
       6560.7153       1.2871301
       6560.7327       1.2904496
       6560.7501       1.2945002
       6560.7675       1.2994143
       6560.7849       1.3052365
       6560.8024       1.3118721
       6560.8198       1.3191077
       6560.8372       1.3266461
       6560.8546       1.3341731
       6560.8720       1.3414337
       6560.8894       1.3482933
       6560.9068       1.3547655
       6560.9242       1.3609977
       6560.9416       1.3672174
       6560.9590       1.3736575
       6560.9765       1.3804845
       6560.9939       1.3877559
       6561.0113       1.3954204
       6561.0287       1.4033580
       6561.0461       1.4114429
       6561.0635       1.4196028
       6561.0809       1.4278504
       6561.0983       1.4362757
       6561.1157       1.4450027
       6561.1331       1.4541294
       6561.1506       1.4636781
       6561.1680       1.4735800
       6561.1854       1.4837034
       6561.2028       1.4939162
       6561.2202       1.5041573
       6561.2376       1.5144869
       6561.2550       1.5250941
       6561.2724       1.5362604
       6561.2898       1.5482895
       6561.3073       1.5614266
       6561.3247       1.5757900
       6561.3421       1.5913326
       6561.3595       1.6078481
       6561.3769       1.6250223
       6561.3943       1.6425226
       6561.4117       1.6600965
       6561.4291       1.6776459
       6561.4465       1.6952493
       6561.4639       1.7131112
       6561.4814       1.7314634
       6561.4988       1.7504647
       6561.5162       1.7701368
       6561.5336       1.7903594
       6561.5510       1.8109213
       6561.5684       1.8315988
       6561.5858       1.8522280
       6561.6032       1.8727456
       6561.6206       1.8931893
       6561.6380       1.9136680
       6561.6555       1.9343161
       6561.6729       1.9552471
       6561.6903       1.9765141
       6561.7077       1.9980824
       6561.7251       2.0198171
       6561.7425       2.0414911
       6561.7599       2.0628142
       6561.7773       2.0834804
       6561.7947       2.1032222
       6561.8122       2.1218556
       6561.8296       2.1393053
       6561.8470       2.1556028
       6561.8644       2.1708619
       6561.8818       2.1852399
       6561.8992       2.1988954
       6561.9166       2.2119531
       6561.9340       2.2244834
       6561.9514       2.2365020
       6561.9688       2.2479919
       6561.9863       2.2589400
       6562.0037       2.2693752
       6562.0211       2.2793901
       6562.0385       2.2891322
       6562.0559       2.2987642
       6562.0733       2.3084060
       6562.0907       2.3180833
       6562.1081       2.3276967
       6562.1255       2.3370504
       6562.1429       2.3459076
       6562.1604       2.3540655
       6562.1778       2.3614238
       6562.1952       2.3680239
       6562.2126       2.3740493
       6562.2300       2.3797913
       6562.2474       2.3855949
       6562.2648       2.3918016
       6562.2822       2.3987027
       6562.2996       2.4065097
       6562.3170       2.4153394
       6562.3345       2.4252083
       6562.3519       2.4360339
       6562.3693       2.4476449
       6562.3867       2.4598051
       6562.4041       2.4722566
       6562.4215       2.4847783
       6562.4389       2.4972440
       6562.4563       2.5096582
       6562.4737       2.5221544
       6562.4912       2.5349530
       6562.5086       2.5482956
       6562.5260       2.5623829
       6562.5434       2.5773367
       6562.5608       2.5931933
       6562.5782       2.6099177
       6562.5956       2.6274184
       6562.6130       2.6455486
       6562.6304       2.6640920
       6562.6478       2.6827464
       6562.6653       2.7011239
       6562.6827       2.7187806
       6562.7001       2.7352717
       6562.7175       2.7502139
       6562.7349       2.7633184
       6562.7523       2.7744120
       6562.7697       2.7833941
       6562.7871       2.7901831
       6562.8045       2.7946869
       6562.8219       2.7968041
       6562.8394       2.7964540
       6562.8568       2.7936138
       6562.8742       2.7883332
       6562.8916       2.7807127
       6562.9090       2.7708531
       6562.9264       2.7588024
       6562.9438       2.7445297
       6562.9612       2.7279434
       6562.9786       2.7089464
       6562.9961       2.6875071
       6563.0135       2.6637187
       6563.0309       2.6378302
       6563.0483       2.6102459
       6563.0657       2.5815004
       6563.0831       2.5522153
       6563.1005       2.5230423
       6563.1179       2.4945930
       6563.1353       2.4673618
       6563.1527       2.4416569
       6563.1702       2.4175617
       6563.1876       2.3949429
       6563.2050       2.3735108
       6563.2224       2.3529149
       6563.2398       2.3328464
       6563.2572       2.3131158
       6563.2746       2.2936825
       6563.2920       2.2746356
       6563.3094       2.2561367
       6563.3268       2.2383487
       6563.3443       2.2213736
       6563.3617       2.2052150
       6563.3791       2.1897703
       6563.3965       2.1748502
       6563.4139       2.1602227
       6563.4313       2.1456715
       6563.4487       2.1310450
       6563.4661       2.1162896
       6563.4835       2.1014545
       6563.5010       2.0866676
       6563.5184       2.0720935
       6563.5358       2.0578908
       6563.5532       2.0441831
       6563.5706       2.0310502
       6563.5880       2.0185316
       6563.6054       2.0066346
       6563.6228       1.9953350
       6563.6402       1.9845734
       6563.6576       1.9742518
       6563.6751       1.9642388
       6563.6925       1.9543848
       6563.7099       1.9445432
       6563.7273       1.9345870
       6563.7447       1.9244176
       6563.7621       1.9139671
       6563.7795       1.9031995
       6563.7969       1.8921150
       6563.8143       1.8807539
       6563.8317       1.8691912
       6563.8492       1.8575150
       6563.8666       1.8457925
       6563.8840       1.8340347
       6563.9014       1.8221784
       6563.9188       1.8100924
       6563.9362       1.7976074
       6563.9536       1.7845594
       6563.9710       1.7708292
       6563.9884       1.7563706
       6564.0058       1.7412192
       6564.0233       1.7254866
       6564.0407       1.7093451
       6564.0581       1.6930174
       6564.0755       1.6767524
       6564.0929       1.6608074
       6564.1103       1.6454187
       6564.1277       1.6307604
       6564.1451       1.6169009
       6564.1625       1.6037731
       6564.1800       1.5911779
       6564.1974       1.5788260
       6564.2148       1.5664075
       6564.2322       1.5536686
       6564.2496       1.5404671
       6564.2670       1.5267920
       6564.2844       1.5127440
       6564.3018       1.4984914
       6564.3192       1.4842217
       6564.3366       1.4701085
       6564.3541       1.4563014
       6564.3715       1.4429352
       6564.3889       1.4301427
       6564.4063       1.4180586
       6564.4237       1.4068085
       6564.4411       1.3964861
       6564.4585       1.3871303
       6564.4759       1.3787123
       6564.4933       1.3711374
       6564.5107       1.3642585
       6564.5282       1.3578976
       6564.5456       1.3518673
       6564.5630       1.3459917
       6564.5804       1.3401238
       6564.5978       1.3341594
       6564.6152       1.3280476
       6564.6326       1.3217939
       6564.6500       1.3154570
       6564.6674       1.3091378
       6564.6849       1.3029630
       6564.7023       1.2970674
       6564.7197       1.2915709
       6564.7371       1.2865652
       6564.7545       1.2820997
       6564.7719       1.2781747
       6564.7893       1.2747408
       6564.8067       1.2717085
       6564.8241       1.2689638
       6564.8415       1.2663868
       6564.8590       1.2638685
       6564.8764       1.2613221
       6564.8938       1.2586916
       6564.9112       1.2559560
       6564.9286       1.2531316
       6564.9460       1.2502655
       6564.9634       1.2474210
       6564.9808       1.2446565
       6564.9982       1.2420072
       6565.0156       1.2394799
       6565.0331       1.2370625
       6565.0505       1.2347421
       6565.0679       1.2325202
       6565.0853       1.2304129
       6565.1027       1.2284362
       6565.1201       1.2265848
       6565.1375       1.2248173
       6565.1549       1.2230615
       6565.1723       1.2212389
       6565.1898       1.2193017
       6565.2072       1.2172645
       6565.2246       1.2152160
       6565.2420       1.2133007
       6565.2594       1.2116753
       6565.2768       1.2104543
       6565.2942       1.2096661
       6565.3116       1.2092377
       6565.3290       1.2090146
       6565.3464       1.2088083
       6565.3639       1.2084561
       6565.3813       1.2078687
       6565.3987       1.2070455
       6565.4161       1.2060589
       6565.4335       1.2050170
       6565.4509       1.2040210
       6565.4683       1.2031360
       6565.4857       1.2023823
       6565.5031       1.2017463
       6565.5205       1.2011976
       6565.5380       1.2006990
       6565.5554       1.2002040
       6565.5728       1.1996439
       6565.5902       1.1989176
       6565.6076       1.1978943
       6565.6250       1.1964362
       6565.6424       1.1944345
       6565.6598       1.1918490
       6565.6772       1.1887345
       6565.6946       1.1852452
       6565.7121       1.1816113
       6565.7295       1.1780962
       6565.7469       1.1749435
       6565.7643       1.1723348
       6565.7817       1.1703679
       6565.7991       1.1690614
       6565.8165       1.1683771
       6565.8339       1.1682445
       6565.8513       1.1685746
       6565.8688       1.1692573
       6565.8862       1.1701512
       6565.9036       1.1710830
       6565.9210       1.1718669
       6565.9384       1.1723434
       6565.9558       1.1724215
       6565.9732       1.1721010
       6565.9906       1.1714601
       6566.0080       1.1706144
       6566.0254       1.1696613
       6566.0429       1.1686416
       6566.0603       1.1675396
       6566.0777       1.1663137
       6566.0951       1.1649386
       6566.1125       1.1634359
       6566.1299       1.1618737
       6566.1473       1.1603405
       6566.1647       1.1589059
       6566.1821       1.1575932
       6566.1995       1.1563739
       6566.2170       1.1551855
       6566.2344       1.1539624
       6566.2518       1.1526652
       6566.2692       1.1512972
       6566.2866       1.1499056
       6566.3040       1.1485692
       6566.3214       1.1473800
       6566.3388       1.1464243
       6566.3562       1.1457678
       6566.3737       1.1454476
       6566.3911       1.1454685
       6566.4085       1.1458050
       6566.4259       1.1464051
       6566.4433       1.1471939
       6566.4607       1.1480773
       6566.4781       1.1489438
       6566.4955       1.1496692
       6566.5129       1.1501274
       6566.5303       1.1502090
       6566.5478       1.1498452
       6566.5652       1.1490286
       6566.5826       1.1478196
       6566.6000       1.1463326
       6566.6174       1.1447067
       6566.6348       1.1430727
       6566.6522       1.1415323
       6566.6696       1.1401530
       6566.6870       1.1389824
       6566.7044       1.1380624
       6566.7219       1.1374316
       6566.7393       1.1371122
       6566.7567       1.1370897
       6566.7741       1.1372981
       6566.7915       1.1376221
       6566.8089       1.1379196
       6566.8263       1.1380552
       6566.8437       1.1379347
       6566.8611       1.1375254
       6566.8786       1.1368573
       6566.8960       1.1360056
       6566.9134       1.1350622
       6566.9308       1.1341074
       6566.9482       1.1331929
       6566.9656       1.1323378
       6566.9830       1.1315387
       6567.0004       1.1307853
       6567.0178       1.1300760
       6567.0352       1.1294239
       6567.0527       1.1288534
       6567.0701       1.1283869
       6567.0875       1.1280297
       6567.1049       1.1277627
       6567.1223       1.1275497
       6567.1397       1.1273580
       6567.1571       1.1271800
       6567.1745       1.1270437
       6567.1919       1.1270014
       6567.2093       1.1271019
       6567.2268       1.1273609
       6567.2442       1.1277465
       6567.2616       1.1281904
       6567.2790       1.1286179
       6567.2964       1.1289809
       6567.3138       1.1292754
       6567.3312       1.1295333
       6567.3486       1.1297951
       6567.3660       1.1300818
       6567.3834       1.1303768
       6567.4009       1.1306265
       6567.4183       1.1307537
       6567.4357       1.1306778
       6567.4531       1.1303338
       6567.4705       1.1296889
       6567.4879       1.1287552
       6567.5053       1.1275965
       6567.5227       1.1263277
       6567.5401       1.1251056
       6567.5576       1.1241090
       6567.5750       1.1235102
       6567.5924       1.1234409
       6567.6098       1.1239578
       6567.6272       1.1250173
       6567.6446       1.1264691
       6567.6620       1.1280755
       6567.6794       1.1295550
       6567.6968       1.1306388
       6567.7142       1.1311249
       6567.7317       1.1309131
       6567.7491       1.1300162
       6567.7665       1.1285456
       6567.7839       1.1266833
       6567.8013       1.1246468
       6567.8187       1.1226578
       6567.8361       1.1209165
       6567.8535       1.1195825
       6567.8709       1.1187603
       6567.8883       1.1184885
       6567.9058       1.1187333
       6567.9232       1.1193922
       6567.9406       1.1203072
       6567.9580       1.1212902
       6567.9754       1.1221581
       6567.9928       1.1227698
       6568.0102       1.1230498
       6568.0276       1.1229964
       6568.0450       1.1226704
       6568.0625       1.1221658
       6568.0799       1.1215743
       6568.0973       1.1209549
       6568.1147       1.1203207
       6568.1321       1.1196461
       6568.1495       1.1188907
       6568.1669       1.1180293
       6568.1843       1.1170764
       6568.2017       1.1160958
       6568.2191       1.1151939
       6568.2366       1.1144986
       6568.2540       1.1141312
       6568.2714       1.1141777
       6568.2888       1.1146690
       6568.3062       1.1155734
       6568.3236       1.1168051
       6568.3410       1.1182436
       6568.3584       1.1197585
       6568.3758       1.1212329
       6568.3932       1.1225820
       6568.4107       1.1237677
       6568.4281       1.1248100
       6568.4455       1.1257908
       6568.4629       1.1268461
       6568.4803       1.1281417
       6568.4977       1.1298386
       6568.5151       1.1320586
       6568.5325       1.1348650
       6568.5499       1.1382638
       6568.5674       1.1422215
       6568.5848       1.1466860
       6568.6022       1.1515988
       6568.6196       1.1568912
       6568.6370       1.1624724
       6568.6544       1.1682173
       6568.6718       1.1739621
       6568.6892       1.1795131
       6568.7066       1.1846679
       6568.7240       1.1892449
       6568.7415       1.1931117
       6568.7589       1.1962038
       6568.7763       1.1985245
       6568.7937       1.2001243
       6568.8111       1.2010657
       6568.8285       1.2013865
       6568.8459       1.2010748
       6568.8633       1.2000655
       6568.8807       1.1982552
       6568.8981       1.1955309
       6568.9156       1.1917979
       6568.9330       1.1869998
       6568.9504       1.1811256
       6568.9678       1.1742066
       6568.9852       1.1663100
       6569.0026       1.1575361
       6569.0200       1.1480223
       6569.0374       1.1379536
       6569.0548       1.1275683
       6569.0722       1.1171542
       6569.0897       1.1070262
       6569.1071       1.0974905
       6569.1245       1.0888041
       6569.1419       1.0811406
       6569.1593       1.0745741
       6569.1767       1.0690819
       6569.1941       1.0645645
       6569.2115       1.0608757
       6569.2289       1.0578547
       6569.2464       1.0553549
       6569.2638       1.0532626
       6569.2812       1.0515038
       6569.2986       1.0500438
       6569.3160       1.0488791
       6569.3334       1.0480324
       6569.3508       1.0475514
       6569.3682       1.0475099
       6569.3856       1.0480042
       6569.4030       1.0491395
       6569.4205       1.0510034
       6569.4379       1.0536313
       6569.4553       1.0569753
       6569.4727       1.0608884
       6569.4901       1.0651353
       6569.5075       1.0694288
       6569.5249       1.0734859
       6569.5423       1.0770878
       6569.5597       1.0801255
       6569.5771       1.0826168
       6569.5946       1.0846867
       6569.6120       1.0865183
       6569.6294       1.0882898
       6569.6468       1.0901204
       6569.6642       1.0920409
       6569.6816       1.0939976
       6569.6990       1.0958798
       6569.7164       1.0975597
       6569.7338       1.0989306
       6569.7513       1.0999334
       6569.7687       1.1005693
       6569.7861       1.1008962
       6569.8035       1.1010104
       6569.8209       1.1010183
       6569.8383       1.1010059
       6569.8557       1.1010167
       6569.8731       1.1010462
       6569.8905       1.1010536
       6569.9079       1.1009854
       6569.9254       1.1008033
       6569.9428       1.1005009
       6569.9602       1.1001079
       6569.9776       1.0996858
       6569.9950       1.0993200
       6570.0124       1.0991109
       6570.0298       1.0991627
       6570.0472       1.0995629
       6570.0646       1.1003514
       6570.0820       1.1014874
       6570.0995       1.1028313
       6570.1169       1.1041601
       6570.1343       1.1052208
       6570.1517       1.1058067
       6570.1691       1.1058241
       6570.1865       1.1053211
       6570.2039       1.1044623
       6570.2213       1.1034627
       6570.2387       1.1025123
       6570.2562       1.1017240
       6570.2736       1.1011247
       6570.2910       1.1006862
       6570.3084       1.1003718
       6570.3258       1.1001731
       6570.3432       1.1001176
       6570.3606       1.1002485
       6570.3780       1.1005871
       6570.3954       1.1011001
       6570.4128       1.1016858
       6570.4303       1.1021889
       6570.4477       1.1024397
       6570.4651       1.1023048
       6570.4825       1.1017294
       6570.4999       1.1007519
       6570.5173       1.0994843
       6570.5347       1.0980672
       6570.5521       1.0966209
       6570.5695       1.0952160
       6570.5869       1.0938715
       6570.6044       1.0925798
       6570.6218       1.0913356
       6570.6392       1.0901543
       6570.6566       1.0890742
       6570.6740       1.0881465
       6570.6914       1.0874198
       6570.7088       1.0869272
       6570.7262       1.0866760
       6570.7436       1.0866419
       6570.7610       1.0867683
       6570.7785       1.0869732
       6570.7959       1.0871658
       6570.8133       1.0872675
       6570.8307       1.0872326
       6570.8481       1.0870583
       6570.8655       1.0867815
       6570.8829       1.0864637
       6570.9003       1.0861706
       6570.9177       1.0859534
       6570.9352       1.0858362
       6570.9526       1.0858111
       6570.9700       1.0858422
       6570.9874       1.0858768
       6571.0048       1.0858627
       6571.0222       1.0857658
       6571.0396       1.0855799
       6571.0570       1.0853237
       6571.0744       1.0850280
       6571.0918       1.0847192
       6571.1093       1.0844102
       6571.1267       1.0841015
       6571.1441       1.0837912
       6571.1615       1.0834852
       6571.1789       1.0832000
       6571.1963       1.0829562
       6571.2137       1.0827667
       6571.2311       1.0826268
       6571.2485       1.0825191
       6571.2659       1.0824281
       6571.2834       1.0823617
       6571.3008       1.0823614
       6571.3182       1.0824939
       6571.3356       1.0828203
       6571.3530       1.0833576
       6571.3704       1.0840498
       6571.3878       1.0847676
       6571.4052       1.0853375
       6571.4226       1.0855891
       6571.4401       1.0853993
       6571.4575       1.0847154
       6571.4749       1.0835498
       6571.4923       1.0819589
       6571.5097       1.0800198
       6571.5271       1.0778223
       6571.5445       1.0754762
       6571.5619       1.0731244
       6571.5793       1.0709462
       6571.5967       1.0691407
       6571.6142       1.0678919
       6571.6316       1.0673291
       6571.6490       1.0674998
       6571.6664       1.0683652
       6571.6838       1.0698166
       6571.7012       1.0717012
       6571.7186       1.0738430
       6571.7360       1.0760525
       6571.7534       1.0781295
       6571.7708       1.0798738
       6571.7883       1.0811101
       6571.8057       1.0817255
       6571.8231       1.0817048
       6571.8405       1.0811449
       6571.8579       1.0802363
       6571.8753       1.0792213
       6571.8927       1.0783336
       6571.9101       1.0777534
       6571.9275       1.0775861
       6571.9450       1.0778635
       6571.9624       1.0785553
       6571.9798       1.0795839
       6571.9972       1.0808352
       6572.0146       1.0821687
       6572.0320       1.0834289
       6572.0494       1.0844626
       6572.0668       1.0851394
       6572.0842       1.0853743
       6572.1016       1.0851466
       6572.1191       1.0845121
       6572.1365       1.0836025
       6572.1539       1.0826101
       6572.1713       1.0817577
       6572.1887       1.0812610
       6572.2061       1.0812911
       6572.2235       1.0819461
       6572.2409       1.0832381
       6572.2583       1.0850942
       6572.2757       1.0873698
       6572.2932       1.0898695
       6572.3106       1.0923740
       6572.3280       1.0946714
       6572.3454       1.0965894
       6572.3628       1.0980205
       6572.3802       1.0989335
       6572.3976       1.0993644
       6572.4150       1.0993902
       6572.4324       1.0990943
       6572.4498       1.0985376
       6572.4673       1.0977416
       6572.4847       1.0966897
       6572.5021       1.0953411
       6572.5195       1.0936508
       6572.5369       1.0915984
       6572.5543       1.0892024
       6572.5717       1.0865296
       6572.5891       1.0836900
       6572.6065       1.0808168
       6572.6240       1.0780392
       6572.6414       1.0754547
       6572.6588       1.0731140
       6572.6762       1.0710220
       6572.6936       1.0691531
       6572.7110       1.0674721
       6572.7284       1.0659512
       6572.7458       1.0645762
       6572.7632       1.0633421
       6572.7806       1.0622435
       6572.7981       1.0612646
       6572.8155       1.0603748
       6572.8329       1.0595339
       6572.8503       1.0587045
       6572.8677       1.0578687
       6572.8851       1.0570390
       6572.9025       1.0562588
       6572.9199       1.0555908
       6572.9373       1.0550973
       6572.9547       1.0548248
       6572.9722       1.0547986
       6572.9896       1.0550299
       6573.0070       1.0555252
       6573.0244       1.0562903
       6573.0418       1.0573210
       6573.0592       1.0585847
       6573.0766       1.0600052
       6573.0940       1.0614632
       6573.1114       1.0628177
       6573.1289       1.0639404
       6573.1463       1.0647503
       6573.1637       1.0652314
       6573.1811       1.0654348
       6573.1985       1.0654577
       6573.2159       1.0654166
       6573.2333       1.0654231
       6573.2507       1.0655631
       6573.2681       1.0658798
       6573.2855       1.0663632
       6573.3030       1.0669493
       6573.3204       1.0675338
       6573.3378       1.0679989
       6573.3552       1.0682481
       6573.3726       1.0682368
       6573.3900       1.0679900
       6573.4074       1.0675990
       6573.4248       1.0671962
       6573.4422       1.0669152
       6573.4596       1.0668492
       6573.4771       1.0670226
       6573.4945       1.0673906
       6573.5119       1.0678641
       6573.5293       1.0683527
       6573.5467       1.0688008
       6573.5641       1.0692024
       6573.5815       1.0695838
       6573.5989       1.0699655
       6573.6163       1.0703248
       6573.6338       1.0705822
       6573.6512       1.0706249
       6573.6686       1.0703564
       6573.6860       1.0697490
       6573.7034       1.0688674
       6573.7208       1.0678507
       6573.7382       1.0668601
       6573.7556       1.0660216
       6573.7730       1.0653952
       6573.7904       1.0649810
       6573.8079       1.0647565
       6573.8253       1.0647172
       6573.8427       1.0648940
       6573.8601       1.0653463
       6573.8775       1.0661289
       6573.8949       1.0672539
       6573.9123       1.0686657
       6573.9297       1.0702369
       6573.9471       1.0717886
       6573.9645       1.0731270
       6573.9820       1.0740874
       6573.9994       1.0745709
       6574.0168       1.0745602
       6574.0342       1.0741087
       6574.0516       1.0733078
       6574.0690       1.0722453
       6574.0864       1.0709751
       6574.1038       1.0695120
       6574.1212       1.0678504
       6574.1386       1.0659973
       6574.1561       1.0639993
       6574.1735       1.0619506
       6574.1909       1.0599783
       6574.2083       1.0582115
       6574.2257       1.0567484
       6574.2431       1.0556328
       6574.2605       1.0548465
       6574.2779       1.0543196
       6574.2953       1.0539553
       6574.3128       1.0536668
       6574.3302       1.0534162
       6574.3476       1.0532482
       6574.3650       1.0533031
       6574.3824       1.0537998
       6574.3998       1.0549895
       6574.4172       1.0570891
       6574.4346       1.0602184
       6574.4520       1.0643634
       6574.4694       1.0693803
       6574.4869       1.0750199
       6574.5043       1.0809903
       6574.5217       1.0870043
       6574.5391       1.0928066
       6574.5565       1.0981834
       6574.5739       1.1029624
       6574.5913       1.1070091
       6574.6087       1.1102246
       6574.6261       1.1125424
       6574.6435       1.1139233
       6574.6610       1.1143523
       6574.6784       1.1138373
       6574.6958       1.1124137
       6574.7132       1.1101503
       6574.7306       1.1071516
       6574.7480       1.1035517
       6574.7654       1.0995008
       6574.7828       1.0951454
       6574.8002       1.0906109
       6574.8177       1.0859896
       6574.8351       1.0813386
       6574.8525       1.0766878
       6574.8699       1.0720563
       6574.8873       1.0674715
       6574.9047       1.0629854
       6574.9221       1.0586801
       6574.9395       1.0546565
       6574.9569       1.0510093
       6574.9743       1.0477940
       6574.9918       1.0450022
       6575.0092       1.0425580
       6575.0266       1.0403377
       6575.0440       1.0382097
       6575.0614       1.0360775
       6575.0788       1.0339115
       6575.0962       1.0317603
       6575.1136       1.0297396
       6575.1310       1.0280065
       6575.1484       1.0267194
       6575.1659       1.0260116
       6575.1833       1.0259708
       6575.2007       1.0266313
       6575.2181       1.0279782
       6575.2355       1.0299570
       6575.2529       1.0324835
       6575.2703       1.0354498
       6575.2877       1.0387242
       6575.3051       1.0421485
       6575.3226       1.0455393
       6575.3400       1.0486995
       6575.3574       1.0514438
       6575.3748       1.0536318
       6575.3922       1.0551978
       6575.4096       1.0561650
       6575.4270       1.0566344
       6575.4444       1.0567521
       6575.4618       1.0566653
       6575.4792       1.0564853
       6575.4967       1.0562703
       6575.5141       1.0560303
       6575.5315       1.0557495
       6575.5489       1.0554126
       6575.5663       1.0550238
       6575.5837       1.0546158
       6575.6011       1.0542469
       6575.6185       1.0539914
       6575.6359       1.0539245
       6575.6533       1.0541049
       6575.6708       1.0545551
       6575.6882       1.0552451
       6575.7056       1.0560862
       6575.7230       1.0569408
       6575.7404       1.0576513
       6575.7578       1.0580811
       6575.7752       1.0581517
       6575.7926       1.0578711
       6575.8100       1.0573209
       6575.8274       1.0566226
       6575.8449       1.0558954
       6575.8623       1.0552246
       6575.8797       1.0546534
       6575.8971       1.0541989
       6575.9145       1.0538736
       6575.9319       1.0536973
       6575.9493       1.0536894
       6575.9667       1.0538475
       6575.9841       1.0541273
       6576.0016       1.0544403
       6576.0190       1.0546716
       6576.0364       1.0547123
       6576.0538       1.0544915
       6576.0712       1.0539954
       6576.0886       1.0532693
       6576.1060       1.0524024
       6576.1234       1.0515044
       6576.1408       1.0506782
       6576.1582       1.0499983
       6576.1757       1.0495000
       6576.1931       1.0491814
       6576.2105       1.0490182
       6576.2279       1.0489827
       6576.2453       1.0490569
       6576.2627       1.0492327
       6576.2801       1.0494983
       6576.2975       1.0498210
       6576.3149       1.0501403
       6576.3323       1.0503826
       6576.3498       1.0504940
       6576.3672       1.0504756
       6576.3846       1.0503959
       6576.4020       1.0503663
       6576.4194       1.0504879
       6576.4368       1.0507921
       6576.4542       1.0512125
       6576.4716       1.0516077
       6576.4890       1.0518184
       6576.5065       1.0517298
       6576.5239       1.0513083
       6576.5413       1.0505978
       6576.5587       1.0496878
       6576.5761       1.0486747
       6576.5935       1.0476381
       6576.6109       1.0466385
       6576.6283       1.0457250
       6576.6457       1.0449410
       6576.6631       1.0443195
       6576.6806       1.0438716
       6576.6980       1.0435779
       6576.7154       1.0433899
       6576.7328       1.0432414
       6576.7502       1.0430660
       6576.7676       1.0428135
       6576.7850       1.0424613
       6576.8024       1.0420183
       6576.8198       1.0415214
       6576.8372       1.0410223
       6576.8547       1.0405699
       6576.8721       1.0401915
       6576.8895       1.0398832
       6576.9069       1.0396151
       6576.9243       1.0393524
       6576.9417       1.0390812
       6576.9591       1.0388298
       6576.9765       1.0386716
       6576.9939       1.0387077
       6577.0113       1.0390370
       6577.0288       1.0397227
       6577.0462       1.0407686
       6577.0636       1.0421109
       6577.0810       1.0436270
       6577.0984       1.0451548
       6577.1158       1.0465268
       6577.1332       1.0475971
       6577.1506       1.0482635
       6577.1680       1.0484785
       6577.1855       1.0482493
       6577.2029       1.0476297
       6577.2203       1.0467094
       6577.2377       1.0456035
       6577.2551       1.0444422
       6577.2725       1.0433566
       6577.2899       1.0424607
       6577.3073       1.0418307
       6577.3247       1.0414895
       6577.3421       1.0414017
       6577.3596       1.0414835
       6577.3770       1.0416245
       6577.3944       1.0417153
       6577.4118       1.0416743
       6577.4292       1.0414661
       6577.4466       1.0411084
       6577.4640       1.0406651
       6577.4814       1.0402263
       6577.4988       1.0398810
       6577.5162       1.0396914
       6577.5337       1.0396774
       6577.5511       1.0398184
       6577.5685       1.0400693
       6577.5859       1.0403836
       6577.6033       1.0407318
       6577.6207       1.0411085
       6577.6381       1.0415231
       6577.6555       1.0419815
       6577.6729       1.0424676
       6577.6904       1.0429349
       6577.7078       1.0433142
       6577.7252       1.0435318
       6577.7426       1.0435344
       6577.7600       1.0433060
       6577.7774       1.0428736
       6577.7948       1.0423057
       6577.8122       1.0417072
       6577.8296       1.0412088
       6577.8470       1.0409473
       6577.8645       1.0410334
       6577.8819       1.0415145
       6577.8993       1.0423458
       6577.9167       1.0433880
       6577.9341       1.0444382
       6577.9515       1.0452888
       6577.9689       1.0457904
       6577.9863       1.0458968
       6578.0037       1.0456750
       6578.0211       1.0452789
       6578.0386       1.0448989
       6578.0560       1.0447051
       6578.0734       1.0448005
       6578.0908       1.0451970
       6578.1082       1.0458174
       6578.1256       1.0465215
       6578.1430       1.0471483
       6578.1604       1.0475615
       6578.1778       1.0476855
       6578.1953       1.0475211
       6578.2127       1.0471386
       6578.2301       1.0466539
       6578.2475       1.0461959
       6578.2649       1.0458748
       6578.2823       1.0457579
       6578.2997       1.0458540
       6578.3171       1.0461115
       6578.3345       1.0464286
       6578.3519       1.0466780
       6578.3694       1.0467406
       6578.3868       1.0465390
       6578.4042       1.0460670
       6578.4216       1.0453885
       6578.4390       1.0446213
       6578.4564       1.0439037
       6578.4738       1.0433559
       6578.4912       1.0430485
       6578.5086       1.0429856
       6578.5260       1.0431059
       6578.5435       1.0433000
       6578.5609       1.0434387
       6578.5783       1.0434052
       6578.5957       1.0431233
       6578.6131       1.0425759
       6578.6305       1.0418071
       6578.6479       1.0409098
       6578.6653       1.0400015
       6578.6827       1.0391982
       6578.7001       1.0385917
       6578.7176       1.0382384
       6578.7350       1.0381577
       6578.7524       1.0383379
       6578.7698       1.0387466
       6578.7872       1.0393411
       6578.8046       1.0400773
       6578.8220       1.0409158
       6578.8394       1.0418228
       6578.8568       1.0427640
       6578.8743       1.0436936
       6578.8917       1.0445399
       6578.9091       1.0452003
       6578.9265       1.0455508
       6578.9439       1.0454767
       6578.9613       1.0449146
       6578.9787       1.0438873
       6578.9961       1.0425128
       6579.0135       1.0409749
       6579.0309       1.0394655
       6579.0484       1.0381184
       6579.0658       1.0369682
       6579.0832       1.0359564
       6579.1006       1.0349789
       6579.1180       1.0339507
       6579.1354       1.0328607
       6579.1528       1.0317878
       6579.1702       1.0308738
       6579.1876       1.0302668
       6579.2050       1.0300589
       6579.2225       1.0302479
       6579.2399       1.0307365
       6579.2573       1.0313703
       6579.2747       1.0319970
       6579.2921       1.0325217
       6579.3095       1.0329383
       6579.3269       1.0333233
       6579.3443       1.0337982
       6579.3617       1.0344761
       6579.3792       1.0354115
       6579.3966       1.0365738
       6579.4140       1.0378489
       6579.4314       1.0390687
       6579.4488       1.0400582
       6579.4662       1.0406836
       6579.4836       1.0408895
       6579.5010       1.0407129
       6579.5184       1.0402726
       6579.5358       1.0397353
       6579.5533       1.0392726
       6579.5707       1.0390188
       6579.5881       1.0390454
       6579.6055       1.0393563
       6579.6229       1.0399028
       6579.6403       1.0406096
       6579.6577       1.0413985
       6579.6751       1.0422010
       6579.6925       1.0429582
       6579.7099       1.0436146
       6579.7274       1.0441148
       6579.7448       1.0444102
       6579.7622       1.0444724
       6579.7796       1.0443064
       6579.7970       1.0439524
       6579.8144       1.0434754
       6579.8318       1.0429462
       6579.8492       1.0424234
       6579.8666       1.0419439
       6579.8841       1.0415198
       6579.9015       1.0411408
       6579.9189       1.0407754
       6579.9363       1.0403743
       6579.9537       1.0398761
       6579.9711       1.0392186
       6579.9885       1.0383534
       6580.0059       1.0372591
       6580.0233       1.0359489
       6580.0407       1.0344732
       6580.0582       1.0329170
       6580.0756       1.0313916
       6580.0930       1.0300211
       6580.1104       1.0289209
       6580.1278       1.0281731
       6580.1452       1.0278043
       6580.1626       1.0277745
       6580.1800       1.0279832
       6580.1974       1.0282929
       6580.2148       1.0285633
       6580.2323       1.0286853
       6580.2497       1.0286063
       6580.2671       1.0283384
       6580.2845       1.0279519
       6580.3019       1.0275565
       6580.3193       1.0272779
       6580.3367       1.0272342
       6580.3541       1.0275100
       6580.3715       1.0281392
       6580.3889       1.0290972
       6580.4064       1.0303035
       6580.4238       1.0316382
       6580.4412       1.0329682
       6580.4586       1.0341754
       6580.4760       1.0351800
       6580.4934       1.0359500
       6580.5108       1.0364990
       6580.5282       1.0368740
       6580.5456       1.0371393
       6580.5631       1.0373641
       6580.5805       1.0376145
       6580.5979       1.0379509
       6580.6153       1.0384261
       6580.6327       1.0390786
       6580.6501       1.0399216
       6580.6675       1.0409318
       6580.6849       1.0420476
       6580.7023       1.0431821
       6580.7197       1.0442507
       6580.7372       1.0452005
       6580.7546       1.0460272
       6580.7720       1.0467683
       6580.7894       1.0474757
       6580.8068       1.0481840
       6580.8242       1.0488909
       6580.8416       1.0495601
       6580.8590       1.0501418
       6580.8764       1.0505936
       6580.8938       1.0508887
       6580.9113       1.0510073
       6580.9287       1.0509221
       6580.9461       1.0505934
       6580.9635       1.0499826
       6580.9809       1.0490780
       6580.9983       1.0479172
       6581.0157       1.0465910
       6581.0331       1.0452188
       6581.0505       1.0439119
       6581.0680       1.0427386
       6581.0854       1.0417038
       6581.1028       1.0407508
       6581.1202       1.0397834
       6581.1376       1.0386999
       6581.1550       1.0374283
       6581.1724       1.0359507
       6581.1898       1.0343122
       6581.2072       1.0326093
       6581.2246       1.0309655
       6581.2421       1.0295019
       6581.2595       1.0283132
       6581.2769       1.0274547
       6581.2943       1.0269397
       6581.3117       1.0267437
       6581.3291       1.0268100
       6581.3465       1.0270558
       6581.3639       1.0273802
       6581.3813       1.0276771
       6581.3987       1.0278540
       6581.4162       1.0278534
       6581.4336       1.0276678
       6581.4510       1.0273422
       6581.4684       1.0269610
       6581.4858       1.0266251
       6581.5032       1.0264284
       6581.5206       1.0264437
       6581.5380       1.0267169
       6581.5554       1.0272677
       6581.5729       1.0280886
       6581.5903       1.0291441
       6581.6077       1.0303725
       6581.6251       1.0316961
       6581.6425       1.0330376
       6581.6599       1.0343389
       6581.6773       1.0355695
       6581.6947       1.0367195
       6581.7121       1.0377818
       6581.7295       1.0387342
       6581.7470       1.0395309
       6581.7644       1.0401105
       6581.7818       1.0404171
       6581.7992       1.0404247
       6581.8166       1.0401515
       6581.8340       1.0396581
       6581.8514       1.0390295
       6581.8688       1.0383530
       6581.8862       1.0377007
       6581.9036       1.0371257
       6581.9211       1.0366658
       6581.9385       1.0363465
       6581.9559       1.0361750
       6581.9733       1.0361259
       6581.9907       1.0361275
       6582.0081       1.0360630
       6582.0255       1.0357926
       6582.0429       1.0351921
       6582.0603       1.0341932
       6582.0777       1.0328081
       6582.0952       1.0311313
       6582.1126       1.0293198
       6582.1300       1.0275629
       6582.1474       1.0260557
       6582.1648       1.0249777
       6582.1822       1.0244779
       6582.1996       1.0246562
       6582.2170       1.0255402
       6582.2344       1.0270614
       6582.2519       1.0290427
       6582.2693       1.0312111
       6582.2867       1.0332396
       6582.3041       1.0348134
       6582.3215       1.0357112
       6582.3389       1.0358538
       6582.3563       1.0353224
       6582.3737       1.0343321
       6582.3911       1.0331705
       6582.4085       1.0321212
       6582.4260       1.0313975
       6582.4434       1.0311031
       6582.4608       1.0312302
       6582.4782       1.0316877
       6582.4956       1.0323445
       6582.5130       1.0330724
       6582.5304       1.0337741
       6582.5478       1.0343917
       6582.5652       1.0349016
       6582.5826       1.0353028
       6582.6001       1.0356074
       6582.6175       1.0358370
       6582.6349       1.0360214
       6582.6523       1.0361936
       6582.6697       1.0363786
       6582.6871       1.0365784
       6582.7045       1.0367605
       6582.7219       1.0368627
       6582.7393       1.0368138
       6582.7568       1.0365673
       6582.7742       1.0361333
       6582.7916       1.0355933
       6582.8090       1.0350903
       6582.8264       1.0347943
       6582.8438       1.0348547
       6582.8612       1.0353533
       6582.8786       1.0362765
       6582.8960       1.0375160
       6582.9134       1.0388990
       6582.9309       1.0402400
       6582.9483       1.0413919
       6582.9657       1.0422925
       6582.9831       1.0429710
       6583.0005       1.0435330
       6583.0179       1.0441248
       6583.0353       1.0448872
       6583.0527       1.0459104
       6583.0701       1.0471996
       6583.0875       1.0486624
       6583.1050       1.0501248
       6583.1224       1.0513769
       6583.1398       1.0522347
       6583.1572       1.0525988
       6583.1746       1.0524873
       6583.1920       1.0520290
       6583.2094       1.0514195
       6583.2268       1.0508559
       6583.2442       1.0504763
       6583.2617       1.0503240
       6583.2791       1.0503483
       6583.2965       1.0504380
       6583.3139       1.0504713
       6583.3313       1.0503627
       6583.3487       1.0500883
       6583.3661       1.0496820
       6583.3835       1.0492073
       6583.4009       1.0487190
       6583.4183       1.0482333
       6583.4358       1.0477186
       6583.4532       1.0471079
       6583.4706       1.0463250
       6583.4880       1.0453143
       6583.5054       1.0440611
       6583.5228       1.0426010
       6583.5402       1.0410130
       6583.5576       1.0394020
       6583.5750       1.0378713
       6583.5924       1.0364919
       6583.6099       1.0352781
       6583.6273       1.0341800
       6583.6447       1.0330993
       6583.6621       1.0319229
       6583.6795       1.0305648
       6583.6969       1.0289995
       6583.7143       1.0272758
       6583.7317       1.0255052
       6583.7491       1.0238333
       6583.7665       1.0224032
       6583.7840       1.0213251
       6583.8014       1.0206587
       6583.8188       1.0204094
       6583.8362       1.0205361
       6583.8536       1.0209678
       6583.8710       1.0216219
       6583.8884       1.0224239
       6583.9058       1.0233190
       6583.9232       1.0242752
       6583.9407       1.0252762
       6583.9581       1.0263084
       6583.9755       1.0273498
       6583.9929       1.0283672
       6584.0103       1.0293251
       6584.0277       1.0302015
       6584.0451       1.0310029
       6584.0625       1.0317680
       6584.0799       1.0325551
       6584.0973       1.0334144
       6584.1148       1.0343565
       6584.1322       1.0353318
       6584.1496       1.0362319
       6584.1670       1.0369177
       6584.1844       1.0372631
       6584.2018       1.0371980
       6584.2192       1.0367325
       6584.2366       1.0359537
       6584.2540       1.0349986
       6584.2714       1.0340156
       6584.2889       1.0331272
       6584.3063       1.0324124
       6584.3237       1.0319036
       6584.3411       1.0315942
       6584.3585       1.0314470
       6584.3759       1.0314002
       6584.3933       1.0313715
       6584.4107       1.0312664
       6584.4281       1.0309946
       6584.4456       1.0304935
       6584.4630       1.0297501
       6584.4804       1.0288101
       6584.4978       1.0277678
       6584.5152       1.0267362
       6584.5326       1.0258118
       6584.5500       1.0250460
       6584.5674       1.0244373
       6584.5848       1.0239453
       6584.6022       1.0235177
       6584.6197       1.0231188
       6584.6371       1.0227441
       6584.6545       1.0224191
       6584.6719       1.0221828
       6584.6893       1.0220678
       6584.7067       1.0220842
       6584.7241       1.0222153
       6584.7415       1.0224237
       6584.7589       1.0226666
       6584.7763       1.0229139
       6584.7938       1.0231634
       6584.8112       1.0234482
       6584.8286       1.0238319
       6584.8460       1.0243919
       6584.8634       1.0251942
       6584.8808       1.0262663
       6584.8982       1.0275785
       6584.9156       1.0290360
       6584.9330       1.0304963
       6584.9505       1.0318004
       6584.9679       1.0328089
       6584.9853       1.0334330
       6585.0027       1.0336524
