# Angstrom [air],  flux [abs.cor.cont.sub+1]
       6544.9950       1.0250155
       6545.0124       1.0254154
       6545.0298       1.0253216
       6545.0472       1.0247821
       6545.0646       1.0238587
       6545.0820       1.0226145
       6545.0994       1.0211165
       6545.1169       1.0194531
       6545.1343       1.0177571
       6545.1517       1.0162138
       6545.1691       1.0150357
       6545.1865       1.0143982
       6545.2039       1.0143740
       6545.2213       1.0148930
       6545.2387       1.0157600
       6545.2561       1.0167269
       6545.2735       1.0175904
       6545.2910       1.0182672
       6545.3084       1.0188170
       6545.3258       1.0194097
       6545.3432       1.0202582
       6545.3606       1.0215512
       6545.3780       1.0234098
       6545.3954       1.0258756
       6545.4128       1.0289239
       6545.4302       1.0324871
       6545.4477       1.0364808
       6545.4651       1.0408276
       6545.4825       1.0454776
       6545.4999       1.0504260
       6545.5173       1.0557203
       6545.5347       1.0614557
       6545.5521       1.0677536
       6545.5695       1.0747312
       6545.5869       1.0824685
       6545.6043       1.0909840
       6545.6218       1.1002252
       6545.6392       1.1100715
       6545.6566       1.1203488
       6545.6740       1.1308466
       6545.6914       1.1413367
       6545.7088       1.1515888
       6545.7262       1.1613825
       6545.7436       1.1705153
       6545.7610       1.1788056
       6545.7784       1.1860932
       6545.7959       1.1922354
       6545.8133       1.1971007
       6545.8307       1.2005648
       6545.8481       1.2025015
       6545.8655       1.2027815
       6545.8829       1.2012762
       6545.9003       1.1978678
       6545.9177       1.1924654
       6545.9351       1.1850233
       6545.9526       1.1755596
       6545.9700       1.1641717
       6545.9874       1.1510445
       6546.0048       1.1364467
       6546.0222       1.1207124
       6546.0396       1.1042107
       6546.0570       1.0873098
       6546.0744       1.0703476
       6546.0918       1.0536177
       6546.1092       1.0373701
       6546.1267       1.0218204
       6546.1441       1.0071559
       6546.1615      0.99353180
       6546.1789      0.98105810
       6546.1963      0.96978720
       6546.2137      0.95971289
       6546.2311      0.95078642
       6546.2485      0.94294555
       6546.2659      0.93614509
       6546.2833      0.93037735
       6546.3008      0.92567725
       6546.3182      0.92211575
       6546.3356      0.91979007
       6546.3530      0.91881639
       6546.3704      0.91932355
       6546.3878      0.92143931
       6546.4052      0.92526095
       6546.4226      0.93081096
       6546.4400      0.93799078
       6546.4575      0.94655742
       6546.4749      0.95611474
       6546.4923      0.96617616
       6546.5097      0.97623605
       6546.5271      0.98583880
       6546.5445      0.99463116
       6546.5619       1.0023866
       6546.5793       1.0090049
       6546.5967       1.0144957
       6546.6141       1.0189541
       6546.6316       1.0225323
       6546.6490       1.0254080
       6546.6664       1.0277546
       6546.6838       1.0297162
       6546.7012       1.0313908
       6546.7186       1.0328252
       6546.7360       1.0340180
       6546.7534       1.0349307
       6546.7708       1.0355076
       6546.7882       1.0357015
       6546.8057       1.0355025
       6546.8231       1.0349609
       6546.8405       1.0341926
       6546.8579       1.0333638
       6546.8753       1.0326550
       6546.8927       1.0322172
       6546.9101       1.0321371
       6546.9275       1.0324213
       6546.9449       1.0330051
       6546.9624       1.0337770
       6546.9798       1.0346092
       6546.9972       1.0353822
       6547.0146       1.0360001
       6547.0320       1.0363949
       6547.0494       1.0365225
       6547.0668       1.0363527
       6547.0842       1.0358533
       6547.1016       1.0349758
       6547.1190       1.0336493
       6547.1365       1.0317969
       6547.1539       1.0293587
       6547.1713       1.0263322
       6547.1887       1.0228086
       6547.2061       1.0189914
       6547.2235       1.0151894
       6547.2409       1.0117816
       6547.2583       1.0091580
       6547.2757       1.0076489
       6547.2932       1.0074600
       6547.3106       1.0086306
       6547.3280       1.0110288
       6547.3454       1.0143853
       6547.3628       1.0183534
       6547.3802       1.0225756
       6547.3976       1.0267368
       6547.4150       1.0305915
       6547.4324       1.0339666
       6547.4498       1.0367476
       6547.4673       1.0388627
       6547.4847       1.0402720
       6547.5021       1.0409684
       6547.5195       1.0409858
       6547.5369       1.0404109
       6547.5543       1.0393883
       6547.5717       1.0381145
       6547.5891       1.0368172
       6547.6065       1.0357231
       6547.6239       1.0350211
       6547.6414       1.0348316
       6547.6588       1.0351889
       6547.6762       1.0360419
       6547.6936       1.0372708
       6547.7110       1.0387169
       6547.7284       1.0402164
       6547.7458       1.0416313
       6547.7632       1.0428678
       6547.7806       1.0438832
       6547.7981       1.0446711
       6547.8155       1.0452399
       6547.8329       1.0455943
       6547.8503       1.0457288
       6547.8677       1.0456349
       6547.8851       1.0453176
       6547.9025       1.0448073
       6547.9199       1.0441603
       6547.9373       1.0434427
       6547.9547       1.0427052
       6547.9722       1.0419602
       6547.9896       1.0411663
       6548.0070       1.0402246
       6548.0244       1.0389847
       6548.0418       1.0372563
       6548.0592       1.0348318
       6548.0766       1.0315229
       6548.0940       1.0272109
       6548.1114       1.0219037
       6548.1288       1.0157811
       6548.1463       1.0092088
       6548.1637       1.0027087
       6548.1811      0.99688820
       6548.1985      0.99234424
       6548.2159      0.98956693
       6548.2333      0.98886189
       6548.2507      0.99030335
       6548.2681      0.99372088
       6548.2855      0.99872007
       6548.3030       1.0047377
       6548.3204       1.0111295
       6548.3378       1.0172800
       6548.3552       1.0227089
       6548.3726       1.0271441
       6548.3900       1.0305346
       6548.4074       1.0329990
       6548.4248       1.0347390
       6548.4422       1.0359466
       6548.4596       1.0367380
       6548.4771       1.0371510
       6548.4945       1.0371819
       6548.5119       1.0368373
       6548.5293       1.0361764
       6548.5467       1.0353230
       6548.5641       1.0344498
       6548.5815       1.0337441
       6548.5989       1.0333740
       6548.6163       1.0334625
       6548.6337       1.0340744
       6548.6512       1.0352112
       6548.6686       1.0368095
       6548.6860       1.0387422
       6548.7034       1.0408291
       6548.7208       1.0428597
       6548.7382       1.0446315
       6548.7556       1.0459939
       6548.7730       1.0468862
       6548.7904       1.0473534
       6548.8079       1.0475334
       6548.8253       1.0476158
       6548.8427       1.0477844
       6548.8601       1.0481598
       6548.8775       1.0487600
       6548.8949       1.0494923
       6548.9123       1.0501809
       6548.9297       1.0506209
       6548.9471       1.0506424
       6548.9645       1.0501617
       6548.9820       1.0492067
       6548.9994       1.0479077
       6549.0168       1.0464635
       6549.0342       1.0450918
       6549.0516       1.0439806
       6549.0690       1.0432542
       6549.0864       1.0429453
       6549.1038       1.0430059
       6549.1212       1.0433257
       6549.1386       1.0437635
       6549.1561       1.0441795
       6549.1735       1.0444650
       6549.1909       1.0445613
       6549.2083       1.0444659
       6549.2257       1.0442259
       6549.2431       1.0439178
       6549.2605       1.0436211
       6549.2779       1.0433909
       6549.2953       1.0432398
       6549.3128       1.0431349
       6549.3302       1.0430134
       6549.3476       1.0428096
       6549.3650       1.0424837
       6549.3824       1.0420391
       6549.3998       1.0415199
       6549.4172       1.0409912
       6549.4346       1.0405126
       6549.4520       1.0401171
       6549.4694       1.0398069
       6549.4869       1.0395626
       6549.5043       1.0393612
       6549.5217       1.0391912
       6549.5391       1.0390602
       6549.5565       1.0389911
       6549.5739       1.0390119
       6549.5913       1.0391428
       6549.6087       1.0393859
       6549.6261       1.0397229
       6549.6435       1.0401210
       6549.6610       1.0405494
       6549.6784       1.0409964
       6549.6958       1.0414819
       6549.7132       1.0420550
       6549.7306       1.0427735
       6549.7480       1.0436720
       6549.7654       1.0447375
       6549.7828       1.0459002
       6549.8002       1.0470476
       6549.8177       1.0480550
       6549.8351       1.0488188
       6549.8525       1.0492770
       6549.8699       1.0494130
       6549.8873       1.0492453
       6549.9047       1.0488141
       6549.9221       1.0481731
       6549.9395       1.0473893
       6549.9569       1.0465446
       6549.9743       1.0457329
       6549.9918       1.0450494
       6550.0092       1.0445744
       6550.0266       1.0443594
       6550.0440       1.0444204
       6550.0614       1.0447427
       6550.0788       1.0452907
       6550.0962       1.0460187
       6550.1136       1.0468761
       6550.1310       1.0478099
       6550.1484       1.0487646
       6550.1659       1.0496861
       6550.1833       1.0505291
       6550.2007       1.0512642
       6550.2181       1.0518807
       6550.2355       1.0523816
       6550.2529       1.0527725
       6550.2703       1.0530498
       6550.2877       1.0531952
       6550.3051       1.0531799
       6550.3226       1.0529772
       6550.3400       1.0525791
       6550.3574       1.0520082
       6550.3748       1.0513218
       6550.3922       1.0506068
       6550.4096       1.0499638
       6550.4270       1.0494926
       6550.4444       1.0492793
       6550.4618       1.0493822
       6550.4792       1.0498173
       6550.4967       1.0505434
       6550.5141       1.0514538
       6550.5315       1.0523846
       6550.5489       1.0531459
       6550.5663       1.0535699
       6550.5837       1.0535623
       6550.6011       1.0531333
       6550.6185       1.0523962
       6550.6359       1.0515319
       6550.6533       1.0507335
       6550.6708       1.0501549
       6550.6882       1.0498782
       6550.7056       1.0499094
       6550.7230       1.0501958
       6550.7404       1.0506539
       6550.7578       1.0511981
       6550.7752       1.0517648
       6550.7926       1.0523268
       6550.8100       1.0528979
       6550.8275       1.0535236
       6550.8449       1.0542577
       6550.8623       1.0551312
       6550.8797       1.0561252
       6550.8971       1.0571622
       6550.9145       1.0581236
       6550.9319       1.0588885
       6550.9493       1.0593782
       6550.9667       1.0595875
       6550.9841       1.0595875
       6551.0016       1.0595013
       6551.0190       1.0594622
       6551.0364       1.0595684
       6551.0538       1.0598518
       6551.0712       1.0602713
       6551.0886       1.0607272
       6551.1060       1.0610904
       6551.1234       1.0612375
       6551.1408       1.0610810
       6551.1582       1.0605898
       6551.1757       1.0597972
       6551.1931       1.0587988
       6551.2105       1.0577413
       6551.2279       1.0568026
       6551.2453       1.0561646
       6551.2627       1.0559792
       6551.2801       1.0563344
       6551.2975       1.0572275
       6551.3149       1.0585561
       6551.3324       1.0601314
       6551.3498       1.0617136
       6551.3672       1.0630616
       6551.3846       1.0639839
       6551.4020       1.0643772
       6551.4194       1.0642444
       6551.4368       1.0636846
       6551.4542       1.0628611
       6551.4716       1.0619524
       6551.4890       1.0611020
       6551.5065       1.0603818
       6551.5239       1.0597862
       6551.5413       1.0592584
       6551.5587       1.0587431
       6551.5761       1.0582396
       6551.5935       1.0578298
       6551.6109       1.0576637
       6551.6283       1.0579038
       6551.6457       1.0586505
       6551.6631       1.0598833
       6551.6806       1.0614430
       6551.6980       1.0630664
       6551.7154       1.0644722
       6551.7328       1.0654439
       6551.7502       1.0658893
       6551.7676       1.0658551
       6551.7850       1.0654960
       6551.8024       1.0650140
       6551.8198       1.0645953
       6551.8373       1.0643616
       6551.8547       1.0643483
       6551.8721       1.0645090
       6551.8895       1.0647406
       6551.9069       1.0649213
       6551.9243       1.0649474
       6551.9417       1.0647598
       6551.9591       1.0643496
       6551.9765       1.0637380
       6551.9939       1.0629379
       6552.0114       1.0619112
       6552.0288       1.0605397
       6552.0462       1.0586262
       6552.0636       1.0559321
       6552.0810       1.0522438
       6552.0984       1.0474534
       6552.1158       1.0416316
       6552.1332       1.0350696
       6552.1506       1.0282723
       6552.1681       1.0218937
       6552.1855       1.0166234
       6552.2029       1.0130496
       6552.2203       1.0115348
       6552.2377       1.0121437
       6552.2551       1.0146461
       6552.2725       1.0185945
       6552.2899       1.0234487
       6552.3073       1.0287079
       6552.3247       1.0340025
       6552.3422       1.0391249
       6552.3596       1.0439959
       6552.3770       1.0485898
       6552.3944       1.0528664
       6552.4118       1.0567412
       6552.4292       1.0601047
       6552.4466       1.0628734
       6552.4640       1.0650414
       6552.4814       1.0666994
       6552.4988       1.0680087
       6552.5163       1.0691417
       6552.5337       1.0702203
       6552.5511       1.0712818
       6552.5685       1.0722912
       6552.5859       1.0731900
       6552.6033       1.0739577
       6552.6207       1.0746504
       6552.6381       1.0753967
       6552.6555       1.0763525
       6552.6730       1.0776364
       6552.6904       1.0792782
       6552.7078       1.0812025
       6552.7252       1.0832538
       6552.7426       1.0852479
       6552.7600       1.0870279
       6552.7774       1.0885051
       6552.7948       1.0896715
       6552.8122       1.0905866
       6552.8296       1.0913426
       6552.8471       1.0920219
       6552.8645       1.0926592
       6552.8819       1.0932231
       6552.8993       1.0936248
       6552.9167       1.0937529
       6552.9341       1.0935230
       6552.9515       1.0929220
       6552.9689       1.0920286
       6552.9863       1.0910010
       6553.0037       1.0900297
       6553.0212       1.0892784
       6553.0386       1.0888355
       6553.0560       1.0886906
       6553.0734       1.0887416
       6553.0908       1.0888243
       6553.1082       1.0887515
       6553.1256       1.0883503
       6553.1430       1.0874910
       6553.1604       1.0861051
       6553.1779       1.0841925
       6553.1953       1.0818137
       6553.2127       1.0790694
       6553.2301       1.0760717
       6553.2475       1.0729199
       6553.2649       1.0696936
       6553.2823       1.0664664
       6553.2997       1.0633337
       6553.3171       1.0604347
       6553.3345       1.0579533
       6553.3520       1.0560936
       6553.3694       1.0550381
       6553.3868       1.0549080
       6553.4042       1.0557383
       6553.4216       1.0574727
       6553.4390       1.0599719
       6553.4564       1.0630282
       6553.4738       1.0663858
       6553.4912       1.0697667
       6553.5086       1.0729083
       6553.5261       1.0756040
       6553.5435       1.0777376
       6553.5609       1.0792963
       6553.5783       1.0803568
       6553.5957       1.0810489
       6553.6131       1.0815130
       6553.6305       1.0818674
       6553.6479       1.0821996
       6553.6653       1.0825722
       6553.6828       1.0830417
       6553.7002       1.0836685
       6553.7176       1.0845121
       6553.7350       1.0856150
       6553.7524       1.0869849
       6553.7698       1.0885872
       6553.7872       1.0903494
       6553.8046       1.0921743
       6553.8220       1.0939540
       6553.8394       1.0955829
       6553.8569       1.0969682
       6553.8743       1.0980437
       6553.8917       1.0987839
       6553.9091       1.0992135
       6553.9265       1.0994059
       6553.9439       1.0994647
       6553.9613       1.0994943
       6553.9787       1.0995664
       6553.9961       1.0996959
       6554.0135       1.0998334
       6554.0310       1.0998790
       6554.0484       1.0997112
       6554.0658       1.0992242
       6554.0832       1.0983600
       6554.1006       1.0971278
       6554.1180       1.0956030
       6554.1354       1.0939099
       6554.1528       1.0921927
       6554.1702       1.0905850
       6554.1877       1.0891857
       6554.2051       1.0880439
       6554.2225       1.0871566
       6554.2399       1.0864771
       6554.2573       1.0859349
       6554.2747       1.0854611
       6554.2921       1.0850143
       6554.3095       1.0845983
       6554.3269       1.0842625
       6554.3443       1.0840870
       6554.3618       1.0841597
       6554.3792       1.0845504
       6554.3966       1.0852896
       6554.4140       1.0863535
       6554.4314       1.0876583
       6554.4488       1.0890656
       6554.4662       1.0904045
       6554.4836       1.0915073
       6554.5010       1.0922507
       6554.5184       1.0925881
       6554.5359       1.0925592
       6554.5533       1.0922740
       6554.5707       1.0918766
       6554.5881       1.0915045
       6554.6055       1.0912601
       6554.6229       1.0912033
       6554.6403       1.0913646
       6554.6577       1.0917707
       6554.6751       1.0924666
       6554.6926       1.0935254
       6554.7100       1.0950373
       6554.7274       1.0970821
       6554.7448       1.0996952
       6554.7622       1.1028415
       6554.7796       1.1064083
       6554.7970       1.1102209
       6554.8144       1.1140755
       6554.8318       1.1177774
       6554.8492       1.1211742
       6554.8667       1.1241769
       6554.8841       1.1267697
       6554.9015       1.1290078
       6554.9189       1.1310050
       6554.9363       1.1329118
       6554.9537       1.1348819
       6554.9711       1.1370338
       6554.9885       1.1394216
       6555.0059       1.1420175
       6555.0233       1.1447154
       6555.0408       1.1473528
       6555.0582       1.1497460
       6555.0756       1.1517253
       6555.0930       1.1531594
       6555.1104       1.1539642
       6555.1278       1.1540965
       6555.1452       1.1535415
       6555.1626       1.1523003
       6555.1800       1.1503816
       6555.1975       1.1477983
       6555.2149       1.1445677
       6555.2323       1.1407136
       6555.2497       1.1362698
       6555.2671       1.1312839
       6555.2845       1.1258212
       6555.3019       1.1199691
       6555.3193       1.1138416
       6555.3367       1.1075829
       6555.3541       1.1013678
       6555.3716       1.0953932
       6555.3890       1.0898596
       6555.4064       1.0849422
       6555.4238       1.0807595
       6555.4412       1.0773504
       6555.4586       1.0746706
       6555.4760       1.0726143
       6555.4934       1.0710568
       6555.5108       1.0699016
       6555.5282       1.0691141
       6555.5457       1.0687282
       6555.5631       1.0688241
       6555.5805       1.0694924
       6555.5979       1.0707917
       6555.6153       1.0727209
       6555.6327       1.0752126
       6555.6501       1.0781346
       6555.6675       1.0813035
       6555.6849       1.0845081
       6555.7024       1.0875394
       6555.7198       1.0902233
       6555.7372       1.0924441
       6555.7546       1.0941522
       6555.7720       1.0953535
       6555.7894       1.0960884
       6555.8068       1.0964133
       6555.8242       1.0963901
       6555.8416       1.0960855
       6555.8590       1.0955704
       6555.8765       1.0949123
       6555.8939       1.0941612
       6555.9113       1.0933376
       6555.9287       1.0924337
       6555.9461       1.0914317
       6555.9635       1.0903326
       6555.9809       1.0891822
       6555.9983       1.0880783
       6556.0157       1.0871555
       6556.0331       1.0865505
       6556.0506       1.0863637
       6556.0680       1.0866323
       6556.0854       1.0873263
       6556.1028       1.0883676
       6556.1202       1.0896662
       6556.1376       1.0911547
       6556.1550       1.0928091
       6556.1724       1.0946451
       6556.1898       1.0966940
       6556.2073       1.0989672
       6556.2247       1.1014290
       6556.2421       1.1039865
       6556.2595       1.1065048
       6556.2769       1.1088426
       6556.2943       1.1108881
       6556.3117       1.1125859
       6556.3291       1.1139445
       6556.3465       1.1150252
       6556.3639       1.1159184
       6556.3814       1.1167140
       6556.3988       1.1174753
       6556.4162       1.1182202
       6556.4336       1.1189148
       6556.4510       1.1194828
       6556.4684       1.1198274
       6556.4858       1.1198599
       6556.5032       1.1195230
       6556.5206       1.1187987
       6556.5381       1.1176964
       6556.5555       1.1162270
       6556.5729       1.1143769
       6556.5903       1.1120959
       6556.6077       1.1093073
       6556.6251       1.1059382
       6556.6425       1.1019592
       6556.6599       1.0974211
       6556.6773       1.0924761
       6556.6947       1.0873822
       6556.7122       1.0824879
       6556.7296       1.0782010
       6556.7470       1.0749406
       6556.7644       1.0730751
       6556.7818       1.0728549
       6556.7992       1.0743544
       6556.8166       1.0774432
       6556.8340       1.0817981
       6556.8514       1.0869575
       6556.8688       1.0924055
       6556.8863       1.0976590
       6556.9037       1.1023470
       6556.9211       1.1062562
       6556.9385       1.1093289
       6556.9559       1.1116338
       6556.9733       1.1133158
       6556.9907       1.1145412
       6557.0081       1.1154520
       6557.0255       1.1161400
       6557.0430       1.1166417
       6557.0604       1.1169506
       6557.0778       1.1170397
       6557.0952       1.1168863
       6557.1126       1.1164933
       6557.1300       1.1159033
       6557.1474       1.1152019
       6557.1648       1.1145081
       6557.1822       1.1139517
       6557.1996       1.1136428
       6557.2171       1.1136427
       6557.2345       1.1139489
       6557.2519       1.1145010
       6557.2693       1.1152069
       6557.2867       1.1159792
       6557.3041       1.1167657
       6557.3215       1.1175607
       6557.3389       1.1183950
       6557.3563       1.1193092
       6557.3737       1.1203239
       6557.3912       1.1214212
       6557.4086       1.1225433
       6557.4260       1.1236103
       6557.4434       1.1245472
       6557.4608       1.1253084
       6557.4782       1.1258863
       6557.4956       1.1263002
       6557.5130       1.1265685
       6557.5304       1.1266784
       6557.5479       1.1265684
       6557.5653       1.1261386
       6557.5827       1.1252799
       6557.6001       1.1239175
       6557.6175       1.1220502
       6557.6349       1.1197753
       6557.6523       1.1172899
       6557.6697       1.1148712
       6557.6871       1.1128375
       6557.7045       1.1114976
       6557.7220       1.1110970
       6557.7394       1.1117721
       6557.7568       1.1135208
       6557.7742       1.1161974
       6557.7916       1.1195346
       6557.8090       1.1231903
       6557.8264       1.1268103
       6557.8438       1.1300927
       6557.8612       1.1328387
       6557.8786       1.1349753
       6557.8961       1.1365472
       6557.9135       1.1376808
       6557.9309       1.1385349
       6557.9483       1.1392507
       6557.9657       1.1399135
       6557.9831       1.1405324
       6558.0005       1.1410412
       6558.0179       1.1413227
       6558.0353       1.1412513
       6558.0528       1.1407454
       6558.0702       1.1398125
       6558.0876       1.1385683
       6558.1050       1.1372195
       6558.1224       1.1360134
       6558.1398       1.1351716
       6558.1572       1.1348361
       6558.1746       1.1350446
       6558.1920       1.1357446
       6558.2094       1.1368208
       6558.2269       1.1381372
       6558.2443       1.1395572
       6558.2617       1.1409472
       6558.2791       1.1421783
       6558.2965       1.1431369
       6558.3139       1.1437502
       6558.3313       1.1440124
       6558.3487       1.1439967
       6558.3661       1.1438381
       6558.3835       1.1436936
       6558.4010       1.1436941
       6558.4184       1.1439099
       6558.4358       1.1443430
       6558.4532       1.1449423
       6558.4706       1.1456307
       6558.4880       1.1463282
       6558.5054       1.1469643
       6558.5228       1.1474822
       6558.5402       1.1478427
       6558.5577       1.1480350
       6558.5751       1.1480910
       6558.5925       1.1480938
       6558.6099       1.1481677
       6558.6273       1.1484477
       6558.6447       1.1490366
       6558.6621       1.1499679
       6558.6795       1.1511934
       6558.6969       1.1526045
       6558.7143       1.1540787
       6558.7318       1.1555324
       6558.7492       1.1569541
       6558.7666       1.1584042
       6558.7840       1.1599815
       6558.8014       1.1617714
       6558.8188       1.1638005
       6558.8362       1.1660175
       6558.8536       1.1683056
       6558.8710       1.1705271
       6558.8884       1.1725735
       6558.9059       1.1744064
       6558.9233       1.1760729
       6558.9407       1.1776909
       6558.9581       1.1794083
       6558.9755       1.1813499
       6558.9929       1.1835697
       6559.0103       1.1860267
       6559.0277       1.1885920
       6559.0451       1.1910846
       6559.0626       1.1933231
       6559.0800       1.1951719
       6559.0974       1.1965705
       6559.1148       1.1975377
       6559.1322       1.1981542
       6559.1496       1.1985313
       6559.1670       1.1987723
       6559.1844       1.1989371
       6559.2018       1.1990154
       6559.2192       1.1989189
       6559.2367       1.1984948
       6559.2541       1.1975612
       6559.2715       1.1959550
       6559.2889       1.1935789
       6559.3063       1.1904347
       6559.3237       1.1866324
       6559.3411       1.1823729
       6559.3585       1.1779094
       6559.3759       1.1734963
       6559.3933       1.1693383
       6559.4108       1.1655517
       6559.4282       1.1621483
       6559.4456       1.1590491
       6559.4630       1.1561261
       6559.4804       1.1532606
       6559.4978       1.1503981
       6559.5152       1.1475867
       6559.5326       1.1449699
       6559.5500       1.1427490
       6559.5675       1.1411258
       6559.5849       1.1402466
       6559.6023       1.1401667
       6559.6197       1.1408409
       6559.6371       1.1421414
       6559.6545       1.1438915
       6559.6719       1.1459080
       6559.6893       1.1480422
       6559.7067       1.1502122
       6559.7241       1.1524211
       6559.7416       1.1547567
       6559.7590       1.1573718
       6559.7764       1.1604487
       6559.7938       1.1641555
       6559.8112       1.1685980
       6559.8286       1.1737796
       6559.8460       1.1795754
       6559.8634       1.1857318
       6559.8808       1.1918976
       6559.8982       1.1976841
       6559.9157       1.2027403
       6559.9331       1.2068218
       6559.9505       1.2098319
       6559.9679       1.2118248
       6559.9853       1.2129773
       6560.0027       1.2135452
       6560.0201       1.2138224
       6560.0375       1.2141101
       6560.0549       1.2146914
       6560.0724       1.2158009
       6560.0898       1.2175867
       6560.1072       1.2200712
       6560.1246       1.2231311
       6560.1420       1.2265129
       6560.1594       1.2298828
       6560.1768       1.2329102
       6560.1942       1.2353435
       6560.2116       1.2370576
       6560.2290       1.2380666
       6560.2465       1.2385055
       6560.2639       1.2385929
       6560.2813       1.2385863
       6560.2987       1.2387381
       6560.3161       1.2392516
       6560.3335       1.2402427
       6560.3509       1.2417128
       6560.3683       1.2435458
       6560.3857       1.2455351
       6560.4031       1.2474389
       6560.4206       1.2490449
       6560.4380       1.2502226
       6560.4554       1.2509427
       6560.4728       1.2512627
       6560.4902       1.2512887
       6560.5076       1.2511365
       6560.5250       1.2509048
       6560.5424       1.2506657
       6560.5598       1.2504671
       6560.5773       1.2503396
       6560.5947       1.2503049
       6560.6121       1.2503867
       6560.6295       1.2506245
       6560.6469       1.2510873
       6560.6643       1.2518793
       6560.6817       1.2531332
       6560.6991       1.2549899
       6560.7165       1.2575699
       6560.7339       1.2609478
       6560.7514       1.2651361
       6560.7688       1.2700854
       6560.7862       1.2756973
       6560.8036       1.2818453
       6560.8210       1.2883810
       6560.8384       1.2951524
       6560.8558       1.3019994
       6560.8732       1.3087542
       6560.8906       1.3152500
       6560.9080       1.3213404
       6560.9255       1.3269271
       6560.9429       1.3319835
       6560.9603       1.3365661
       6560.9777       1.3408060
       6560.9951       1.3448830
       6561.0125       1.3489875
       6561.0299       1.3532836
       6561.0473       1.3578818
       6561.0647       1.3628291
       6561.0822       1.3681170
       6561.0996       1.3737034
       6561.1170       1.3795385
       6561.1344       1.3855862
       6561.1518       1.3918338
       6561.1692       1.3982907
       6561.1866       1.4049828
       6561.2040       1.4119515
       6561.2214       1.4192625
       6561.2388       1.4270162
       6561.2563       1.4353495
       6561.2737       1.4444130
       6561.2911       1.4543255
       6561.3085       1.4651187
       6561.3259       1.4766999
       6561.3433       1.4888559
       6561.3607       1.5013053
       6561.3781       1.5137849
       6561.3955       1.5261376
       6561.4130       1.5383666
       6561.4304       1.5506364
       6561.4478       1.5632236
       6561.4652       1.5764393
       6561.4826       1.5905513
       6561.5000       1.6057429
       6561.5174       1.6221035
       6561.5348       1.6396420
       6561.5522       1.6583089
       6561.5696       1.6780145
       6561.5871       1.6986439
       6561.6045       1.7200670
       6561.6219       1.7421485
       6561.6393       1.7647539
       6561.6567       1.7877513
       6561.6741       1.8110081
       6561.6915       1.8343890
       6561.7089       1.8577589
       6561.7263       1.8809924
       6561.7437       1.9039874
       6561.7612       1.9266741
       6561.7786       1.9490155
       6561.7960       1.9709984
       6561.8134       1.9926189
       6561.8308       2.0138664
       6561.8482       2.0347102
       6561.8656       2.0550878
       6561.8830       2.0748965
       6561.9004       2.0939887
       6561.9179       2.1121762
       6561.9353       2.1292462
       6561.9527       2.1449936
       6561.9701       2.1592645
       6561.9875       2.1720050
       6562.0049       2.1833004
       6562.0223       2.1933886
       6562.0397       2.2026348
       6562.0571       2.2114634
       6562.0745       2.2202633
       6562.0920       2.2292951
       6562.1094       2.2386367
       6562.1268       2.2481733
       6562.1442       2.2576771
       6562.1616       2.2669042
       6562.1790       2.2756932
       6562.1964       2.2840282
       6562.2138       2.2920471
       6562.2312       2.3000004
       6562.2486       2.3081817
       6562.2661       2.3168610
       6562.2835       2.3262430
       6562.3009       2.3364605
       6562.3183       2.3475948
       6562.3357       2.3597009
       6562.3531       2.3728178
       6562.3705       2.3869523
       6562.3879       2.4020458
       6562.4053       2.4179482
       6562.4228       2.4344208
       6562.4402       2.4511755
       6562.4576       2.4679387
       6562.4750       2.4845134
       6562.4924       2.5008177
       6562.5098       2.5168876
       6562.5272       2.5328499
       6562.5446       2.5488761
       6562.5620       2.5651300
       6562.5794       2.5817201
       6562.5969       2.5986632
       6562.6143       2.6158679
       6562.6317       2.6331381
       6562.6491       2.6501949
       6562.6665       2.6667079
       6562.6839       2.6823250
       6562.7013       2.6966978
       6562.7187       2.7095015
       6562.7361       2.7204549
       6562.7535       2.7293293
       6562.7710       2.7359783
       6562.7884       2.7403215
       6562.8058       2.7423095
       6562.8232       2.7418903
       6562.8406       2.7389776
       6562.8580       2.7334457
       6562.8754       2.7251549
       6562.8928       2.7139962
       6562.9102       2.6999331
       6562.9277       2.6830212
       6562.9451       2.6634022
       6562.9625       2.6412839
       6562.9799       2.6169234
       6562.9973       2.5906247
       6563.0147       2.5627494
       6563.0321       2.5337285
       6563.0495       2.5040643
       6563.0669       2.4743112
       6563.0843       2.4450346
       6563.1018       2.4167538
       6563.1192       2.3898790
       6563.1366       2.3646579
       6563.1540       2.3411459
       6563.1714       2.3192090
       6563.1888       2.2985629
       6563.2062       2.2788381
       6563.2236       2.2596582
       6563.2410       2.2407124
       6563.2584       2.2218088
       6563.2759       2.2028972
       6563.2933       2.1840596
       6563.3107       2.1654735
       6563.3281       2.1473602
       6563.3455       2.1299316
       6563.3629       2.1133520
       6563.3803       2.0977203
       6563.3977       2.0830736
       6563.4151       2.0694024
       6563.4326       2.0566592
       6563.4500       2.0447774
       6563.4674       2.0336678
       6563.4848       2.0232091
       6563.5022       2.0132387
       6563.5196       2.0035481
       6563.5370       1.9938927
       6563.5544       1.9840152
       6563.5718       1.9736795
       6563.5892       1.9627071
       6563.6067       1.9510063
       6563.6241       1.9385862
       6563.6415       1.9255527
       6563.6589       1.9120877
       6563.6763       1.8984181
       6563.6937       1.8847881
       6563.7111       1.8714447
       6563.7285       1.8586389
       6563.7459       1.8466338
       6563.7633       1.8357006
       6563.7808       1.8260869
       6563.7982       1.8179594
       6563.8156       1.8113396
       6563.8330       1.8060640
       6563.8504       1.8017912
       6563.8678       1.7980583
       6563.8852       1.7943656
       6563.9026       1.7902566
       6563.9200       1.7853662
       6563.9375       1.7794303
       6563.9549       1.7722689
       6563.9723       1.7637674
       6563.9897       1.7538709
       6564.0071       1.7425944
       6564.0245       1.7300345
       6564.0419       1.7163641
       6564.0593       1.7017970
       6564.0767       1.6865505
       6564.0941       1.6707872
       6564.1116       1.6545990
       6564.1290       1.6380297
       6564.1464       1.6211215
       6564.1638       1.6039637
       6564.1812       1.5867145
       6564.1986       1.5695836
       6564.2160       1.5527836
       6564.2334       1.5364752
       6564.2508       1.5207324
       6564.2682       1.5055411
       6564.2857       1.4908286
       6564.3031       1.4765044
       6564.3205       1.4624923
       6564.3379       1.4487449
       6564.3553       1.4352395
       6564.3727       1.4219700
       6564.3901       1.4089453
       6564.4075       1.3962015
       6564.4249       1.3838209
       6564.4424       1.3719448
       6564.4598       1.3607656
       6564.4772       1.3504920
       6564.4946       1.3412931
       6564.5120       1.3332391
       6564.5294       1.3262614
       6564.5468       1.3201501
       6564.5642       1.3145930
       6564.5816       1.3092436
       6564.5990       1.3037949
       6564.6165       1.2980375
       6564.6339       1.2918866
       6564.6513       1.2853779
       6564.6687       1.2786398
       6564.6861       1.2718491
       6564.7035       1.2651840
       6564.7209       1.2587827
       6564.7383       1.2527165
       6564.7557       1.2469963
       6564.7731       1.2416005
       6564.7906       1.2365168
       6564.8080       1.2317777
       6564.8254       1.2274736
       6564.8428       1.2237333
       6564.8602       1.2206814
       6564.8776       1.2183859
       6564.8950       1.2168202
       6564.9124       1.2158524
       6564.9298       1.2152683
       6564.9473       1.2148197
       6564.9647       1.2142846
       6564.9821       1.2135202
       6564.9995       1.2124927
       6565.0169       1.2112744
       6565.0343       1.2100093
       6565.0517       1.2088577
       6565.0691       1.2079396
       6565.0865       1.2072958
       6565.1039       1.2068786
       6565.1214       1.2065706
       6565.1388       1.2062208
       6565.1562       1.2056818
       6565.1736       1.2048372
       6565.1910       1.2036163
       6565.2084       1.2020007
       6565.2258       1.2000289
       6565.2432       1.1978011
       6565.2606       1.1954796
       6565.2780       1.1932755
       6565.2955       1.1914183
       6565.3129       1.1901056
       6565.3303       1.1894487
       6565.3477       1.1894287
       6565.3651       1.1898850
       6565.3825       1.1905344
       6565.3999       1.1910445
       6565.4173       1.1911091
       6565.4347       1.1905187
       6565.4522       1.1892021
       6565.4696       1.1872329
       6565.4870       1.1848004
       6565.5044       1.1821616
       6565.5218       1.1795864
       6565.5392       1.1773108
       6565.5566       1.1755046
       6565.5740       1.1742565
       6565.5914       1.1735762
       6565.6088       1.1734066
       6565.6263       1.1736424
       6565.6437       1.1741460
       6565.6611       1.1747596
       6565.6785       1.1753154
       6565.6959       1.1756473
       6565.7133       1.1756115
       6565.7307       1.1751145
       6565.7481       1.1741445
       6565.7655       1.1727938
       6565.7830       1.1712575
       6565.8004       1.1698006
       6565.8178       1.1686945
       6565.8352       1.1681401
       6565.8526       1.1682038
       6565.8700       1.1687943
       6565.8874       1.1696932
       6565.9048       1.1706289
       6565.9222       1.1713653
       6565.9396       1.1717657
       6565.9571       1.1718101
       6565.9745       1.1715629
       6565.9919       1.1711146
       6566.0093       1.1705309
       6566.0267       1.1698329
       6566.0441       1.1690135
       6566.0615       1.1680735
       6566.0789       1.1670528
       6566.0963       1.1660380
       6566.1137       1.1651401
       6566.1312       1.1644533
       6566.1486       1.1640136
       6566.1660       1.1637754
       6566.1834       1.1636196
       6566.2008       1.1633897
       6566.2182       1.1629457
       6566.2356       1.1622132
       6566.2530       1.1612094
       6566.2704       1.1600326
       6566.2879       1.1588222
       6566.3053       1.1577053
       6566.3227       1.1567524
       6566.3401       1.1559620
       6566.3575       1.1552759
       6566.3749       1.1546158
       6566.3923       1.1539227
       6566.4097       1.1531838
       6566.4271       1.1524370
       6566.4445       1.1517566
       6566.4620       1.1512276
       6566.4794       1.1509198
       6566.4968       1.1508671
       6566.5142       1.1510576
       6566.5316       1.1514311
       6566.5490       1.1518864
       6566.5664       1.1522940
       6566.5838       1.1525173
       6566.6012       1.1524382
       6566.6186       1.1519839
       6566.6361       1.1511488
       6566.6535       1.1500026
       6566.6709       1.1486817
       6566.6883       1.1473671
       6566.7057       1.1462451
       6566.7231       1.1454763
       6566.7405       1.1451697
       6566.7579       1.1453685
       6566.7753       1.1460472
       6566.7928       1.1471155
       6566.8102       1.1484303
       6566.8276       1.1498127
       6566.8450       1.1510713
       6566.8624       1.1520259
       6566.8798       1.1525298
       6566.8972       1.1524852
       6566.9146       1.1518510
       6566.9320       1.1506469
       6566.9494       1.1489532
       6566.9669       1.1469076
       6566.9843       1.1446952
       6567.0017       1.1425261
       6567.0191       1.1406049
       6567.0365       1.1390954
       6567.0539       1.1380935
       6567.0713       1.1376172
       6567.0887       1.1376156
       6567.1061       1.1379925
       6567.1235       1.1386334
       6567.1410       1.1394279
       6567.1584       1.1402813
       6567.1758       1.1411173
       6567.1932       1.1418793
       6567.2106       1.1425304
       6567.2280       1.1430557
       6567.2454       1.1434616
       6567.2628       1.1437686
       6567.2802       1.1439977
       6567.2977       1.1441533
       6567.3151       1.1442125
       6567.3325       1.1441262
       6567.3499       1.1438356
       6567.3673       1.1432953
       6567.3847       1.1424957
       6567.4021       1.1414739
       6567.4195       1.1403066
       6567.4369       1.1390883
       6567.4543       1.1379027
       6567.4718       1.1367974
       6567.4892       1.1357722
       6567.5066       1.1347853
       6567.5240       1.1337750
       6567.5414       1.1326925
       6567.5588       1.1315302
       6567.5762       1.1303353
       6567.5936       1.1292004
       6567.6110       1.1282331
       6567.6284       1.1275178
       6567.6459       1.1270859
       6567.6633       1.1269052
       6567.6807       1.1268914
       6567.6981       1.1269351
       6567.7155       1.1269332
       6567.7329       1.1268154
       6567.7503       1.1265603
       6567.7677       1.1261978
       6567.7851       1.1257973
       6567.8026       1.1254468
       6567.8200       1.1252293
       6567.8374       1.1252034
       6567.8548       1.1253960
       6567.8722       1.1258051
       6567.8896       1.1264076
       6567.9070       1.1271656
       6567.9244       1.1280260
       6567.9418       1.1289178
       6567.9592       1.1297524
       6567.9767       1.1304343
       6567.9941       1.1308876
       6568.0115       1.1310793
       6568.0289       1.1310332
       6568.0463       1.1308238
       6568.0637       1.1305472
       6568.0811       1.1302819
       6568.0985       1.1300572
       6568.1159       1.1298450
       6568.1333       1.1295802
       6568.1508       1.1291987
       6568.1682       1.1286724
       6568.1856       1.1280235
       6568.2030       1.1273094
       6568.2204       1.1265883
       6568.2378       1.1258849
       6568.2552       1.1251769
       6568.2726       1.1244091
       6568.2900       1.1235291
       6568.3075       1.1225265
       6568.3249       1.1214568
       6568.3423       1.1204395
       6568.3597       1.1196312
       6568.3771       1.1191867
       6568.3945       1.1192234
       6568.4119       1.1198037
       6568.4293       1.1209383
       6568.4467       1.1226091
       6568.4641       1.1247955
       6568.4816       1.1274941
       6568.4990       1.1307201
       6568.5164       1.1344902
       6568.5338       1.1387966
       6568.5512       1.1435843
       6568.5686       1.1487444
       6568.5860       1.1541297
       6568.6034       1.1595889
       6568.6208       1.1650042
       6568.6382       1.1703255
       6568.6557       1.1755700
       6568.6731       1.1807964
       6568.6905       1.1860604
       6568.7079       1.1913684
       6568.7253       1.1966472
       6568.7427       1.2017405
       6568.7601       1.2064304
       6568.7775       1.2104739
       6568.7949       1.2136391
       6568.8124       1.2157330
       6568.8298       1.2166183
       6568.8472       1.2162207
       6568.8646       1.2145303
       6568.8820       1.2115958
       6568.8994       1.2075118
       6568.9168       1.2023986
       6568.9342       1.1963785
       6568.9516       1.1895549
       6568.9690       1.1819995
       6568.9865       1.1737527
       6569.0039       1.1648360
       6569.0213       1.1552759
       6569.0387       1.1451344
       6569.0561       1.1345373
       6569.0735       1.1236918
       6569.0909       1.1128823
       6569.1083       1.1024419
       6569.1257       1.0927018
       6569.1431       1.0839337
       6569.1606       1.0763040
       6569.1780       1.0698578
       6569.1954       1.0645387
       6569.2128       1.0602376
       6569.2302       1.0568471
       6569.2476       1.0542982
       6569.2650       1.0525618
       6569.2824       1.0516204
       6569.2998       1.0514221
       6569.3173       1.0518631
       6569.3347       1.0527931
       6569.3521       1.0540532
       6569.3695       1.0555238
       6569.3869       1.0571623
       6569.4043       1.0590122
       6569.4217       1.0611820
       6569.4391       1.0638006
       6569.4565       1.0669641
       6569.4739       1.0706901
       6569.4914       1.0748911
       6569.5088       1.0793772
       6569.5262       1.0838874
       6569.5436       1.0881459
       6569.5610       1.0919247
       6569.5784       1.0950938
       6569.5958       1.0976383
       6569.6132       1.0996386
       6569.6306       1.1012217
       6569.6480       1.1025069
       6569.6655       1.1035702
       6569.6829       1.1044398
       6569.7003       1.1051184
       6569.7177       1.1056144
       6569.7351       1.1059587
       6569.7525       1.1061979
       6569.7699       1.1063669
       6569.7873       1.1064598
       6569.8047       1.1064166
       6569.8222       1.1061378
       6569.8396       1.1055211
       6569.8570       1.1045056
       6569.8744       1.1031066
       6569.8918       1.1014274
       6569.9092       1.0996434
       6569.9266       1.0979675
       6569.9440       1.0966020
       6569.9614       1.0956954
       6569.9788       1.0953200
       6569.9963       1.0954683
       6570.0137       1.0960689
       6570.0311       1.0970146
       6570.0485       1.0981910
       6570.0659       1.0994984
       6570.0833       1.1008571
       6570.1007       1.1022009
       6570.1181       1.1034639
       6570.1355       1.1045725
       6570.1529       1.1054491
       6570.1704       1.1060264
       6570.1878       1.1062632
       6570.2052       1.1061525
       6570.2226       1.1057168
       6570.2400       1.1049974
       6570.2574       1.1040461
       6570.2748       1.1029243
       6570.2922       1.1017091
       6570.3096       1.1004969
       6570.3271       1.0993982
       6570.3445       1.0985203
       6570.3619       1.0979450
       6570.3793       1.0977081
       6570.3967       1.0977907
       6570.4141       1.0981237
       6570.4315       1.0986034
       6570.4489       1.0991130
       6570.4663       1.0995451
       6570.4837       1.0998197
       6570.5012       1.0998969
       6570.5186       1.0997791
       6570.5360       1.0995040
       6570.5534       1.0991269
       6570.5708       1.0986979
       6570.5882       1.0982425
       6570.6056       1.0977537
       6570.6230       1.0972022
       6570.6404       1.0965602
       6570.6579       1.0958260
       6570.6753       1.0950370
       6570.6927       1.0942621
       6570.7101       1.0935772
       6570.7275       1.0930365
       6570.7449       1.0926545
       6570.7623       1.0924066
       6570.7797       1.0922451
       6570.7971       1.0921191
       6570.8145       1.0919882
       6570.8320       1.0918231
       6570.8494       1.0915973
       6570.8668       1.0912785
       6570.8842       1.0908282
       6570.9016       1.0902126
       6570.9190       1.0894181
       6570.9364       1.0884615
       6570.9538       1.0873890
       6570.9712       1.0862625
       6570.9886       1.0851432
       6571.0061       1.0840822
       6571.0235       1.0831239
       6571.0409       1.0823163
       6571.0583       1.0817182
       6571.0757       1.0813910
       6571.0931       1.0813766
       6571.1105       1.0816682
       6571.1279       1.0821936
       6571.1453       1.0828211
       6571.1628       1.0833884
       6571.1802       1.0837466
       6571.1976       1.0837990
       6571.2150       1.0835238
       6571.2324       1.0829716
       6571.2498       1.0822523
       6571.2672       1.0815003
       6571.2846       1.0808491
       6571.3020       1.0804073
       6571.3194       1.0802406
       6571.3369       1.0803595
       6571.3543       1.0807155
       6571.3717       1.0812126
       6571.3891       1.0817325
       6571.4065       1.0821670
       6571.4239       1.0824424
       6571.4413       1.0825224
       6571.4587       1.0823859
       6571.4761       1.0819911
       6571.4935       1.0812456
       6571.5110       1.0800032
       6571.5284       1.0780936
       6571.5458       1.0753774
       6571.5632       1.0718068
       6571.5806       1.0674715
       6571.5980       1.0626159
       6571.6154       1.0576216
       6571.6328       1.0529603
       6571.6502       1.0491249
       6571.6677       1.0465523
       6571.6851       1.0455516
       6571.7025       1.0462500
       6571.7199       1.0485680
       6571.7373       1.0522288
       6571.7547       1.0568015
       6571.7721       1.0617680
       6571.7895       1.0666000
       6571.8069       1.0708312
       6571.8243       1.0741127
       6571.8418       1.0762493
       6571.8592       1.0772140
       6571.8766       1.0771399
       6571.8940       1.0763019
       6571.9114       1.0750665
       6571.9288       1.0738234
       6571.9462       1.0729238
       6571.9636       1.0726224
       6571.9810       1.0730404
       6571.9984       1.0741575
       6572.0159       1.0758340
       6572.0333       1.0778571
       6572.0507       1.0799953
       6572.0681       1.0820458
       6572.0855       1.0838621
       6572.1029       1.0853584
       6572.1203       1.0865009
       6572.1377       1.0872946
       6572.1551       1.0877769
       6572.1726       1.0880168
       6572.1900       1.0881153
       6572.2074       1.0881980
       6572.2248       1.0883980
       6572.2422       1.0888309
       6572.2596       1.0895704
       6572.2770       1.0906333
       6572.2944       1.0919778
       6572.3118       1.0935163
       6572.3292       1.0951355
       6572.3467       1.0967170
       6572.3641       1.0981531
       6572.3815       1.0993559
       6572.3989       1.1002600
       6572.4163       1.1008213
       6572.4337       1.1010113
       6572.4511       1.1008078
       6572.4685       1.1001854
       6572.4859       1.0991106
       6572.5033       1.0975486
       6572.5208       1.0954819
       6572.5382       1.0929317
       6572.5556       1.0899780
       6572.5730       1.0867446
       6572.5904       1.0833726
       6572.6078       1.0799824
       6572.6252       1.0766454
       6572.6426       1.0733786
       6572.6600       1.0701656
       6572.6775       1.0669934
       6572.6949       1.0638871
       6572.7123       1.0609267
       6572.7297       1.0582380
       6572.7471       1.0559624
       6572.7645       1.0542163
       6572.7819       1.0530559
       6572.7993       1.0524574
       6572.8167       1.0523203
       6572.8341       1.0524931
       6572.8516       1.0528156
       6572.8690       1.0531648
       6572.8864       1.0534903
       6572.9038       1.0538239
       6572.9212       1.0542583
       6572.9386       1.0549006
       6572.9560       1.0558198
       6572.9734       1.0570108
       6572.9908       1.0583892
       6573.0082       1.0598199
       6573.0257       1.0611623
       6573.0431       1.0623119
       6573.0605       1.0632211
       6573.0779       1.0638956
       6573.0953       1.0643719
       6573.1127       1.0646898
       6573.1301       1.0648696
       6573.1475       1.0648995
       6573.1649       1.0647359
       6573.1824       1.0643141
       6573.1998       1.0635747
       6573.2172       1.0624945
       6573.2346       1.0611138
       6573.2520       1.0595524
       6573.2694       1.0580034
       6573.2868       1.0567014
       6573.3042       1.0558740
       6573.3216       1.0556894
       6573.3390       1.0562167
       6573.3565       1.0574102
       6573.3739       1.0591200
       6573.3913       1.0611257
       6573.4087       1.0631829
       6573.4261       1.0650720
       6573.4435       1.0666387
       6573.4609       1.0678160
       6573.4783       1.0686215
       6573.4957       1.0691302
       6573.5131       1.0694306
       6573.5306       1.0695815
       6573.5480       1.0695877
       6573.5654       1.0694062
       6573.5828       1.0689801
       6573.6002       1.0682844
       6573.6176       1.0673612
       6573.6350       1.0663266
       6573.6524       1.0653480
       6573.6698       1.0646015
       6573.6873       1.0642297
       6573.7047       1.0643136
       6573.7221       1.0648634
       6573.7395       1.0658254
       6573.7569       1.0670956
       6573.7743       1.0685365
       6573.7917       1.0699946
       6573.8091       1.0713209
       6573.8265       1.0723927
       6573.8439       1.0731336
       6573.8614       1.0735313
       6573.8788       1.0736297
       6573.8962       1.0735104
       6573.9136       1.0732638
       6573.9310       1.0729625
       6573.9484       1.0726500
       6573.9658       1.0723453
       6573.9832       1.0720573
       6574.0006       1.0717929
       6574.0180       1.0715527
       6574.0355       1.0713180
       6574.0529       1.0710409
       6574.0703       1.0706520
       6574.0877       1.0700841
       6574.1051       1.0693017
       6574.1225       1.0683189
       6574.1399       1.0671919
       6574.1573       1.0659910
       6574.1747       1.0647651
       6574.1922       1.0635156
       6574.2096       1.0621912
       6574.2270       1.0607001
       6574.2444       1.0589304
       6574.2618       1.0567684
       6574.2792       1.0541122
       6574.2966       1.0508855
       6574.3140       1.0470573
       6574.3314       1.0426724
       6574.3488       1.0378846
       6574.3663       1.0329798
       6574.3837       1.0283752
       6574.4011       1.0245837
       6574.4185       1.0221451
       6574.4359       1.0215344
       6574.4533       1.0230689
       6574.4707       1.0268352
       6574.4881       1.0326649
       6574.5055       1.0401234
       6574.5229       1.0486030
       6574.5404       1.0574276
       6574.5578       1.0659637
       6574.5752       1.0737184
       6574.5926       1.0803993
       6574.6100       1.0859224
       6574.6274       1.0903710
       6574.6448       1.0939204
       6574.6622       1.0967489
       6574.6796       1.0989613
       6574.6971       1.1005471
       6574.7145       1.1013829
       6574.7319       1.1012793
       6574.7493       1.1000546
       6574.7667       1.0976058
       6574.7841       1.0939525
       6574.8015       1.0892348
       6574.8189       1.0836740
       6574.8363       1.0775153
       6574.8537       1.0709853
       6574.8712       1.0642827
       6574.8886       1.0576047
       6574.9060       1.0511868
       6574.9234       1.0453252
       6574.9408       1.0403567
       6574.9582       1.0365936
       6574.9756       1.0342352
       6574.9930       1.0332938
       6575.0104       1.0335685
       6575.0279       1.0346835
       6575.0453       1.0361792
       6575.0627       1.0376268
       6575.0801       1.0387267
       6575.0975       1.0393599
       6575.1149       1.0395806
       6575.1323       1.0395569
       6575.1497       1.0394900
       6575.1671       1.0395384
       6575.1845       1.0397843
       6575.2020       1.0402443
       6575.2194       1.0409087
       6575.2368       1.0417826
       6575.2542       1.0429057
       6575.2716       1.0443398
       6575.2890       1.0461312
       6575.3064       1.0482676
       6575.3238       1.0506486
       6575.3412       1.0530860
       6575.3586       1.0553347
       6575.3761       1.0571482
       6575.3935       1.0583401
       6575.4109       1.0588326
       6575.4283       1.0586756
       6575.4457       1.0580299
       6575.4631       1.0571223
       6575.4805       1.0561868
       6575.4979       1.0554129
       6575.5153       1.0549133
       6575.5328       1.0547155
       6575.5502       1.0547746
       6575.5676       1.0549989
       6575.5850       1.0552830
       6575.6024       1.0555379
       6575.6198       1.0557146
       6575.6372       1.0558134
       6575.6546       1.0558757
       6575.6720       1.0559626
       6575.6894       1.0561278
       6575.7069       1.0563952
       6575.7243       1.0567490
       6575.7417       1.0571383
       6575.7591       1.0574906
       6575.7765       1.0577280
       6575.7939       1.0577792
       6575.8113       1.0575914
       6575.8287       1.0571334
       6575.8461       1.0563992
       6575.8635       1.0554120
       6575.8810       1.0542276
       6575.8984       1.0529351
       6575.9158       1.0516521
       6575.9332       1.0505116
       6575.9506       1.0496426
       6575.9680       1.0491476
       6575.9854       1.0490824
       6576.0028       1.0494454
       6576.0202       1.0501776
       6576.0377       1.0511743
       6576.0551       1.0523045
       6576.0725       1.0534326
       6576.0899       1.0544389
       6576.1073       1.0552318
       6576.1247       1.0557531
       6576.1421       1.0559734
       6576.1595       1.0558839
       6576.1769       1.0554876
       6576.1943       1.0547957
       6576.2118       1.0538318
       6576.2292       1.0526407
       6576.2466       1.0512967
       6576.2640       1.0499046
       6576.2814       1.0485874
       6576.2988       1.0474646
       6576.3162       1.0466279
       6576.3336       1.0461238
       6576.3510       1.0459507
       6576.3684       1.0460693
       6576.3859       1.0464201
       6576.4033       1.0469372
       6576.4207       1.0475534
       6576.4381       1.0481952
       6576.4555       1.0487758
       6576.4729       1.0491954
       6576.4903       1.0493507
       6576.5077       1.0491527
       6576.5251       1.0485454
       6576.5426       1.0475167
       6576.5600       1.0460987
       6576.5774       1.0443608
       6576.5948       1.0424011
       6576.6122       1.0403429
       6576.6296       1.0383343
       6576.6470       1.0365463
       6576.6644       1.0351599
       6576.6818       1.0343404
       6576.6992       1.0342032
       6576.7167       1.0347839
       6576.7341       1.0360237
       6576.7515       1.0377781
       6576.7689       1.0398432
       6576.7863       1.0419929
       6576.8037       1.0440119
       6576.8211       1.0457190
       6576.8385       1.0469781
       6576.8559       1.0477018
       6576.8733       1.0478551
       6576.8908       1.0474606
       6576.9082       1.0466029
       6576.9256       1.0454237
       6576.9430       1.0441037
       6576.9604       1.0428333
       6576.9778       1.0417818
       6576.9952       1.0410753
       6577.0126       1.0407863
       6577.0300       1.0409330
       6577.0475       1.0414815
       6577.0649       1.0423491
       6577.0823       1.0434126
       6577.0997       1.0445263
       6577.1171       1.0455514
       6577.1345       1.0463898
       6577.1519       1.0470038
       6577.1693       1.0474147
       6577.1867       1.0476792
       6577.2041       1.0478530
       6577.2216       1.0479564
       6577.2390       1.0479576
       6577.2564       1.0477797
       6577.2738       1.0473282
       6577.2912       1.0465291
       6577.3086       1.0453611
       6577.3260       1.0438750
       6577.3434       1.0421912
       6577.3608       1.0404808
       6577.3782       1.0389325
       6577.3957       1.0377166
       6577.4131       1.0369547
       6577.4305       1.0367008
       6577.4479       1.0369385
       6577.4653       1.0375907
       6577.4827       1.0385358
       6577.5001       1.0396242
       6577.5175       1.0406939
       6577.5349       1.0415846
       6577.5524       1.0421563
       6577.5698       1.0423106
       6577.5872       1.0420114
       6577.6046       1.0412979
       6577.6220       1.0402831
       6577.6394       1.0391355
       6577.6568       1.0380491
       6577.6742       1.0372079
       6577.6916       1.0367532
       6577.7090       1.0367599
       6577.7265       1.0372241
       6577.7439       1.0380645
       6577.7613       1.0391329
       6577.7787       1.0402417
       6577.7961       1.0411964
       6577.8135       1.0418275
       6577.8309       1.0420202
       6577.8483       1.0417401
       6577.8657       1.0410476
       6577.8831       1.0400965
       6577.9006       1.0391078
       6577.9180       1.0383188
       6577.9354       1.0379186
       6577.9528       1.0379915
       6577.9702       1.0384934
       6577.9876       1.0392721
       6578.0050       1.0401278
       6578.0224       1.0408866
       6578.0398       1.0414578
       6578.0573       1.0418515
       6578.0747       1.0421530
       6578.0921       1.0424674
       6578.1095       1.0428620
       6578.1269       1.0433296
       6578.1443       1.0437875
       6578.1617       1.0441098
       6578.1791       1.0441781
       6578.1965       1.0439297
       6578.2139       1.0433832
       6578.2314       1.0426317
       6578.2488       1.0418075
       6578.2662       1.0410324
       6578.2836       1.0403759
       6578.3010       1.0398375
       6578.3184       1.0393611
       6578.3358       1.0388718
       6578.3532       1.0383183
       6578.3706       1.0377015
       6578.3880       1.0370784
       6578.4055       1.0365443
       6578.4229       1.0361984
       6578.4403       1.0361180
       6578.4577       1.0363449
       6578.4751       1.0368858
       6578.4925       1.0377217
       6578.5099       1.0388148
       6578.5273       1.0401082
       6578.5447       1.0415181
       6578.5622       1.0429291
       6578.5796       1.0442008
       6578.5970       1.0451918
       6578.6144       1.0457944
       6578.6318       1.0459629
       6578.6492       1.0457232
       6578.6666       1.0451560
       6578.6840       1.0443659
       6578.7014       1.0434500
       6578.7188       1.0424825
       6578.7363       1.0415167
       6578.7537       1.0405979
       6578.7711       1.0397727
       6578.7885       1.0390902
       6578.8059       1.0385953
       6578.8233       1.0383201
       6578.8407       1.0382814
       6578.8581       1.0384824
       6578.8755       1.0389155
       6578.8929       1.0395611
       6578.9104       1.0403832
       6578.9278       1.0413232
       6578.9452       1.0422984
       6578.9626       1.0432068
       6578.9800       1.0439388
       6578.9974       1.0443945
       6579.0148       1.0445030
       6579.0322       1.0442393
       6579.0496       1.0436339
       6579.0671       1.0427733
       6579.0845       1.0417790
       6579.1019       1.0407766
       6579.1193       1.0398651
       6579.1367       1.0390957
       6579.1541       1.0384705
       6579.1715       1.0379603
       6579.1889       1.0375322
       6579.2063       1.0371731
       6579.2237       1.0368966
       6579.2412       1.0367344
       6579.2586       1.0367210
       6579.2760       1.0368814
       6579.2934       1.0372292
       6579.3108       1.0377711
       6579.3282       1.0385098
       6579.3456       1.0394383
       6579.3630       1.0405277
       6579.3804       1.0417126
       6579.3978       1.0428861
       6579.4153       1.0439098
       6579.4327       1.0446400
       6579.4501       1.0449630
       6579.4675       1.0448299
       6579.4849       1.0442782
       6579.5023       1.0434318
       6579.5197       1.0424783
       6579.5371       1.0416275
       6579.5545       1.0410642
       6579.5720       1.0409096
       6579.5894       1.0412038
       6579.6068       1.0419142
       6579.6242       1.0429616
       6579.6416       1.0442499
       6579.6590       1.0456845
       6579.6764       1.0471718
       6579.6938       1.0486084
       6579.7112       1.0498716
       6579.7286       1.0508330
       6579.7461       1.0513868
       6579.7635       1.0514862
       6579.7809       1.0511676
       6579.7983       1.0505476
       6579.8157       1.0497932
       6579.8331       1.0490752
       6579.8505       1.0485249
       6579.8679       1.0482067
       6579.8853       1.0481115
       6579.9028       1.0481684
       6579.9202       1.0482661
       6579.9376       1.0482804
       6579.9550       1.0480996
       6579.9724       1.0476464
       6579.9898       1.0468914
       6580.0072       1.0458550
       6580.0246       1.0446007
       6580.0420       1.0432184
       6580.0594       1.0418063
       6580.0769       1.0404530
       6580.0943       1.0392244
       6580.1117       1.0381550
       6580.1291       1.0372459
       6580.1465       1.0364671
       6580.1639       1.0357633
       6580.1813       1.0350618
       6580.1987       1.0342803
       6580.2161       1.0333346
       6580.2335       1.0321510
       6580.2510       1.0306849
       6580.2684       1.0289456
       6580.2858       1.0270192
       6580.3032       1.0250787
       6580.3206       1.0233679
       6580.3380       1.0221610
       6580.3554       1.0217093
       6580.3728       1.0221720
       6580.3902       1.0235800
       6580.4077       1.0258219
       6580.4251       1.0286541
       6580.4425       1.0317386
       6580.4599       1.0347032
       6580.4773       1.0372130
       6580.4947       1.0390387
       6580.5121       1.0401019
       6580.5295       1.0404838
       6580.5469       1.0403954
       6580.5643       1.0401216
       6580.5818       1.0399553
       6580.5992       1.0401385
       6580.6166       1.0408208
       6580.6340       1.0420355
       6580.6514       1.0436979
       6580.6688       1.0456233
       6580.6862       1.0475677
       6580.7036       1.0492812
       6580.7210       1.0505644
       6580.7384       1.0513104
       6580.7559       1.0515204
       6580.7733       1.0512902
       6580.7907       1.0507721
       6580.8081       1.0501276
       6580.8255       1.0494806
       6580.8429       1.0488852
       6580.8603       1.0483153
       6580.8777       1.0476778
       6580.8951       1.0468501
       6580.9126       1.0457283
       6580.9300       1.0442735
       6580.9474       1.0425365
       6580.9648       1.0406523
       6580.9822       1.0388063
       6580.9996       1.0371859
       6581.0170       1.0359335
       6581.0344       1.0351117
       6581.0518       1.0347035
       6581.0692       1.0346239
       6581.0867       1.0347441
       6581.1041       1.0349166
       6581.1215       1.0349971
       6581.1389       1.0348622
       6581.1563       1.0344260
       6581.1737       1.0336578
       6581.1911       1.0325992
       6581.2085       1.0313722
       6581.2259       1.0301668
       6581.2433       1.0292042
       6581.2608       1.0286797
       6581.2782       1.0287061
       6581.2956       1.0292796
       6581.3130       1.0302831
       6581.3304       1.0315281
       6581.3478       1.0328171
       6581.3652       1.0340006
       6581.3826       1.0350071
       6581.4000       1.0358392
       6581.4175       1.0365436
       6581.4349       1.0371720
       6581.4523       1.0377516
       6581.4697       1.0382722
       6581.4871       1.0386914
       6581.5045       1.0389509
       6581.5219       1.0389994
       6581.5393       1.0388135
       6581.5567       1.0384113
       6581.5741       1.0378537
       6581.5916       1.0372317
       6581.6090       1.0366441
       6581.6264       1.0361759
       6581.6438       1.0358867
       6581.6612       1.0358137
       6581.6786       1.0359736
       6581.6960       1.0363672
       6581.7134       1.0369673
       6581.7308       1.0377030
       6581.7482       1.0384554
       6581.7657       1.0390777
       6581.7831       1.0394398
       6581.8005       1.0394774
       6581.8179       1.0392206
       6581.8353       1.0387836
       6581.8527       1.0383164
       6581.8701       1.0379414
       6581.8875       1.0377031
       6581.9049       1.0375559
       6581.9224       1.0373961
       6581.9398       1.0371224
       6581.9572       1.0366956
       6581.9746       1.0361695
       6581.9920       1.0356756
       6582.0094       1.0353705
       6582.0268       1.0353691
       6582.0442       1.0356948
       6582.0616       1.0362677
       6582.0790       1.0369328
       6582.0965       1.0375138
       6582.1139       1.0378687
       6582.1313       1.0379260
       6582.1487       1.0376947
       6582.1661       1.0372480
       6582.1835       1.0366930
       6582.2009       1.0361388
       6582.2183       1.0356712
       6582.2357       1.0353378
       6582.2531       1.0351442
       6582.2706       1.0350596
       6582.2880       1.0350278
       6582.3054       1.0349852
       6582.3228       1.0348803
       6582.3402       1.0346929
       6582.3576       1.0344414
       6582.3750       1.0341782
       6582.3924       1.0339723
       6582.4098       1.0338836
       6582.4273       1.0339412
       6582.4447       1.0341331
       6582.4621       1.0344132
       6582.4795       1.0347226
       6582.4969       1.0350130
       6582.5143       1.0352587
       6582.5317       1.0354523
       6582.5491       1.0355885
       6582.5665       1.0356489
       6582.5839       1.0356047
       6582.6014       1.0354374
       6582.6188       1.0351688
       6582.6362       1.0348782
       6582.6536       1.0346925
       6582.6710       1.0347442
       6582.6884       1.0351167
       6582.7058       1.0357973
       6582.7232       1.0366644
       6582.7406       1.0375145
       6582.7580       1.0381209
       6582.7755       1.0383035
       6582.7929       1.0379806
       6582.8103       1.0371869
       6582.8277       1.0360535
       6582.8451       1.0347625
       6582.8625       1.0334979
       6582.8799       1.0324128
       6582.8973       1.0316208
       6582.9147       1.0312025
       6582.9322       1.0312159
       6582.9496       1.0316965
       6582.9670       1.0326476
       6582.9844       1.0340175
       6583.0018       1.0357011
       6583.0192       1.0375488
       6583.0366       1.0393947
       6583.0540       1.0410917
       6583.0714       1.0425423
       6583.0888       1.0437139
       6583.1063       1.0446348
       6583.1237       1.0453744
       6583.1411       1.0460174
       6583.1585       1.0466397
       6583.1759       1.0472920
       6583.1933       1.0479939
       6583.2107       1.0487354
       6583.2281       1.0494850
       6583.2455       1.0501998
       6583.2629       1.0508357
       6583.2804       1.0513557
       6583.2978       1.0517336
       6583.3152       1.0519555
       6583.3326       1.0520168
       6583.3500       1.0519187
       6583.3674       1.0516629
       6583.3848       1.0512480
       6583.4022       1.0506691
       6583.4196       1.0499209
       6583.4371       1.0490040
       6583.4545       1.0479300
       6583.4719       1.0467217
       6583.4893       1.0454085
       6583.5067       1.0440192
       6583.5241       1.0425748
       6583.5415       1.0410875
       6583.5589       1.0395641
       6583.5763       1.0380152
       6583.5937       1.0364659
       6583.6112       1.0349636
       6583.6286       1.0335773
       6583.6460       1.0323802
       6583.6634       1.0314215
       6583.6808       1.0306956
       6583.6982       1.0301263
       6583.7156       1.0295783
       6583.7330       1.0288981
       6583.7504       1.0279694
       6583.7678       1.0267602
       6583.7853       1.0253404
       6583.8027       1.0238626
       6583.8201       1.0225165
       6583.8375       1.0214747
       6583.8549       1.0208510
       6583.8723       1.0206817
       6583.8897       1.0209323
       6583.9071       1.0215203
       6583.9245       1.0223473
       6583.9420       1.0233284
       6583.9594       1.0244133
       6583.9768       1.0255931
       6583.9942       1.0268908
       6584.0116       1.0283383
       6584.0290       1.0299468
       6584.0464       1.0316825
       6584.0638       1.0334563
       6584.0812       1.0351364
       6584.0986       1.0365787
       6584.1161       1.0376666
       6584.1335       1.0383447
       6584.1509       1.0386338
       6584.1683       1.0386220
       6584.1857       1.0384388
       6584.2031       1.0382194
       6584.2205       1.0380742
       6584.2379       1.0380654
       6584.2553       1.0381973
       6584.2727       1.0384174
       6584.2902       1.0386276
       6584.3076       1.0387123
       6584.3250       1.0385691
       6584.3424       1.0381390
       6584.3598       1.0374288
       6584.3772       1.0365148
       6584.3946       1.0355264
       6584.4120       1.0346117
       6584.4294       1.0338971
       6584.4469       1.0334510
       6584.4643       1.0332680
       6584.4817       1.0332762
       6584.4991       1.0333659
       6584.5165       1.0334273
       6584.5339       1.0333824
       6584.5513       1.0332003
       6584.5687       1.0328950
       6584.5861       1.0325110
       6584.6035       1.0321029
       6584.6210       1.0317158
       6584.6384       1.0313666
       6584.6558       1.0310311
       6584.6732       1.0306413
       6584.6906       1.0301003
       6584.7080       1.0293172
       6584.7254       1.0282532
       6584.7428       1.0269609
       6584.7602       1.0255938
       6584.7777       1.0243774
       6584.7951       1.0235468
       6584.8125       1.0232761
       6584.8299       1.0236268
       6584.8473       1.0245358
       6584.8647       1.0258423
       6584.8821       1.0273385
       6584.8995       1.0288221
       6584.9169       1.0301323
       6584.9343       1.0311658
       6584.9518       1.0318755
       6584.9692       1.0322599
       6584.9866       1.0323580
       6585.0040       1.0322460
