# Angstrom [air],  flux [abs.cor.cont.sub+1]
       6544.9914       1.0230689
       6545.0088       1.0220314
       6545.0262       1.0213280
       6545.0436       1.0209257
       6545.0611       1.0207266
       6545.0785       1.0206019
       6545.0959       1.0204267
       6545.1133       1.0201068
       6545.1307       1.0195911
       6545.1481       1.0188649
       6545.1655       1.0179390
       6545.1829       1.0168391
       6545.2003       1.0156060
       6545.2177       1.0143083
       6545.2352       1.0130587
       6545.2526       1.0120223
       6545.2700       1.0114014
       6545.2874       1.0113960
       6545.3048       1.0121548
       6545.3222       1.0137355
       6545.3396       1.0160972
       6545.3570       1.0191253
       6545.3744       1.0226793
       6545.3918       1.0266420
       6545.4093       1.0309521
       6545.4267       1.0356127
       6545.4441       1.0406809
       6545.4615       1.0462437
       6545.4789       1.0523910
       6545.4963       1.0591881
       6545.5137       1.0666532
       6545.5311       1.0747435
       6545.5485       1.0833563
       6545.5660       1.0923464
       6545.5834       1.1015580
       6545.6008       1.1108601
       6545.6182       1.1201687
       6545.6356       1.1294435
       6545.6530       1.1386570
       6545.6704       1.1477526
       6545.6878       1.1566124
       6545.7052       1.1650551
       6545.7226       1.1728622
       6545.7401       1.1798153
       6545.7575       1.1857198
       6545.7749       1.1904043
       6545.7923       1.1937048
       6545.8097       1.1954516
       6545.8271       1.1954782
       6545.8445       1.1936520
       6545.8619       1.1899120
       6545.8793       1.1842913
       6545.8967       1.1769161
       6545.9142       1.1679795
       6545.9316       1.1577065
       6545.9490       1.1463208
       6545.9664       1.1340206
       6545.9838       1.1209646
       6546.0012       1.1072659
       6546.0186       1.0929953
       6546.0360       1.0781950
       6546.0534       1.0629025
       6546.0708       1.0471798
       6546.0883       1.0311380
       6546.1057       1.0149526
       6546.1231      0.99886533
       6546.1405      0.98317588
       6546.1579      0.96822443
       6546.1753      0.95436530
       6546.1927      0.94193211
       6546.2101      0.93119879
       6546.2275      0.92234574
       6546.2449      0.91544202
       6546.2624      0.91045060
       6546.2798      0.90725514
       6546.2972      0.90569913
       6546.3146      0.90562385
       6546.3320      0.90689323
       6546.3494      0.90939932
       6546.3668      0.91304988
       6546.3842      0.91774615
       6546.4016      0.92336516
       6546.4191      0.92973921
       6546.4365      0.93666855
       6546.4539      0.94393781
       6546.4713      0.95133462
       6546.4887      0.95866806
       6546.5061      0.96578156
       6546.5235      0.97255981
       6546.5409      0.97893081
       6546.5583      0.98486406
       6546.5757      0.99036483
       6546.5932      0.99546437
       6546.6106       1.0002054
       6546.6280       1.0046245
       6546.6454       1.0087346
       6546.6628       1.0125139
       6546.6802       1.0159069
       6546.6976       1.0188400
       6546.7150       1.0212484
       6546.7324       1.0231044
       6546.7498       1.0244378
       6546.7673       1.0253389
       6546.7847       1.0259471
       6546.8021       1.0264265
       6546.8195       1.0269366
       6546.8369       1.0276037
       6546.8543       1.0284980
       6546.8717       1.0296214
       6546.8891       1.0309112
       6546.9065       1.0322595
       6546.9239       1.0335427
       6546.9414       1.0346526
       6546.9588       1.0355187
       6546.9762       1.0361169
       6546.9936       1.0364623
       6547.0110       1.0365922
       6547.0284       1.0365426
       6547.0458       1.0363248
       6547.0632       1.0359068
       6547.0806       1.0352103
       6547.0980       1.0341219
       6547.1155       1.0325265
       6547.1329       1.0303518
       6547.1503       1.0276130
       6547.1677       1.0244389
       6547.1851       1.0210711
       6547.2025       1.0178312
       6547.2199       1.0150669
       6547.2373       1.0130899
       6547.2547       1.0121217
       6547.2722       1.0122595
       6547.2896       1.0134662
       6547.3070       1.0155878
       6547.3244       1.0183880
       6547.3418       1.0215951
       6547.3592       1.0249453
       6547.3766       1.0282157
       6547.3940       1.0312386
       6547.4114       1.0338989
       6547.4288       1.0361213
       6547.4463       1.0378540
       6547.4637       1.0390576
       6547.4811       1.0397021
       6547.4985       1.0397739
       6547.5159       1.0392898
       6547.5333       1.0383139
       6547.5507       1.0369703
       6547.5681       1.0354423
       6547.5855       1.0339535
       6547.6029       1.0327327
       6547.6204       1.0319730
       6547.6378       1.0317973
       6547.6552       1.0322404
       6547.6726       1.0332482
       6547.6900       1.0346888
       6547.7074       1.0363705
       6547.7248       1.0380654
       6547.7422       1.0395506
       6547.7596       1.0406495
       6547.7770       1.0412720
       6547.7945       1.0414356
       6547.8119       1.0412581
       6547.8293       1.0409204
       6547.8467       1.0406140
       6547.8641       1.0404927
       6547.8815       1.0406395
       6547.8989       1.0410548
       6547.9163       1.0416574
       6547.9337       1.0422913
       6547.9511       1.0427356
       6547.9686       1.0427203
       6547.9860       1.0419545
       6548.0034       1.0401683
       6548.0208       1.0371628
       6548.0382       1.0328569
       6548.0556       1.0273180
       6548.0730       1.0207707
       6548.0904       1.0135819
       6548.1078       1.0062293
       6548.1253      0.99925661
       6548.1427      0.99322200
       6548.1601      0.98864124
       6548.1775      0.98592870
       6548.1949      0.98534099
       6548.2123      0.98693170
       6548.2297      0.99052878
       6548.2471      0.99574570
       6548.2645       1.0020318
       6548.2819       1.0087564
       6548.2994       1.0153090
       6548.3168       1.0211904
       6548.3342       1.0260702
       6548.3516       1.0297989
       6548.3690       1.0323880
       6548.3864       1.0339690
       6548.4038       1.0347310
       6548.4212       1.0348903
       6548.4386       1.0346673
       6548.4560       1.0342728
       6548.4735       1.0338975
       6548.4909       1.0337002
       6548.5083       1.0337977
       6548.5257       1.0342579
       6548.5431       1.0350961
       6548.5605       1.0362765
       6548.5779       1.0377171
       6548.5953       1.0393008
       6548.6127       1.0408924
       6548.6301       1.0423585
       6548.6476       1.0435889
       6548.6650       1.0445147
       6548.6824       1.0451201
       6548.6998       1.0454461
       6548.7172       1.0455826
       6548.7346       1.0456501
       6548.7520       1.0457736
       6548.7694       1.0460556
       6548.7868       1.0465571
       6548.8042       1.0472896
       6548.8217       1.0482183
       6548.8391       1.0492714
       6548.8565       1.0503520
       6548.8739       1.0513503
       6548.8913       1.0521566
       6548.9087       1.0526758
       6548.9261       1.0528410
       6548.9435       1.0526224
       6548.9609       1.0520295
       6548.9784       1.0511060
       6548.9958       1.0499202
       6549.0132       1.0485535
       6549.0306       1.0470927
       6549.0480       1.0456218
       6549.0654       1.0442197
       6549.0828       1.0429586
       6549.1002       1.0419047
       6549.1176       1.0411179
       6549.1350       1.0406498
       6549.1525       1.0405338
       6549.1699       1.0407717
       6549.1873       1.0413182
       6549.2047       1.0420753
       6549.2221       1.0429036
       6549.2395       1.0436506
       6549.2569       1.0441880
       6549.2743       1.0444428
       6549.2917       1.0444096
       6549.3091       1.0441398
       6549.3266       1.0437160
       6549.3440       1.0432239
       6549.3614       1.0427359
       6549.3788       1.0423081
       6549.3962       1.0419870
       6549.4136       1.0418123
       6549.4310       1.0418123
       6549.4484       1.0419913
       6549.4658       1.0423204
       6549.4832       1.0427412
       6549.5007       1.0431845
       6549.5181       1.0435978
       6549.5355       1.0439661
       6549.5529       1.0443163
       6549.5703       1.0447021
       6549.5877       1.0451775
       6549.6051       1.0457715
       6549.6225       1.0464735
       6549.6399       1.0472336
       6549.6573       1.0479740
       6549.6748       1.0486064
       6549.6922       1.0490539
       6549.7096       1.0492671
       6549.7270       1.0492380
       6549.7444       1.0490044
       6549.7618       1.0486427
       6549.7792       1.0482472
       6549.7966       1.0478991
       6549.8140       1.0476348
       6549.8315       1.0474259
       6549.8489       1.0471817
       6549.8663       1.0467784
       6549.8837       1.0461078
       6549.9011       1.0451286
       6549.9185       1.0438996
       6549.9359       1.0425826
       6549.9533       1.0414081
       6549.9707       1.0406165
       6549.9881       1.0403919
       6550.0056       1.0408089
       6550.0230       1.0418090
       6550.0404       1.0432117
       6550.0578       1.0447584
       6550.0752       1.0461752
       6550.0926       1.0472391
       6550.1100       1.0478294
       6550.1274       1.0479509
       6550.1448       1.0477247
       6550.1622       1.0473460
       6550.1797       1.0470259
       6550.1971       1.0469316
       6550.2145       1.0471452
       6550.2319       1.0476506
       6550.2493       1.0483504
       6550.2667       1.0491027
       6550.2841       1.0497624
       6550.3015       1.0502146
       6550.3189       1.0503922
       6550.3363       1.0502871
       6550.3538       1.0499393
       6550.3712       1.0494276
       6550.3886       1.0488541
       6550.4060       1.0483250
       6550.4234       1.0479317
       6550.4408       1.0477349
       6550.4582       1.0477572
       6550.4756       1.0479851
       6550.4930       1.0483796
       6550.5104       1.0488884
       6550.5279       1.0494584
       6550.5453       1.0500432
       6550.5627       1.0506078
       6550.5801       1.0511306
       6550.5975       1.0516055
       6550.6149       1.0520417
       6550.6323       1.0524619
       6550.6497       1.0528938
       6550.6671       1.0533579
       6550.6846       1.0538537
       6550.7020       1.0543513
       6550.7194       1.0547915
       6550.7368       1.0550977
       6550.7542       1.0551961
       6550.7716       1.0550368
       6550.7890       1.0546108
       6550.8064       1.0539546
       6550.8238       1.0531440
       6550.8412       1.0522771
       6550.8587       1.0514564
       6550.8761       1.0507729
       6550.8935       1.0502974
       6550.9109       1.0500771
       6550.9283       1.0501369
       6550.9457       1.0504804
       6550.9631       1.0510930
       6550.9805       1.0519374
       6550.9979       1.0529519
       6551.0153       1.0540479
       6551.0328       1.0551143
       6551.0502       1.0560354
       6551.0676       1.0567230
       6551.0850       1.0571497
       6551.1024       1.0573684
       6551.1198       1.0574998
       6551.1372       1.0576911
       6551.1546       1.0580587
       6551.1720       1.0586420
       6551.1894       1.0593894
       6551.2069       1.0601814
       6551.2243       1.0608782
       6551.2417       1.0613694
       6551.2591       1.0616052
       6551.2765       1.0615986
       6551.2939       1.0614056
       6551.3113       1.0610949
       6551.3287       1.0607257
       6551.3461       1.0603395
       6551.3635       1.0599686
       6551.3810       1.0596478
       6551.3984       1.0594195
       6551.4158       1.0593235
       6551.4332       1.0593752
       6551.4506       1.0595430
       6551.4680       1.0597380
       6551.4854       1.0598260
       6551.5028       1.0596596
       6551.5202       1.0591210
       6551.5377       1.0581624
       6551.5551       1.0568313
       6551.5725       1.0552732
       6551.5899       1.0537104
       6551.6073       1.0524030
       6551.6247       1.0516015
       6551.6421       1.0514881
       6551.6595       1.0521506
       6551.6769       1.0535665
       6551.6943       1.0556117
       6551.7118       1.0580861
       6551.7292       1.0607499
       6551.7466       1.0633615
       6551.7640       1.0657103
       6551.7814       1.0676409
       6551.7988       1.0690640
       6551.8162       1.0699569
       6551.8336       1.0703553
       6551.8510       1.0703401
       6551.8684       1.0700210
       6551.8859       1.0695174
       6551.9033       1.0689351
       6551.9207       1.0683404
       6551.9381       1.0677353
       6551.9555       1.0670430
       6551.9729       1.0661098
       6551.9903       1.0647273
       6552.0077       1.0626713
       6552.0251       1.0597476
       6552.0425       1.0558344
       6552.0600       1.0509133
       6552.0774       1.0450871
       6552.0948       1.0385845
       6552.1122       1.0317560
       6552.1296       1.0250560
       6552.1470       1.0190103
       6552.1644       1.0141624
       6552.1818       1.0110020
       6552.1992       1.0098870
       6552.2167       1.0109742
       6552.2341       1.0141812
       6552.2515       1.0191900
       6552.2689       1.0255006
       6552.2863       1.0325019
       6552.3037       1.0395929
       6552.3211       1.0462674
       6552.3385       1.0521668
       6552.3559       1.0570947
       6552.3733       1.0609982
       6552.3908       1.0639323
       6552.4082       1.0660257
       6552.4256       1.0674542
       6552.4430       1.0684221
       6552.4604       1.0691420
       6552.4778       1.0698086
       6552.4952       1.0705704
       6552.5126       1.0715080
       6552.5300       1.0726282
       6552.5474       1.0738784
       6552.5649       1.0751746
       6552.5823       1.0764346
       6552.5997       1.0776094
       6552.6171       1.0787034
       6552.6345       1.0797781
       6552.6519       1.0809329
       6552.6693       1.0822646
       6552.6867       1.0838165
       6552.7041       1.0855421
       6552.7215       1.0873028
       6552.7390       1.0889102
       6552.7564       1.0901945
       6552.7738       1.0910682
       6552.7912       1.0915532
       6552.8086       1.0917575
       6552.8260       1.0918172
       6552.8434       1.0918345
       6552.8608       1.0918443
       6552.8782       1.0918208
       6552.8956       1.0917168
       6552.9131       1.0915055
       6552.9305       1.0912037
       6552.9479       1.0908622
       6552.9653       1.0905351
       6552.9827       1.0902478
       6553.0001       1.0899813
       6553.0175       1.0896772
       6553.0349       1.0892575
       6553.0523       1.0886450
       6553.0698       1.0877760
       6553.0872       1.0866046
       6553.1046       1.0851026
       6553.1220       1.0832604
       6553.1394       1.0810911
       6553.1568       1.0786336
       6553.1742       1.0759508
       6553.1916       1.0731218
       6553.2090       1.0702325
       6553.2264       1.0673705
       6553.2439       1.0646301
       6553.2613       1.0621253
       6553.2787       1.0600034
       6553.2961       1.0584450
       6553.3135       1.0576440
       6553.3309       1.0577668
       6553.3483       1.0589010
       6553.3657       1.0610110
       6553.3831       1.0639196
       6553.4005       1.0673241
       6553.4180       1.0708473
       6553.4354       1.0741117
       6553.4528       1.0768127
       6553.4702       1.0787714
       6553.4876       1.0799502
       6553.5050       1.0804326
       6553.5224       1.0803781
       6553.5398       1.0799738
       6553.5572       1.0793992
       6553.5746       1.0788114
       6553.5921       1.0783441
       6553.6095       1.0781059
       6553.6269       1.0781752
       6553.6443       1.0785894
       6553.6617       1.0793366
       6553.6791       1.0803608
       6553.6965       1.0815828
       6553.7139       1.0829278
       6553.7313       1.0843483
       6553.7487       1.0858297
       6553.7662       1.0873787
       6553.7836       1.0890018
       6553.8010       1.0906872
       6553.8184       1.0923981
       6553.8358       1.0940779
       6553.8532       1.0956620
       6553.8706       1.0970879
       6553.8880       1.0983024
       6553.9054       1.0992663
       6553.9229       1.0999581
       6553.9403       1.1003778
       6553.9577       1.1005454
       6553.9751       1.1004924
       6553.9925       1.1002468
       6554.0099       1.0998202
       6554.0273       1.0992040
       6554.0447       1.0983779
       6554.0621       1.0973287
       6554.0795       1.0960700
       6554.0970       1.0946548
       6554.1144       1.0931746
       6554.1318       1.0917449
       6554.1492       1.0904809
       6554.1666       1.0894695
       6554.1840       1.0887466
       6554.2014       1.0882867
       6554.2188       1.0880098
       6554.2362       1.0878041
       6554.2536       1.0875613
       6554.2711       1.0872094
       6554.2885       1.0867318
       6554.3059       1.0861708
       6554.3233       1.0856130
       6554.3407       1.0851635
       6554.3581       1.0849155
       6554.3755       1.0849236
       6554.3929       1.0851868
       6554.4103       1.0856439
       6554.4277       1.0861861
       6554.4452       1.0866839
       6554.4626       1.0870257
       6554.4800       1.0871564
       6554.4974       1.0871018
       6554.5148       1.0869679
       6554.5322       1.0869079
       6554.5496       1.0870689
       6554.5670       1.0875372
       6554.5844       1.0883070
       6554.6018       1.0892883
       6554.6193       1.0903505
       6554.6367       1.0913850
       6554.6541       1.0923565
       6554.6715       1.0933248
       6554.6889       1.0944287
       6554.7063       1.0958449
       6554.7237       1.0977387
       6554.7411       1.1002244
       6554.7585       1.1033419
       6554.7760       1.1070481
       6554.7934       1.1112211
       6554.8108       1.1156752
       6554.8282       1.1201905
       6554.8456       1.1245552
       6554.8630       1.1286146
       6554.8804       1.1323091
       6554.8978       1.1356922
       6554.9152       1.1388968
       6554.9326       1.1420759
       6554.9501       1.1453290
       6554.9675       1.1486434
       6554.9849       1.1518741
       6555.0023       1.1547709
       6555.0197       1.1570432
       6555.0371       1.1584363
       6555.0545       1.1587916
       6555.0719       1.1580708
       6555.0893       1.1563406
       6555.1067       1.1537299
       6555.1242       1.1503828
       6555.1416       1.1464262
       6555.1590       1.1419607
       6555.1764       1.1370696
       6555.1938       1.1318337
       6555.2112       1.1263385
       6555.2286       1.1206736
       6555.2460       1.1149273
       6555.2634       1.1091876
       6555.2808       1.1035510
       6555.2983       1.0981321
       6555.3157       1.0930637
       6555.3331       1.0884777
       6555.3505       1.0844714
       6555.3679       1.0810732
       6555.3853       1.0782272
       6555.4027       1.0758072
       6555.4201       1.0736574
       6555.4375       1.0716433
       6555.4549       1.0696947
       6555.4724       1.0678234
       6555.4898       1.0661148
       6555.5072       1.0646970
       6555.5246       1.0637039
       6555.5420       1.0632381
       6555.5594       1.0633456
       6555.5768       1.0640118
       6555.5942       1.0651632
       6555.6116       1.0666825
       6555.6291       1.0684327
       6555.6465       1.0702891
       6555.6639       1.0721719
       6555.6813       1.0740677
       6555.6987       1.0760263
       6555.7161       1.0781300
       6555.7335       1.0804401
       6555.7509       1.0829425
       6555.7683       1.0855138
       6555.7857       1.0879277
       6555.8032       1.0899030
       6555.8206       1.0911799
       6555.8380       1.0915996
       6555.8554       1.0911579
       6555.8728       1.0900166
       6555.8902       1.0884705
       6555.9076       1.0868805
       6555.9250       1.0855951
       6555.9424       1.0848802
       6555.9598       1.0848756
       6555.9773       1.0855847
       6555.9947       1.0868960
       6556.0121       1.0886247
       6556.0295       1.0905602
       6556.0469       1.0925050
       6556.0643       1.0943015
       6556.0817       1.0958456
       6556.0991       1.0970915
       6556.1165       1.0980493
       6556.1339       1.0987723
       6556.1514       1.0993352
       6556.1688       1.0998072
       6556.1862       1.1002305
       6556.2036       1.1006165
       6556.2210       1.1009599
       6556.2384       1.1012633
       6556.2558       1.1015510
       6556.2732       1.1018619
       6556.2906       1.1022232
       6556.3080       1.1026257
       6556.3255       1.1030186
       6556.3429       1.1033330
       6556.3603       1.1035213
       6556.3777       1.1035882
       6556.3951       1.1035901
       6556.4125       1.1035999
       6556.4299       1.1036536
       6556.4473       1.1037051
       6556.4647       1.1036151
       6556.4822       1.1031815
       6556.4996       1.1022030
       6556.5170       1.1005498
       6556.5344       1.0982129
       6556.5518       1.0953106
       6556.5692       1.0920464
       6556.5866       1.0886359
       6556.6040       1.0852338
       6556.6214       1.0818961
       6556.6388       1.0785950
       6556.6563       1.0752798
       6556.6737       1.0719544
       6556.6911       1.0687327
       6556.7085       1.0658477
       6556.7259       1.0636113
       6556.7433       1.0623439
       6556.7607       1.0623022
       6556.7781       1.0636243
       6556.7955       1.0663010
       6556.8129       1.0701704
       6556.8304       1.0749331
       6556.8478       1.0801764
       6556.8652       1.0854424
       6556.8826       1.0903015
       6556.9000       1.0944262
       6556.9174       1.0976446
       6556.9348       1.0999533
       6556.9522       1.1014883
       6556.9696       1.1024658
       6556.9870       1.1031207
       6557.0045       1.1036604
       6557.0219       1.1042429
       6557.0393       1.1049716
       6557.0567       1.1058956
       6557.0741       1.1070099
       6557.0915       1.1082569
       6557.1089       1.1095388
       6557.1263       1.1107447
       6557.1437       1.1117889
       6557.1611       1.1126468
       6557.1786       1.1133707
       6557.1960       1.1140754
       6557.2134       1.1148963
       6557.2308       1.1159366
       6557.2482       1.1172258
       6557.2656       1.1187056
       6557.2830       1.1202458
       6557.3004       1.1216789
       6557.3178       1.1228370
       6557.3353       1.1235799
       6557.3527       1.1238119
       6557.3701       1.1234927
       6557.3875       1.1226456
       6557.4049       1.1213614
       6557.4223       1.1197912
       6557.4397       1.1181241
       6557.4571       1.1165491
       6557.4745       1.1152127
       6557.4919       1.1141832
       6557.5094       1.1134264
       6557.5268       1.1128208
       6557.5442       1.1121872
       6557.5616       1.1113374
       6557.5790       1.1101296
       6557.5964       1.1085161
       6557.6138       1.1065719
       6557.6312       1.1044951
       6557.6486       1.1025764
       6557.6660       1.1011446
       6557.6835       1.1004975
       6557.7009       1.1008367
       6557.7183       1.1022191
       6557.7357       1.1045392
       6557.7531       1.1075456
       6557.7705       1.1108909
       6557.7879       1.1142029
       6557.8053       1.1171596
       6557.8227       1.1195508
       6557.8401       1.1213090
       6557.8576       1.1225031
       6557.8750       1.1232994
       6557.8924       1.1239028
       6557.9098       1.1244961
       6557.9272       1.1251965
       6557.9446       1.1260372
       6557.9620       1.1269779
       6557.9794       1.1279352
       6557.9968       1.1288176
       6558.0142       1.1295539
       6558.0317       1.1301036
       6558.0491       1.1304521
       6558.0665       1.1305989
       6558.0839       1.1305511
       6558.1013       1.1303281
       6558.1187       1.1299746
       6558.1361       1.1295728
       6558.1535       1.1292396
       6558.1709       1.1290989
       6558.1884       1.1292413
       6558.2058       1.1296832
       6558.2232       1.1303464
       6558.2406       1.1310721
       6558.2580       1.1316694
       6558.2754       1.1319835
       6558.2928       1.1319535
       6558.3102       1.1316383
       6558.3276       1.1311961
       6558.3450       1.1308282
       6558.3625       1.1307112
       6558.3799       1.1309462
       6558.3973       1.1315425
       6558.4147       1.1324358
       6558.4321       1.1335263
       6558.4495       1.1347155
       6558.4669       1.1359265
       6558.4843       1.1371048
       6558.5017       1.1382070
       6558.5191       1.1391900
       6558.5366       1.1400109
       6558.5540       1.1406373
       6558.5714       1.1410647
       6558.5888       1.1413306
       6558.6062       1.1415166
       6558.6236       1.1417369
       6558.6410       1.1421117
       6558.6584       1.1427341
       6558.6758       1.1436432
       6558.6932       1.1448131
       6558.7107       1.1461675
       6558.7281       1.1476145
       6558.7455       1.1490891
       6558.7629       1.1505848
       6558.7803       1.1521616
       6558.7977       1.1539271
       6558.8151       1.1559962
       6558.8325       1.1584492
       6558.8499       1.1613032
       6558.8674       1.1645056
       6558.8848       1.1679487
       6558.9022       1.1714987
       6558.9196       1.1750246
       6558.9370       1.1784166
       6558.9544       1.1815907
       6558.9718       1.1844827
       6558.9892       1.1870444
       6559.0066       1.1892471
       6559.0240       1.1910946
       6559.0415       1.1926338
       6559.0589       1.1939527
       6559.0763       1.1951571
       6559.0937       1.1963327
       6559.1111       1.1975054
       6559.1285       1.1986185
       6559.1459       1.1995369
       6559.1633       1.2000801
       6559.1807       1.2000724
       6559.1981       1.1993940
       6559.2156       1.1980168
       6559.2330       1.1960120
       6559.2504       1.1935297
       6559.2678       1.1907551
       6559.2852       1.1878607
       6559.3026       1.1849670
       6559.3200       1.1821261
       6559.3374       1.1793264
       6559.3548       1.1765113
       6559.3722       1.1736017
       6559.3897       1.1705152
       6559.4071       1.1671824
       6559.4245       1.1635628
       6559.4419       1.1596580
       6559.4593       1.1555349
       6559.4767       1.1513219
       6559.4941       1.1472011
       6559.5115       1.1433857
       6559.5289       1.1400891
       6559.5463       1.1374913
       6559.5638       1.1357110
       6559.5812       1.1347873
       6559.5986       1.1346767
       6559.6160       1.1352680
       6559.6334       1.1364134
       6559.6508       1.1379685
       6559.6682       1.1398286
       6559.6856       1.1419487
       6559.7030       1.1443407
       6559.7205       1.1470524
       6559.7379       1.1501366
       6559.7553       1.1536262
       6559.7727       1.1575184
       6559.7901       1.1617721
       6559.8075       1.1663134
       6559.8249       1.1710457
       6559.8423       1.1758616
       6559.8597       1.1806520
       6559.8771       1.1853120
       6559.8946       1.1897389
       6559.9120       1.1938286
       6559.9294       1.1974752
       6559.9468       1.2005838
       6559.9642       1.2030970
       6559.9816       1.2050275
       6559.9990       1.2064826
       6560.0164       1.2076647
       6560.0338       1.2088405
       6560.0512       1.2102840
       6560.0687       1.2122087
       6560.0861       1.2147130
       6560.1035       1.2177492
       6560.1209       1.2211379
       6560.1383       1.2246278
       6560.1557       1.2279650
       6560.1731       1.2309602
       6560.1905       1.2335296
       6560.2079       1.2356994
       6560.2253       1.2375767
       6560.2428       1.2393014
       6560.2602       1.2409969
       6560.2776       1.2427324
       6560.2950       1.2445036
       6560.3124       1.2462320
       6560.3298       1.2477813
       6560.3472       1.2489897
       6560.3646       1.2497159
       6560.3820       1.2498875
       6560.3994       1.2495407
       6560.4169       1.2488323
       6560.4343       1.2480159
       6560.4517       1.2473865
       6560.4691       1.2472092
       6560.4865       1.2476576
       6560.5039       1.2487798
       6560.5213       1.2505002
       6560.5387       1.2526520
       6560.5561       1.2550244
       6560.5736       1.2574072
       6560.5910       1.2596237
       6560.6084       1.2615512
       6560.6258       1.2631346
       6560.6432       1.2644008
       6560.6606       1.2654715
       6560.6780       1.2665638
       6560.6954       1.2679658
       6560.7128       1.2699820
       6560.7302       1.2728595
       6560.7477       1.2767271
       6560.7651       1.2815376
       6560.7825       1.2871002
       6560.7999       1.2931255
       6560.8173       1.2992954
       6560.8347       1.3053290
       6560.8521       1.3110304
       6560.8695       1.3163124
       6560.8869       1.3211983
       6560.9043       1.3258043
       6560.9218       1.3303089
       6560.9392       1.3349168
       6560.9566       1.3398255
       6560.9740       1.3452015
       6560.9914       1.3511649
       6561.0088       1.3577776
       6561.0262       1.3650289
       6561.0436       1.3728234
       6561.0610       1.3809828
       6561.0784       1.3892760
       6561.0959       1.3974763
       6561.1133       1.4054325
       6561.1307       1.4131214
       6561.1481       1.4206608
       6561.1655       1.4282725
       6561.1829       1.4362155
       6561.2003       1.4447164
       6561.2177       1.4539255
       6561.2351       1.4639055
       6561.2525       1.4746481
       6561.2700       1.4861011
       6561.2874       1.4981930
       6561.3048       1.5108479
       6561.3222       1.5239924
       6561.3396       1.5375592
       6561.3570       1.5514913
       6561.3744       1.5657471
       6561.3918       1.5803055
       6561.4092       1.5951657
       6561.4267       1.6103416
       6561.4441       1.6258509
       6561.4615       1.6417056
       6561.4789       1.6579117
       6561.4963       1.6744805
       6561.5137       1.6914449
       6561.5311       1.7088710
       6561.5485       1.7268490
       6561.5659       1.7454634
       6561.5833       1.7647500
       6561.6008       1.7846606
       6561.6182       1.8050555
       6561.6356       1.8257317
       6561.6530       1.8464770
       6561.6704       1.8671283
       6561.6878       1.8876060
       6561.7052       1.9079100
       6561.7226       1.9280816
       6561.7400       1.9481505
       6561.7574       1.9680935
       6561.7749       1.9878205
       6561.7923       2.0071884
       6561.8097       2.0260296
       6561.8271       2.0441785
       6561.8445       2.0614885
       6561.8619       2.0778442
       6561.8793       2.0931767
       6561.8967       2.1074901
       6561.9141       2.1208882
       6561.9315       2.1335849
       6561.9490       2.1458796
       6561.9664       2.1580930
       6561.9838       2.1704807
       6562.0012       2.1831569
       6562.0186       2.1960577
       6562.0360       2.2089604
       6562.0534       2.2215466
       6562.0708       2.2334891
       6562.0882       2.2445270
       6562.1056       2.2545031
       6562.1231       2.2633708
       6562.1405       2.2711819
       6562.1579       2.2780695
       6562.1753       2.2842356
       6562.1927       2.2899425
       6562.2101       2.2954995
       6562.2275       2.3012414
       6562.2449       2.3074990
       6562.2623       2.3145669
       6562.2798       2.3226764
       6562.2972       2.3319748
       6562.3146       2.3425123
       6562.3320       2.3542346
       6562.3494       2.3669856
       6562.3668       2.3805259
       6562.3842       2.3945687
       6562.4016       2.4088288
       6562.4190       2.4230706
       6562.4364       2.4371429
       6562.4539       2.4509954
       6562.4713       2.4646791
       6562.4887       2.4783374
       6562.5061       2.4921885
       6562.5235       2.5064980
       6562.5409       2.5215362
       6562.5583       2.5375249
       6562.5757       2.5545842
       6562.5931       2.5726934
       6562.6105       2.5916771
       6562.6280       2.6112167
       6562.6454       2.6308809
       6562.6628       2.6501639
       6562.6802       2.6685280
       6562.6976       2.6854390
       6562.7150       2.7004264
       6562.7324       2.7131280
       6562.7498       2.7233158
       6562.7672       2.7309101
       6562.7846       2.7359569
       6562.8021       2.7385771
       6562.8195       2.7388949
       6562.8369       2.7369696
       6562.8543       2.7327476
       6562.8717       2.7260538
       6562.8891       2.7166250
       6562.9065       2.7041814
       6562.9239       2.6885164
       6562.9413       2.6695803
       6562.9587       2.6475339
       6562.9762       2.6227562
       6562.9936       2.5958093
       6563.0110       2.5673696
       6563.0284       2.5381499
       6563.0458       2.5088257
       6563.0632       2.4799769
       6563.0806       2.4520461
       6563.0980       2.4253111
       6563.1154       2.3998722
       6563.1329       2.3756588
       6563.1503       2.3524570
       6563.1677       2.3299612
       6563.1851       2.3078405
       6563.2025       2.2858091
       6563.2199       2.2636835
       6563.2373       2.2414139
       6563.2547       2.2190837
       6563.2721       2.1968802
       6563.2895       2.1750500
       6563.3070       2.1538532
       6563.3244       2.1335313
       6563.3418       2.1142911
       6563.3592       2.0962987
       6563.3766       2.0796575
       6563.3940       2.0644057
       6563.4114       2.0504923
       6563.4288       2.0377643
       6563.4462       2.0259738
       6563.4636       2.0148090
       6563.4811       2.0039480
       6563.4985       1.9931193
       6563.5159       1.9821507
       6563.5333       1.9709905
       6563.5507       1.9596914
       6563.5681       1.9483635
       6563.5855       1.9371121
       6563.6029       1.9259837
       6563.6203       1.9149405
       6563.6377       1.9038748
       6563.6552       1.8926589
       6563.6726       1.8812145
       6563.6900       1.8695740
       6563.7074       1.8579101
       6563.7248       1.8465165
       6563.7422       1.8357426
       6563.7596       1.8258993
       6563.7770       1.8171662
       6563.7944       1.8095291
       6563.8118       1.8027693
       6563.8293       1.7965041
       6563.8467       1.7902642
       6563.8641       1.7835822
       6563.8815       1.7760669
       6563.8989       1.7674492
       6563.9163       1.7575949
       6563.9337       1.7464935
       6563.9511       1.7342313
       6563.9685       1.7209612
       6563.9860       1.7068715
       6564.0034       1.6921560
       6564.0208       1.6769981
       6564.0382       1.6615424
       6564.0556       1.6458908
       6564.0730       1.6301112
       6564.0904       1.6142592
       6564.1078       1.5984026
       6564.1252       1.5826373
       6564.1426       1.5670833
       6564.1601       1.5518604
       6564.1775       1.5370532
       6564.1949       1.5226814
       6564.2123       1.5086911
       6564.2297       1.4949739
       6564.2471       1.4814085
       6564.2645       1.4679084
       6564.2819       1.4544574
       6564.2993       1.4411192
       6564.3167       1.4280175
       6564.3342       1.4152974
       6564.3516       1.4030842
       6564.3690       1.3914566
       6564.3864       1.3804429
       6564.4038       1.3700368
       6564.4212       1.3602182
       6564.4386       1.3509652
       6564.4560       1.3422482
       6564.4734       1.3340141
       6564.4908       1.3261761
       6564.5083       1.3186235
       6564.5257       1.3112526
       6564.5431       1.3040044
       6564.5605       1.2968881
       6564.5779       1.2899725
       6564.5953       1.2833502
       6564.6127       1.2770910
       6564.6301       1.2712094
       6564.6475       1.2656635
       6564.6649       1.2603806
       6564.6824       1.2552977
       6564.6998       1.2503986
       6564.7172       1.2457250
       6564.7346       1.2413653
       6564.7520       1.2374225
       6564.7694       1.2339727
       6564.7868       1.2310291
       6564.8042       1.2285257
       6564.8216       1.2263291
       6564.8391       1.2242769
       6564.8565       1.2222269
       6564.8739       1.2201002
       6564.8913       1.2179014
       6564.9087       1.2157127
       6564.9261       1.2136645
       6564.9435       1.2118948
       6564.9609       1.2105079
       6564.9783       1.2095424
       6564.9957       1.2089581
       6565.0132       1.2086457
       6565.0306       1.2084588
       6565.0480       1.2082590
       6565.0654       1.2079561
       6565.0828       1.2075261
       6565.1002       1.2069964
       6565.1176       1.2064043
       6565.1350       1.2057513
       6565.1524       1.2049795
       6565.1698       1.2039860
       6565.1873       1.2026702
       6565.2047       1.2009905
       6565.2221       1.1989983
       6565.2395       1.1968332
       6565.2569       1.1946817
       6565.2743       1.1927223
       6565.2917       1.1910823
       6565.3091       1.1898240
       6565.3265       1.1889450
       6565.3439       1.1884025
       6565.3614       1.1881252
       6565.3788       1.1880178
       6565.3962       1.1879609
       6565.4136       1.1878184
       6565.4310       1.1874563
       6565.4484       1.1867728
       6565.4658       1.1857303
       6565.4832       1.1843762
       6565.5006       1.1828444
       6565.5181       1.1813320
       6565.5355       1.1800550
       6565.5529       1.1791956
       6565.5703       1.1788547
       6565.5877       1.1790231
       6565.6051       1.1795810
       6565.6225       1.1803223
       6565.6399       1.1809988
       6565.6573       1.1813717
       6565.6747       1.1812591
       6565.6922       1.1805703
       6565.7096       1.1793217
       6565.7270       1.1776302
       6565.7444       1.1756862
       6565.7618       1.1737145
       6565.7792       1.1719313
       6565.7966       1.1705086
       6565.8140       1.1695530
       6565.8314       1.1691005
       6565.8488       1.1691231
       6565.8663       1.1695443
       6565.8837       1.1702593
       6565.9011       1.1711556
       6565.9185       1.1721296
       6565.9359       1.1730944
       6565.9533       1.1739776
       6565.9707       1.1747117
       6565.9881       1.1752260
       6566.0055       1.1754460
       6566.0229       1.1753073
       6566.0404       1.1747787
       6566.0578       1.1738849
       6566.0752       1.1727144
       6566.0926       1.1714055
       6566.1100       1.1701113
       6566.1274       1.1689559
       6566.1448       1.1679986
       6566.1622       1.1672203
       6566.1796       1.1665370
       6566.1970       1.1658300
       6566.2145       1.1649813
       6566.2319       1.1638992
       6566.2493       1.1625334
       6566.2667       1.1608799
       6566.2841       1.1589835
       6566.3015       1.1569375
       6566.3189       1.1548765
       6566.3363       1.1529568
       6566.3537       1.1513249
       6566.3712       1.1500845
       6566.3886       1.1492726
       6566.4060       1.1488578
       6566.4234       1.1487610
       6566.4408       1.1488880
       6566.4582       1.1491621
       6566.4756       1.1495422
       6566.4930       1.1500211
       6566.5104       1.1506056
       6566.5278       1.1512871
       6566.5453       1.1520124
       6566.5627       1.1526690
       6566.5801       1.1530920
       6566.5975       1.1530967
       6566.6149       1.1525256
       6566.6323       1.1513158
       6566.6497       1.1495233
       6566.6671       1.1473297
       6566.6845       1.1450138
       6566.7019       1.1429025
       6566.7194       1.1413149
       6566.7368       1.1405074
       6566.7542       1.1406241
       6566.7716       1.1416559
       6566.7890       1.1434186
       6566.8064       1.1455654
       6566.8238       1.1476465
       6566.8412       1.1492061
       6566.8586       1.1498929
       6566.8760       1.1495434
       6566.8935       1.1482108
       6566.9109       1.1461287
       6566.9283       1.1436323
       6566.9457       1.1410688
       6566.9631       1.1387312
       6566.9805       1.1368291
       6566.9979       1.1354899
       6567.0153       1.1347722
       6567.0327       1.1346755
       6567.0501       1.1351427
       6567.0676       1.1360619
       6567.0850       1.1372800
       6567.1024       1.1386285
       6567.1198       1.1399556
       6567.1372       1.1411518
       6567.1546       1.1421579
       6567.1720       1.1429539
       6567.1894       1.1435344
       6567.2068       1.1438844
       6567.2243       1.1439663
       6567.2417       1.1437267
       6567.2591       1.1431219
       6567.2765       1.1421588
       6567.2939       1.1409225
       6567.3113       1.1395787
       6567.3287       1.1383435
       6567.3461       1.1374273
       6567.3635       1.1369699
       6567.3809       1.1369947
       6567.3984       1.1373970
       6567.4158       1.1379688
       6567.4332       1.1384500
       6567.4506       1.1385896
       6567.4680       1.1382022
       6567.4854       1.1372110
       6567.5028       1.1356683
       6567.5202       1.1337501
       6567.5376       1.1317212
       6567.5550       1.1298775
       6567.5725       1.1284795
       6567.5899       1.1276941
       6567.6073       1.1275623
       6567.6247       1.1280007
       6567.6421       1.1288304
       6567.6595       1.1298245
       6567.6769       1.1307566
       6567.6943       1.1314403
       6567.7117       1.1317529
       6567.7291       1.1316422
       6567.7466       1.1311216
       6567.7640       1.1302580
       6567.7814       1.1291595
       6567.7988       1.1279633
       6567.8162       1.1268240
       6567.8336       1.1258971
       6567.8510       1.1253192
       6567.8684       1.1251856
       6567.8858       1.1255345
       6567.9032       1.1263414
       6567.9207       1.1275258
       6567.9381       1.1289601
       6567.9555       1.1304931
       6567.9729       1.1319619
       6567.9903       1.1332077
       6568.0077       1.1340917
       6568.0251       1.1345130
       6568.0425       1.1344223
       6568.0599       1.1338268
       6568.0774       1.1327851
       6568.0948       1.1313932
       6568.1122       1.1297679
       6568.1296       1.1280281
       6568.1470       1.1262782
       6568.1644       1.1245956
       6568.1818       1.1230242
       6568.1992       1.1215798
       6568.2166       1.1202666
       6568.2340       1.1190981
       6568.2515       1.1181146
       6568.2689       1.1173838
       6568.2863       1.1169857
       6568.3037       1.1169869
       6568.3211       1.1174179
       6568.3385       1.1182664
       6568.3559       1.1194911
       6568.3733       1.1210485
       6568.3907       1.1229203
       6568.4081       1.1251262
       6568.4256       1.1277146
       6568.4430       1.1307365
       6568.4604       1.1342139
       6568.4778       1.1381218
       6568.4952       1.1423900
       6568.5126       1.1469259
       6568.5300       1.1516442
       6568.5474       1.1564891
       6568.5648       1.1614379
       6568.5822       1.1664883
       6568.5997       1.1716300
       6568.6171       1.1768221
       6568.6345       1.1819835
       6568.6519       1.1869964
       6568.6693       1.1917205
       6568.6867       1.1960104
       6568.7041       1.1997310
       6568.7215       1.2027706
       6568.7389       1.2050505
       6568.7563       1.2065318
       6568.7738       1.2072178
       6568.7912       1.2071482
       6568.8086       1.2063843
       6568.8260       1.2049847
       6568.8434       1.2029797
       6568.8608       1.2003505
       6568.8782       1.1970247
       6568.8956       1.1928924
       6568.9130       1.1878378
       6568.9305       1.1817777
       6568.9479       1.1746918
       6568.9653       1.1666369
       6568.9827       1.1577438
       6569.0001       1.1482038
       6569.0175       1.1382528
       6569.0349       1.1281568
       6569.0523       1.1181976
       6569.0697       1.1086513
       6569.0871       1.0997589
       6569.1046       1.0916928
       6569.1220       1.0845328
       6569.1394       1.0782640
       6569.1568       1.0728013
       6569.1742       1.0680334
       6569.1916       1.0638680
       6569.2090       1.0602622
       6569.2264       1.0572253
       6569.2438       1.0547934
       6569.2612       1.0529969
       6569.2787       1.0518288
       6569.2961       1.0512341
       6569.3135       1.0511232
       6569.3309       1.0514040
       6569.3483       1.0520168
       6569.3657       1.0529555
       6569.3831       1.0542655
       6569.4005       1.0560205
       6569.4179       1.0582904
       6569.4353       1.0611116
       6569.4528       1.0644677
       6569.4702       1.0682833
       6569.4876       1.0724283
       6569.5050       1.0767341
       6569.5224       1.0810187
       6569.5398       1.0851181
       6569.5572       1.0889119
       6569.5746       1.0923334
       6569.5920       1.0953592
       6569.6094       1.0979851
       6569.6269       1.1002060
       6569.6443       1.1020120
       6569.6617       1.1034044
       6569.6791       1.1044176
       6569.6965       1.1051295
       6569.7139       1.1056467
       6569.7313       1.1060713
       6569.7487       1.1064641
       6569.7661       1.1068250
       6569.7836       1.1070985
       6569.8010       1.1071965
       6569.8184       1.1070289
       6569.8358       1.1065285
       6569.8532       1.1056695
       6569.8706       1.1044765
       6569.8880       1.1030345
       6569.9054       1.1014736
       6569.9228       1.0999474
       6569.9402       1.0986028
       6569.9577       1.0975541
       6569.9751       1.0968725
       6569.9925       1.0965913
       6570.0099       1.0967164
       6570.0273       1.0972300
       6570.0447       1.0980814
       6570.0621       1.0991741
       6570.0795       1.1003647
       6570.0969       1.1014854
       6570.1143       1.1023860
       6570.1318       1.1029806
       6570.1492       1.1032732
       6570.1666       1.1033478
       6570.1840       1.1033242
       6570.2014       1.1033002
       6570.2188       1.1033079
       6570.2362       1.1033074
       6570.2536       1.1032208
       6570.2710       1.1029898
       6570.2884       1.1026242
       6570.3059       1.1022133
       6570.3233       1.1018913
       6570.3407       1.1017720
       6570.3581       1.1018861
       6570.3755       1.1021530
       6570.3929       1.1024000
       6570.4103       1.1024209
       6570.4277       1.1020437
       6570.4451       1.1011799
       6570.4625       1.0998397
       6570.4800       1.0981127
       6570.4974       1.0961300
       6570.5148       1.0940240
       6570.5322       1.0919010
       6570.5496       1.0898300
       6570.5670       1.0878506
       6570.5844       1.0859921
       6570.6018       1.0842911
       6570.6192       1.0828035
       6570.6367       1.0816027
       6570.6541       1.0807671
       6570.6715       1.0803597
       6570.6889       1.0804083
       6570.7063       1.0808918
       6570.7237       1.0817391
       6570.7411       1.0828408
       6570.7585       1.0840709
       6570.7759       1.0853126
       6570.7933       1.0864778
       6570.8108       1.0875163
       6570.8282       1.0884115
       6570.8456       1.0891654
       6570.8630       1.0897795
       6570.8804       1.0902388
       6570.8978       1.0905070
       6570.9152       1.0905368
       6570.9326       1.0902926
       6570.9500       1.0897785
       6570.9674       1.0890573
       6570.9849       1.0882498
       6571.0023       1.0875097
       6571.0197       1.0869820
       6571.0371       1.0867596
       6571.0545       1.0868550
       6571.0719       1.0871984
       6571.0893       1.0876628
       6571.1067       1.0881061
       6571.1241       1.0884148
       6571.1415       1.0885341
       6571.1590       1.0884731
       6571.1764       1.0882851
       6571.1938       1.0880346
       6571.2112       1.0877609
       6571.2286       1.0874644
       6571.2460       1.0871149
       6571.2634       1.0866788
       6571.2808       1.0861491
       6571.2982       1.0855612
       6571.3156       1.0849847
       6571.3331       1.0844933
       6571.3505       1.0841251
       6571.3679       1.0838511
       6571.3853       1.0835660
       6571.4027       1.0831059
       6571.4201       1.0822890
       6571.4375       1.0809621
       6571.4549       1.0790365
       6571.4723       1.0765018
       6571.4898       1.0734146
       6571.5072       1.0698747
       6571.5246       1.0660004
       6571.5420       1.0619185
       6571.5594       1.0577693
       6571.5768       1.0537206
       6571.5942       1.0499803
       6571.6116       1.0467942
       6571.6290       1.0444283
       6571.6464       1.0431353
       6571.6639       1.0431141
       6571.6813       1.0444680
       6571.6987       1.0471721
       6571.7161       1.0510557
       6571.7335       1.0558080
       6571.7509       1.0610132
       6571.7683       1.0662115
       6571.7857       1.0709753
       6571.8031       1.0749803
       6571.8205       1.0780453
       6571.8380       1.0801438
       6571.8554       1.0813724
       6571.8728       1.0818904
       6571.8902       1.0818750
       6571.9076       1.0814927
       6571.9250       1.0808943
       6571.9424       1.0802245
       6571.9598       1.0796320
       6571.9772       1.0792663
       6571.9946       1.0792563
       6572.0121       1.0796796
       6572.0295       1.0805366
       6572.0469       1.0817468
       6572.0643       1.0831716
       6572.0817       1.0846559
       6572.0991       1.0860697
       6572.1165       1.0873319
       6572.1339       1.0884096
       6572.1513       1.0893014
       6572.1688       1.0900186
       6572.1862       1.0905774
       6572.2036       1.0910036
       6572.2210       1.0913418
       6572.2384       1.0916568
       6572.2558       1.0920216
       6572.2732       1.0924959
       6572.2906       1.0931064
       6572.3080       1.0938385
       6572.3254       1.0946413
       6572.3429       1.0954417
       6572.3603       1.0961564
       6572.3777       1.0966993
       6572.3951       1.0969855
       6572.4125       1.0969387
       6572.4299       1.0965050
       6572.4473       1.0956700
       6572.4647       1.0944681
       6572.4821       1.0929777
       6572.4995       1.0913021
       6572.5170       1.0895381
       6572.5344       1.0877542
       6572.5518       1.0859805
       6572.5692       1.0842115
       6572.5866       1.0824187
       6572.6040       1.0805672
       6572.6214       1.0786321
       6572.6388       1.0766120
       6572.6562       1.0745361
       6572.6736       1.0724598
       6572.6911       1.0704499
       6572.7085       1.0685618
       6572.7259       1.0668171
       6572.7433       1.0651938
       6572.7607       1.0636346
       6572.7781       1.0620771
       6572.7955       1.0604949
       6572.8129       1.0589327
       6572.8303       1.0575159
       6572.8477       1.0564236
       6572.8652       1.0558319
       6572.8826       1.0558511
       6572.9000       1.0564830
       6572.9174       1.0576193
       6572.9348       1.0590777
       6572.9522       1.0606574
       6572.9696       1.0621894
       6572.9870       1.0635658
       6573.0044       1.0647420
       6573.0219       1.0657218
       6573.0393       1.0665327
       6573.0567       1.0672033
       6573.0741       1.0677442
       6573.0915       1.0681402
       6573.1089       1.0683521
       6573.1263       1.0683293
       6573.1437       1.0680344
       6573.1611       1.0674654
       6573.1785       1.0666677
       6573.1960       1.0657351
       6573.2134       1.0647950
       6573.2308       1.0639842
       6573.2482       1.0634235
       6573.2656       1.0631972
       6573.2830       1.0633413
       6573.3004       1.0638393
       6573.3178       1.0646257
       6573.3352       1.0655951
       6573.3526       1.0666165
       6573.3701       1.0675522
       6573.3875       1.0682797
       6573.4049       1.0687123
       6573.4223       1.0688163
       6573.4397       1.0686189
       6573.4571       1.0682069
       6573.4745       1.0677128
       6573.4919       1.0672906
       6573.5093       1.0670818
       6573.5267       1.0671806
       6573.5442       1.0676052
       6573.5616       1.0682882
       6573.5790       1.0690919
       6573.5964       1.0698456
       6573.6138       1.0703958
       6573.6312       1.0706519
       6573.6486       1.0706120
       6573.6660       1.0703577
       6573.6834       1.0700191
       6573.7008       1.0697219
       6573.7183       1.0695364
       6573.7357       1.0694501
       6573.7531       1.0693780
       6573.7705       1.0692073
       6573.7879       1.0688595
       6573.8053       1.0683438
       6573.8227       1.0677683
       6573.8401       1.0673071
       6573.8575       1.0671349
       6573.8750       1.0673565
       6573.8924       1.0679619
       6573.9098       1.0688264
       6573.9272       1.0697527
       6573.9446       1.0705362
       6573.9620       1.0710251
       6573.9794       1.0711549
       6573.9968       1.0709494
       6574.0142       1.0704971
       6574.0316       1.0699138
       6574.0491       1.0693055
       6574.0665       1.0687345
       6574.0839       1.0681943
       6574.1013       1.0675983
       6574.1187       1.0667923
       6574.1361       1.0655941
       6574.1535       1.0638535
       6574.1709       1.0615122
       6574.1883       1.0586365
       6574.2057       1.0554053
       6574.2232       1.0520549
       6574.2406       1.0488036
       6574.2580       1.0457872
       6574.2754       1.0430340
       6574.2928       1.0404892
       6574.3102       1.0380785
       6574.3276       1.0357842
       6574.3450       1.0337038
       6574.3624       1.0320676
       6574.3798       1.0312079
       6574.3973       1.0314867
       6574.4147       1.0332072
       6574.4321       1.0365412
       6574.4495       1.0414579
       6574.4669       1.0477349
       6574.4843       1.0550017
       6574.5017       1.0628047
       6574.5191       1.0706839
       6574.5365       1.0782393
       6574.5539       1.0851707
       6574.5714       1.0912829
       6574.5888       1.0964618
       6574.6062       1.1006329
       6574.6236       1.1037245
       6574.6410       1.1056522
       6574.6584       1.1063339
       6574.6758       1.1057283
       6574.6932       1.1038780
       6574.7106       1.1009352
       6574.7281       1.0971565
       6574.7455       1.0928659
       6574.7629       1.0883971
       6574.7803       1.0840334
       6574.7977       1.0799614
       6574.8151       1.0762491
       6574.8325       1.0728538
       6574.8499       1.0696538
       6574.8673       1.0664963
       6574.8847       1.0632453
       6574.9022       1.0598211
       6574.9196       1.0562242
       6574.9370       1.0525420
       6574.9544       1.0489413
       6574.9718       1.0456455
       6574.9892       1.0428943
       6575.0066       1.0408919
       6575.0240       1.0397528
       6575.0414       1.0394647
       6575.0588       1.0398824
       6575.0763       1.0407590
       6575.0937       1.0418003
       6575.1111       1.0427327
       6575.1285       1.0433622
       6575.1459       1.0436027
       6575.1633       1.0434808
       6575.1807       1.0431150
       6575.1981       1.0426757
       6575.2155       1.0423349
       6575.2329       1.0422186
       6575.2504       1.0423752
       6575.2678       1.0427709
       6575.2852       1.0433132
       6575.3026       1.0438938
       6575.3200       1.0444341
       6575.3374       1.0449155
       6575.3548       1.0453854
       6575.3722       1.0459374
       6575.3896       1.0466761
       6575.4070       1.0476766
       6575.4245       1.0489541
       6575.4419       1.0504488
       6575.4593       1.0520349
       6575.4767       1.0535519
       6575.4941       1.0548505
       6575.5115       1.0558390
       6575.5289       1.0565078
       6575.5463       1.0569211
       6575.5637       1.0571744
       6575.5812       1.0573398
       6575.5986       1.0574244
       6575.6160       1.0573664
       6575.6334       1.0570720
       6575.6508       1.0564724
       6575.6682       1.0555743
       6575.6856       1.0544764
       6575.7030       1.0533481
       6575.7204       1.0523801
       6575.7378       1.0517351
       6575.7553       1.0515066
       6575.7727       1.0517140
       6575.7901       1.0523142
       6575.8075       1.0532205
       6575.8249       1.0543185
       6575.8423       1.0554771
       6575.8597       1.0565588
       6575.8771       1.0574365
       6575.8945       1.0580162
       6575.9119       1.0582604
       6575.9294       1.0581987
       6575.9468       1.0579180
       6575.9642       1.0575323
       6575.9816       1.0571435
       6575.9990       1.0568082
       6576.0164       1.0565229
       6576.0338       1.0562325
       6576.0512       1.0558544
       6576.0686       1.0553094
       6576.0860       1.0545464
       6576.1035       1.0535546
       6576.1209       1.0523624
       6576.1383       1.0510246
       6576.1557       1.0496072
       6576.1731       1.0481743
       6576.1905       1.0467845
       6576.2079       1.0454924
       6576.2253       1.0443507
       6576.2427       1.0434072
       6576.2601       1.0426953
       6576.2776       1.0422213
       6576.2950       1.0419597
       6576.3124       1.0418602
       6576.3298       1.0418669
       6576.3472       1.0419421
       6576.3646       1.0420834
       6576.3820       1.0423258
       6576.3994       1.0427248
       6576.4168       1.0433234
       6576.4343       1.0441211
       6576.4517       1.0450514
       6576.4691       1.0459833
       6576.4865       1.0467502
       6576.5039       1.0471997
       6576.5213       1.0472478
       6576.5387       1.0469143
       6576.5561       1.0463247
       6576.5735       1.0456729
       6576.5909       1.0451592
       6576.6084       1.0449268
       6576.6258       1.0450192
       6576.6432       1.0453736
       6576.6606       1.0458503
       6576.6780       1.0462842
       6576.6954       1.0465425
       6576.7128       1.0465663
       6576.7302       1.0463871
       6576.7476       1.0461083
       6576.7650       1.0458625
       6576.7825       1.0457553
       6576.7999       1.0458205
       6576.8173       1.0460004
       6576.8347       1.0461631
       6576.8521       1.0461488
       6576.8695       1.0458253
       6576.8869       1.0451336
       6576.9043       1.0441037
       6576.9217       1.0428409
       6576.9391       1.0414916
       6576.9566       1.0402046
       6576.9740       1.0391025
       6576.9914       1.0382670
       6577.0088       1.0377385
       6577.0262       1.0375238
       6577.0436       1.0376081
       6577.0610       1.0379599
       6577.0784       1.0385428
       6577.0958       1.0393134
       6577.1132       1.0402145
       6577.1307       1.0411668
       6577.1481       1.0420687
       6577.1655       1.0428078
       6577.1829       1.0432867
       6577.2003       1.0434498
       6577.2177       1.0433001
       6577.2351       1.0428954
       6577.2525       1.0423271
       6577.2699       1.0416923
       6577.2874       1.0410733
       6577.3048       1.0405295
       6577.3222       1.0400991
       6577.3396       1.0398028
       6577.3570       1.0396420
       6577.3744       1.0395947
       6577.3918       1.0396155
       6577.4092       1.0396472
       6577.4266       1.0396458
       6577.4440       1.0396066
       6577.4615       1.0395810
       6577.4789       1.0396687
       6577.4963       1.0399873
       6577.5137       1.0406247
       6577.5311       1.0415937
       6577.5485       1.0428061
       6577.5659       1.0440770
       6577.5833       1.0451621
       6577.6007       1.0458191
       6577.6181       1.0458758
       6577.6356       1.0452848
       6577.6530       1.0441492
       6577.6704       1.0427099
       6577.6878       1.0412968
       6577.7052       1.0402538
       6577.7226       1.0398458
       6577.7400       1.0401900
       6577.7574       1.0412172
       6577.7748       1.0426831
       6577.7922       1.0442326
       6577.8097       1.0455012
       6577.8271       1.0462203
       6577.8445       1.0462867
       6577.8619       1.0457696
       6577.8793       1.0448550
       6577.8967       1.0437563
       6577.9141       1.0426351
       6577.9315       1.0415669
       6577.9489       1.0405586
       6577.9663       1.0395977
       6577.9838       1.0386989
       6578.0012       1.0379236
       6578.0186       1.0373650
       6578.0360       1.0371129
       6578.0534       1.0372182
       6578.0708       1.0376736
       6578.0882       1.0384161
       6578.1056       1.0393471
       6578.1230       1.0403611
       6578.1405       1.0413715
       6578.1579       1.0423219
       6578.1753       1.0431802
       6578.1927       1.0439179
       6578.2101       1.0444889
       6578.2275       1.0448222
       6578.2449       1.0448379
       6578.2623       1.0444817
       6578.2797       1.0437625
       6578.2971       1.0427735
       6578.3146       1.0416836
       6578.3320       1.0406991
       6578.3494       1.0400093
       6578.3668       1.0397213
       6578.3842       1.0398295
       6578.4016       1.0402138
       6578.4190       1.0406759
       6578.4364       1.0410019
       6578.4538       1.0410281
       6578.4712       1.0406869
       6578.4887       1.0400160
       6578.5061       1.0391318
       6578.5235       1.0381805
       6578.5409       1.0372895
       6578.5583       1.0365333
       6578.5757       1.0359243
       6578.5931       1.0354228
       6578.6105       1.0349614
       6578.6279       1.0344742
       6578.6453       1.0339257
       6578.6628       1.0333320
       6578.6802       1.0327676
       6578.6976       1.0323516
       6578.7150       1.0322133
       6578.7324       1.0324470
       6578.7498       1.0330728
       6578.7672       1.0340209
       6578.7846       1.0351467
       6578.8020       1.0362719
       6578.8195       1.0372337
       6578.8369       1.0379242
       6578.8543       1.0383088
       6578.8717       1.0384217
       6578.8891       1.0383464
       6578.9065       1.0381912
       6578.9239       1.0380655
       6578.9413       1.0380591
       6578.9587       1.0382246
       6578.9761       1.0385649
       6578.9936       1.0390295
       6579.0110       1.0395202
       6579.0284       1.0399144
       6579.0458       1.0400918
       6579.0632       1.0399611
       6579.0806       1.0394797
       6579.0980       1.0386633
       6579.1154       1.0375847
       6579.1328       1.0363643
       6579.1502       1.0351533
       6579.1677       1.0341133
       6579.1851       1.0333950
       6579.2025       1.0331193
       6579.2199       1.0333600
       6579.2373       1.0341289
       6579.2547       1.0353666
       6579.2721       1.0369407
       6579.2895       1.0386593
       6579.3069       1.0402977
       6579.3243       1.0416327
       6579.3418       1.0424766
       6579.3592       1.0427025
       6579.3766       1.0422615
       6579.3940       1.0411915
       6579.4114       1.0396178
       6579.4288       1.0377424
       6579.4462       1.0358196
       6579.4636       1.0341175
       6579.4810       1.0328761
       6579.4984       1.0322693
       6579.5159       1.0323801
       6579.5333       1.0331908
       6579.5507       1.0345896
       6579.5681       1.0363919
       6579.5855       1.0383761
       6579.6029       1.0403286
       6579.6203       1.0420873
       6579.6377       1.0435690
       6579.6551       1.0447720
       6579.6726       1.0457518
       6579.6900       1.0465700
       6579.7074       1.0472493
       6579.7248       1.0477443
       6579.7422       1.0479436
       6579.7596       1.0477058
       6579.7770       1.0469182
       6579.7944       1.0455573
       6579.8118       1.0437263
       6579.8292       1.0416540
       6579.8467       1.0396521
       6579.8641       1.0380440
       6579.8815       1.0370902
       6579.8989       1.0369284
       6579.9163       1.0375443
       6579.9337       1.0387748
       6579.9511       1.0403395
       6579.9685       1.0418944
       6579.9859       1.0430971
       6580.0033       1.0436739
       6580.0208       1.0434724
       6580.0382       1.0424874
       6580.0556       1.0408540
       6580.0730       1.0388108
       6580.0904       1.0366427
       6580.1078       1.0346205
       6580.1252       1.0329495
       6580.1426       1.0317379
       6580.1600       1.0309880
       6580.1774       1.0306096
       6580.1949       1.0304481
       6580.2123       1.0303202
       6580.2297       1.0300526
       6580.2471       1.0295163
       6580.2645       1.0286552
       6580.2819       1.0275009
       6580.2993       1.0261711
       6580.3167       1.0248488
       6580.3341       1.0237387
       6580.3515       1.0230227
       6580.3690       1.0228203
       6580.3864       1.0231642
       6580.4038       1.0239940
       6580.4212       1.0251672
       6580.4386       1.0264868
       6580.4560       1.0277435
       6580.4734       1.0287673
       6580.4908       1.0294794
       6580.5082       1.0299249
       6580.5257       1.0302680
       6580.5431       1.0307447
       6580.5605       1.0315818
       6580.5779       1.0329140
       6580.5953       1.0347316
       6580.6127       1.0368833
       6580.6301       1.0391304
       6580.6475       1.0412292
       6580.6649       1.0430055
       6580.6823       1.0443914
       6580.6998       1.0454174
       6580.7172       1.0461719
       6580.7346       1.0467520
       6580.7520       1.0472280
       6580.7694       1.0476301
       6580.7868       1.0479528
       6580.8042       1.0481677
       6580.8216       1.0482325
       6580.8390       1.0480983
       6580.8564       1.0477160
       6580.8739       1.0470514
       6580.8913       1.0461054
       6580.9087       1.0449353
       6580.9261       1.0436621
       6580.9435       1.0424556
       6580.9609       1.0414948
       6580.9783       1.0409097
       6580.9957       1.0407412
       6581.0131       1.0409248
       6581.0305       1.0413113
       6581.0480       1.0417136
       6581.0654       1.0419611
       6581.0828       1.0419395
       6581.1002       1.0416030
       6581.1176       1.0409605
       6581.1350       1.0400497
       6581.1524       1.0389141
       6581.1698       1.0375960
       6581.1872       1.0361439
       6581.2046       1.0346269
       6581.2221       1.0331432
       6581.2395       1.0318125
       6581.2569       1.0307526
       6581.2743       1.0300478
       6581.2917       1.0297208
       6581.3091       1.0297216
       6581.3265       1.0299380
       6581.3439       1.0302269
       6581.3613       1.0304543
       6581.3788       1.0305317
       6581.3962       1.0304335
       6581.4136       1.0301934
       6581.4310       1.0298811
       6581.4484       1.0295719
       6581.4658       1.0293224
       6581.4832       1.0291595
       6581.5006       1.0290858
       6581.5180       1.0290917
       6581.5354       1.0291655
       6581.5529       1.0292960
       6581.5703       1.0294695
       6581.5877       1.0296670
       6581.6051       1.0298688
       6581.6225       1.0300661
       6581.6399       1.0302723
       6581.6573       1.0305246
       6581.6747       1.0308740
       6581.6921       1.0313661
       6581.7095       1.0320234
       6581.7270       1.0328360
       6581.7444       1.0337624
       6581.7618       1.0347364
       6581.7792       1.0356746
       6581.7966       1.0364818
       6581.8140       1.0370596
       6581.8314       1.0373229
       6581.8488       1.0372254
       6581.8662       1.0367833
       6581.8836       1.0360824
       6581.9011       1.0352599
       6581.9185       1.0344633
       6581.9359       1.0338033
       6581.9533       1.0333244
       6581.9707       1.0330051
       6581.9881       1.0327874
       6582.0055       1.0326190
       6582.0229       1.0324868
       6582.0403       1.0324260
       6582.0577       1.0325032
       6582.0752       1.0327821
       6582.0926       1.0332888
       6582.1100       1.0339923
       6582.1274       1.0348075
       6582.1448       1.0356182
       6582.1622       1.0363116
       6582.1796       1.0368084
       6582.1970       1.0370794
       6582.2144       1.0371432
       6582.2319       1.0370484
       6582.2493       1.0368501
       6582.2667       1.0365912
       6582.2841       1.0362939
       6582.3015       1.0359620
       6582.3189       1.0355904
       6582.3363       1.0351757
       6582.3537       1.0347252
       6582.3711       1.0342641
       6582.3885       1.0338389
       6582.4060       1.0335148
       6582.4234       1.0333624
       6582.4408       1.0334347
       6582.4582       1.0337421
       6582.4756       1.0342381
       6582.4930       1.0348274
       6582.5104       1.0353954
       6582.5278       1.0358500
       6582.5452       1.0361556
       6582.5626       1.0363447
       6582.5801       1.0364999
       6582.5975       1.0367157
       6582.6149       1.0370550
       6582.6323       1.0375191
       6582.6497       1.0380422
       6582.6671       1.0385107
       6582.6845       1.0387982
       6582.7019       1.0388047
       6582.7193       1.0384833
       6582.7367       1.0378510
       6582.7542       1.0369799
       6582.7716       1.0359772
       6582.7890       1.0349625
       6582.8064       1.0340492
       6582.8238       1.0333329
       6582.8412       1.0328840
       6582.8586       1.0327425
       6582.8760       1.0329161
       6582.8934       1.0333832
       6582.9108       1.0341058
       6582.9283       1.0350429
       6582.9457       1.0361680
       6582.9631       1.0374669
       6582.9805       1.0389221
       6582.9979       1.0404895
       6583.0153       1.0420797
       6583.0327       1.0435594
       6583.0501       1.0447740
       6583.0675       1.0455861
       6583.0850       1.0459162
       6583.1024       1.0457716
       6583.1198       1.0452553
       6583.1372       1.0445529
       6583.1546       1.0439001
       6583.1720       1.0435391
       6583.1894       1.0436695
       6583.2068       1.0444064
       6583.2242       1.0457528
       6583.2416       1.0475954
       6583.2591       1.0497265
       6583.2765       1.0518864
       6583.2939       1.0538162
       6583.3113       1.0553057
       6583.3287       1.0562234
       6583.3461       1.0565250
       6583.3635       1.0562398
       6583.3809       1.0554439
       6583.3983       1.0542268
       6583.4157       1.0526616
       6583.4332       1.0507848
       6583.4506       1.0485926
       6583.4680       1.0460566
       6583.4854       1.0431553
       6583.5028       1.0399123
       6583.5202       1.0364222
       6583.5376       1.0328527
       6583.5550       1.0294178
       6583.5724       1.0263285
       6583.5898       1.0237409
       6583.6073       1.0217298
       6583.6247       1.0202891
       6583.6421       1.0193568
       6583.6595       1.0188484
       6583.6769       1.0186828
       6583.6943       1.0187909
       6583.7117       1.0191102
       6583.7291       1.0195737
       6583.7465       1.0201052
       6583.7639       1.0206283
       6583.7814       1.0210842
       6583.7988       1.0214502
       6583.8162       1.0217484
       6583.8336       1.0220375
       6583.8510       1.0223927
       6583.8684       1.0228807
       6583.8858       1.0235408
       6583.9032       1.0243777
       6583.9206       1.0253635
       6583.9381       1.0264482
       6583.9555       1.0275707
       6583.9729       1.0286699
       6583.9903       1.0296929
       6584.0077       1.0306029
       6584.0251       1.0313853
       6584.0425       1.0320517
       6584.0599       1.0326400
       6584.0773       1.0332061
       6584.0947       1.0338062
       6584.1122       1.0344744
       6584.1296       1.0352038
       6584.1470       1.0359439
       6584.1644       1.0366185
       6584.1818       1.0371602
       6584.1992       1.0375423
       6584.2166       1.0377900
       6584.2340       1.0379613
       6584.2514       1.0381038
       6584.2688       1.0382162
       6584.2863       1.0382377
       6584.3037       1.0380733
       6584.3211       1.0376453
       6584.3385       1.0369428
       6584.3559       1.0360434
       6584.3733       1.0350929
       6584.3907       1.0342539
       6584.4081       1.0336467
       6584.4255       1.0333115
       6584.4429       1.0332053
       6584.4604       1.0332333
       6584.4778       1.0332931
       6584.4952       1.0333133
       6584.5126       1.0332672
       6584.5300       1.0331621
       6584.5474       1.0330142
       6584.5648       1.0328242
       6584.5822       1.0325665
       6584.5996       1.0321960
       6584.6170       1.0316667
       6584.6345       1.0309504
       6584.6519       1.0300477
       6584.6693       1.0289872
       6584.6867       1.0278178
       6584.7041       1.0266002
       6584.7215       1.0254036
       6584.7389       1.0243043
       6584.7563       1.0233813
       6584.7737       1.0227037
       6584.7912       1.0223125
       6584.8086       1.0222052
       6584.8260       1.0223311
       6584.8434       1.0226045
       6584.8608       1.0229312
       6584.8782       1.0232363
       6584.8956       1.0234832
       6584.9130       1.0236720
       6584.9304       1.0238224
       6584.9478       1.0239513
       6584.9653       1.0240573
       6584.9827       1.0241202
       6585.0001       1.0241156
