# Angstrom [air],  flux [abs.cor.cont.sub+1]
       6544.9938       1.0227148
       6545.0112       1.0225679
       6545.0286       1.0225131
       6545.0460       1.0225146
       6545.0634       1.0225341
       6545.0808       1.0225347
       6545.0983       1.0224905
       6545.1157       1.0223976
       6545.1331       1.0222834
       6545.1505       1.0222106
       6545.1679       1.0222680
       6545.1853       1.0225497
       6545.2027       1.0231267
       6545.2201       1.0240160
       6545.2375       1.0251624
       6545.2549       1.0264430
       6545.2724       1.0276987
       6545.2898       1.0287865
       6545.3072       1.0296328
       6545.3246       1.0302675
       6545.3420       1.0308242
       6545.3594       1.0315033
       6545.3768       1.0325132
       6545.3942       1.0340103
       6545.4116       1.0360612
       6545.4291       1.0386407
       6545.4465       1.0416622
       6545.4639       1.0450285
       6545.4813       1.0486836
       6545.4987       1.0526473
       6545.5161       1.0570253
       6545.5335       1.0619901
       6545.5509       1.0677407
       6545.5683       1.0744472
       6545.5857       1.0821968
       6545.6032       1.0909542
       6545.6206       1.1005522
       6545.6380       1.1107150
       6545.6554       1.1211104
       6545.6728       1.1314126
       6545.6902       1.1413514
       6545.7076       1.1507320
       6545.7250       1.1594213
       6545.7424       1.1673122
       6545.7598       1.1742880
       6545.7773       1.1802048
       6545.7947       1.1848984
       6545.8121       1.1882131
       6545.8295       1.1900315
       6545.8469       1.1902927
       6545.8643       1.1889927
       6545.8817       1.1861666
       6545.8991       1.1818609
       6545.9165       1.1761070
       6545.9339       1.1689060
       6545.9514       1.1602307
       6545.9688       1.1500455
       6545.9862       1.1383397
       6546.0036       1.1251612
       6546.0210       1.1106411
       6546.0384       1.0949975
       6546.0558       1.0785176
       6546.0732       1.0615240
       6546.0906       1.0443384
       6546.1081       1.0272575
       6546.1255       1.0105479
       6546.1429      0.99445639
       6546.1603      0.97922156
       6546.1777      0.96507367
       6546.1951      0.95221737
       6546.2125      0.94080598
       6546.2299      0.93092307
       6546.2473      0.92258459
       6546.2647      0.91576325
       6546.2822      0.91042404
       6546.2996      0.90655465
       6546.3170      0.90417760
       6546.3344      0.90334124
       6546.3518      0.90409610
       6546.3692      0.90646800
       6546.3866      0.91043715
       6546.4040      0.91592697
       6546.4214      0.92279936
       6546.4388      0.93085487
       6546.4563      0.93981314
       6546.4737      0.94932220
       6546.4911      0.95897038
       6546.5085      0.96832043
       6546.5259      0.97697062
       6546.5433      0.98462525
       6546.5607      0.99114835
       6546.5781      0.99657641
       6546.5955       1.0010824
       6546.6130       1.0049048
       6546.6304       1.0082712
       6546.6478       1.0113441
       6546.6652       1.0142040
       6546.6826       1.0168647
       6546.7000       1.0193035
       6546.7174       1.0214897
       6546.7348       1.0234018
       6546.7522       1.0250342
       6546.7696       1.0263984
       6546.7871       1.0275241
       6546.8045       1.0284591
       6546.8219       1.0292654
       6546.8393       1.0300082
       6546.8567       1.0307403
       6546.8741       1.0314888
       6546.8915       1.0322510
       6546.9089       1.0330027
       6546.9263       1.0337139
       6546.9437       1.0343633
       6546.9612       1.0349429
       6546.9786       1.0354524
       6546.9960       1.0358871
       6547.0134       1.0362282
       6547.0308       1.0364429
       6547.0482       1.0364929
       6547.0656       1.0363473
       6547.0830       1.0359921
       6547.1004       1.0354319
       6547.1179       1.0346847
       6547.1353       1.0337671
       6547.1527       1.0326853
       6547.1701       1.0314351
       6547.1875       1.0300150
       6547.2049       1.0284503
       6547.2223       1.0268177
       6547.2397       1.0252569
       6547.2571       1.0239554
       6547.2745       1.0231068
       6547.2920       1.0228543
       6547.3094       1.0232431
       6547.3268       1.0242029
       6547.3442       1.0255686
       6547.3616       1.0271317
       6547.3790       1.0287011
       6547.3964       1.0301489
       6547.4138       1.0314253
       6547.4312       1.0325406
       6547.4486       1.0335247
       6547.4661       1.0343838
       6547.4835       1.0350749
       6547.5009       1.0355097
       6547.5183       1.0355896
       6547.5357       1.0352570
       6547.5531       1.0345415
       6547.5705       1.0335785
       6547.5879       1.0325886
       6547.6053       1.0318225
       6547.6227       1.0314878
       6547.6402       1.0316888
       6547.6576       1.0324015
       6547.6750       1.0334954
       6547.6924       1.0347924
       6547.7098       1.0361359
       6547.7272       1.0374384
       6547.7446       1.0386905
       6547.7620       1.0399308
       6547.7794       1.0411956
       6547.7969       1.0424798
       6547.8143       1.0437252
       6547.8317       1.0448381
       6547.8491       1.0457247
       6547.8665       1.0463278
       6547.8839       1.0466475
       6547.9013       1.0467408
       6547.9187       1.0466963
       6547.9361       1.0465965
       6547.9535       1.0464784
       6547.9710       1.0463110
       6547.9884       1.0459988
       6548.0058       1.0454120
       6548.0232       1.0444317
       6548.0406       1.0429918
       6548.0580       1.0411009
       6548.0754       1.0388395
       6548.0928       1.0363386
       6548.1102       1.0337528
       6548.1276       1.0312401
       6548.1451       1.0289502
       6548.1625       1.0270172
       6548.1799       1.0255498
       6548.1973       1.0246185
       6548.2147       1.0242434
       6548.2321       1.0243913
       6548.2495       1.0249846
       6548.2669       1.0259193
       6548.2843       1.0270844
       6548.3018       1.0283758
       6548.3192       1.0296999
       6548.3366       1.0309716
       6548.3540       1.0321106
       6548.3714       1.0330444
       6548.3888       1.0337180
       6548.4062       1.0341085
       6548.4236       1.0342366
       6548.4410       1.0341596
       6548.4584       1.0339564
       6548.4759       1.0337057
       6548.4933       1.0334719
       6548.5107       1.0333029
       6548.5281       1.0332400
       6548.5455       1.0333283
       6548.5629       1.0336167
       6548.5803       1.0341470
       6548.5977       1.0349380
       6548.6151       1.0359746
       6548.6325       1.0372089
       6548.6500       1.0385708
       6548.6674       1.0399804
       6548.6848       1.0413595
       6548.7022       1.0426400
       6548.7196       1.0437728
       6548.7370       1.0447390
       6548.7544       1.0455587
       6548.7718       1.0462915
       6548.7892       1.0470234
       6548.8067       1.0478420
       6548.8241       1.0488086
       6548.8415       1.0499354
       6548.8589       1.0511771
       6548.8763       1.0524363
       6548.8937       1.0535818
       6548.9111       1.0544742
       6548.9285       1.0549948
       6548.9459       1.0550708
       6548.9633       1.0546907
       6548.9808       1.0539050
       6548.9982       1.0528119
       6549.0156       1.0515328
       6549.0330       1.0501875
       6549.0504       1.0488772
       6549.0678       1.0476747
       6549.0852       1.0466281
       6549.1026       1.0457651
       6549.1200       1.0450932
       6549.1374       1.0445952
       6549.1549       1.0442256
       6549.1723       1.0439160
       6549.1897       1.0435953
       6549.2071       1.0432204
       6549.2245       1.0428045
       6549.2419       1.0424236
       6549.2593       1.0421942
       6549.2767       1.0422233
       6549.2941       1.0425554
       6549.3115       1.0431380
       6549.3290       1.0438279
       6549.3464       1.0444362
       6549.3638       1.0447975
       6549.3812       1.0448319
       6549.3986       1.0445746
       6549.4160       1.0441596
       6549.4334       1.0437645
       6549.4508       1.0435400
       6549.4682       1.0435535
       6549.4857       1.0437690
       6549.5031       1.0440678
       6549.5205       1.0442977
       6549.5379       1.0443275
       6549.5553       1.0440873
       6549.5727       1.0435814
       6549.5901       1.0428791
       6549.6075       1.0420909
       6549.6249       1.0413438
       6549.6423       1.0407612
       6549.6598       1.0404503
       6549.6772       1.0404895
       6549.6946       1.0409164
       6549.7120       1.0417097
       6549.7294       1.0427819
       6549.7468       1.0439911
       6549.7642       1.0451684
       6549.7816       1.0461583
       6549.7990       1.0468554
       6549.8164       1.0472225
       6549.8339       1.0472819
       6549.8513       1.0470898
       6549.8687       1.0467069
       6549.8861       1.0461821
       6549.9035       1.0455556
       6549.9209       1.0448751
       6549.9383       1.0442146
       6549.9557       1.0436814
       6549.9731       1.0434047
       6549.9906       1.0435054
       6550.0080       1.0440570
       6550.0254       1.0450531
       6550.0428       1.0463942
       6550.0602       1.0479045
       6550.0776       1.0493734
       6550.0950       1.0506098
       6550.1124       1.0514878
       6550.1298       1.0519693
       6550.1472       1.0520973
       6550.1647       1.0519670
       6550.1821       1.0516878
       6550.1995       1.0513516
       6550.2169       1.0510157
       6550.2343       1.0507009
       6550.2517       1.0504018
       6550.2691       1.0501026
       6550.2865       1.0497935
       6550.3039       1.0494842
       6550.3213       1.0492085
       6550.3388       1.0490201
       6550.3562       1.0489774
       6550.3736       1.0491204
       6550.3910       1.0494573
       6550.4084       1.0499612
       6550.4258       1.0505809
       6550.4432       1.0512578
       6550.4606       1.0519412
       6550.4780       1.0525915
       6550.4955       1.0531728
       6550.5129       1.0536410
       6550.5303       1.0539368
       6550.5477       1.0539921
       6550.5651       1.0537484
       6550.5825       1.0531832
       6550.5999       1.0523314
       6550.6173       1.0512927
       6550.6347       1.0502182
       6550.6521       1.0492800
       6550.6696       1.0486328
       6550.6870       1.0483801
       6550.7044       1.0485550
       6550.7218       1.0491177
       6550.7392       1.0499670
       6550.7566       1.0509581
       6550.7740       1.0519200
       6550.7914       1.0526734
       6550.8088       1.0530524
       6550.8262       1.0529341
       6550.8437       1.0522738
       6550.8611       1.0511357
       6550.8785       1.0497010
       6550.8959       1.0482432
       6550.9133       1.0470706
       6550.9307       1.0464544
       6550.9481       1.0465654
       6550.9655       1.0474399
       6550.9829       1.0489800
       6551.0003       1.0509842
       6551.0178       1.0531893
       6551.0352       1.0553307
       6551.0526       1.0571943
       6551.0700       1.0586544
       6551.0874       1.0596911
       6551.1048       1.0603772
       6551.1222       1.0608338
       6551.1396       1.0611730
       6551.1570       1.0614498
       6551.1745       1.0616471
       6551.1919       1.0617021
       6551.2093       1.0615596
       6551.2267       1.0612266
       6551.2441       1.0607982
       6551.2615       1.0604387
       6551.2789       1.0603256
       6551.2963       1.0605784
       6551.3137       1.0612044
       6551.3311       1.0620839
       6551.3486       1.0630009
       6551.3660       1.0637084
       6551.3834       1.0640061
       6551.4008       1.0638041
       6551.4182       1.0631526
       6551.4356       1.0622303
       6551.4530       1.0612928
       6551.4704       1.0605996
       6551.4878       1.0603416
       6551.5052       1.0605933
       6551.5227       1.0613031
       6551.5401       1.0623212
       6551.5575       1.0634526
       6551.5749       1.0645140
       6551.5923       1.0653785
       6551.6097       1.0659944
       6551.6271       1.0663792
       6551.6445       1.0665945
       6551.6619       1.0667118
       6551.6794       1.0667844
       6551.6968       1.0668315
       6551.7142       1.0668431
       6551.7316       1.0667970
       6551.7490       1.0666797
       6551.7664       1.0664973
       6551.7838       1.0662749
       6551.8012       1.0660440
       6551.8186       1.0658285
       6551.8360       1.0656361
       6551.8535       1.0654586
       6551.8709       1.0652769
       6551.8883       1.0650657
       6551.9057       1.0647946
       6551.9231       1.0644276
       6551.9405       1.0639227
       6551.9579       1.0632356
       6551.9753       1.0623260
       6551.9927       1.0611653
       6552.0101       1.0597443
       6552.0276       1.0580803
       6552.0450       1.0562249
       6552.0624       1.0542691
       6552.0798       1.0523421
       6552.0972       1.0506003
       6552.1146       1.0492071
       6552.1320       1.0483072
       6552.1494       1.0480036
       6552.1668       1.0483441
       6552.1843       1.0493186
       6552.2017       1.0508660
       6552.2191       1.0528871
       6552.2365       1.0552570
       6552.2539       1.0578364
       6552.2713       1.0604791
       6552.2887       1.0630367
       6552.3061       1.0653622
       6552.3235       1.0673211
       6552.3409       1.0688067
       6552.3584       1.0697572
       6552.3758       1.0701732
       6552.3932       1.0701257
       6552.4106       1.0697447
       6552.4280       1.0691924
       6552.4454       1.0686239
       6552.4628       1.0681508
       6552.4802       1.0678189
       6552.4976       1.0676093
       6552.5150       1.0674606
       6552.5325       1.0673058
       6552.5499       1.0671091
       6552.5673       1.0668900
       6552.5847       1.0667261
       6552.6021       1.0667336
       6552.6195       1.0670339
       6552.6369       1.0677189
       6552.6543       1.0688279
       6552.6717       1.0703443
       6552.6891       1.0722087
       6552.7066       1.0743398
       6552.7240       1.0766518
       6552.7414       1.0790637
       6552.7588       1.0815016
       6552.7762       1.0838976
       6552.7936       1.0861899
       6552.8110       1.0883212
       6552.8284       1.0902350
       6552.8458       1.0918704
       6552.8633       1.0931618
       6552.8807       1.0940484
       6552.8981       1.0944967
       6552.9155       1.0945244
       6552.9329       1.0942131
       6552.9503       1.0936956
       6552.9677       1.0931214
       6552.9851       1.0926069
       6553.0025       1.0922024
       6553.0199       1.0918858
       6553.0374       1.0915847
       6553.0548       1.0912120
       6553.0722       1.0906960
       6553.0896       1.0899924
       6553.1070       1.0890778
       6553.1244       1.0879359
       6553.1418       1.0865500
       6553.1592       1.0849061
       6553.1766       1.0830051
       6553.1940       1.0808751
       6553.2115       1.0785774
       6553.2289       1.0762060
       6553.2463       1.0738818
       6553.2637       1.0717432
       6553.2811       1.0699329
       6553.2985       1.0685789
       6553.3159       1.0677730
       6553.3333       1.0675514
       6553.3507       1.0678867
       6553.3682       1.0686941
       6553.3856       1.0698505
       6553.4030       1.0712210
       6553.4204       1.0726838
       6553.4378       1.0741496
       6553.4552       1.0755692
       6553.4726       1.0769297
       6553.4900       1.0782402
       6553.5074       1.0795095
       6553.5248       1.0807254
       6553.5423       1.0818460
       6553.5597       1.0828089
       6553.5771       1.0835575
       6553.5945       1.0840726
       6553.6119       1.0843924
       6553.6293       1.0846145
       6553.6467       1.0848641
       6553.6641       1.0852553
       6553.6815       1.0858575
       6553.6989       1.0866821
       6553.7164       1.0876932
       6553.7338       1.0888337
       6553.7512       1.0900515
       6553.7686       1.0913111
       6553.7860       1.0925917
       6553.8034       1.0938742
       6553.8208       1.0951318
       6553.8382       1.0963277
       6553.8556       1.0974215
       6553.8731       1.0983782
       6553.8905       1.0991739
       6553.9079       1.0997960
       6553.9253       1.1002382
       6553.9427       1.1004920
       6553.9601       1.1005395
       6553.9775       1.1003498
       6553.9949       1.0998837
       6554.0123       1.0991067
       6554.0297       1.0980093
       6554.0472       1.0966258
       6554.0646       1.0950415
       6554.0820       1.0933835
       6554.0994       1.0917937
       6554.1168       1.0903945
       6554.1342       1.0892596
       6554.1516       1.0883981
       6554.1690       1.0877578
       6554.1864       1.0872456
       6554.2038       1.0867571
       6554.2213       1.0862080
       6554.2387       1.0855573
       6554.2561       1.0848146
       6554.2735       1.0840306
       6554.2909       1.0832753
       6554.3083       1.0826152
       6554.3257       1.0821040
       6554.3431       1.0817878
       6554.3605       1.0817179
       6554.3779       1.0819588
       6554.3954       1.0825804
       6554.4128       1.0836361
       6554.4302       1.0851338
       6554.4476       1.0870190
       6554.4650       1.0891753
       6554.4824       1.0914448
       6554.4998       1.0936571
       6554.5172       1.0956571
       6554.5346       1.0973234
       6554.5521       1.0985776
       6554.5695       1.0993871
       6554.5869       1.0997653
       6554.6043       1.0997703
       6554.6217       1.0995025
       6554.6391       1.0990999
       6554.6565       1.0987296
       6554.6739       1.0985739
       6554.6913       1.0988084
       6554.7087       1.0995732
       6554.7262       1.1009417
       6554.7436       1.1028967
       6554.7610       1.1053276
       6554.7784       1.1080538
       6554.7958       1.1108723
       6554.8132       1.1136155
       6554.8306       1.1161959
       6554.8480       1.1186218
       6554.8654       1.1209794
       6554.8828       1.1233901
       6554.9003       1.1259649
       6554.9177       1.1287731
       6554.9351       1.1318217
       6554.9525       1.1350629
       6554.9699       1.1384032
       6554.9873       1.1417162
       6555.0047       1.1448571
       6555.0221       1.1476795
       6555.0395       1.1500530
       6555.0570       1.1518740
       6555.0744       1.1530701
       6555.0918       1.1535949
       6555.1092       1.1534211
       6555.1266       1.1525353
       6555.1440       1.1509378
       6555.1614       1.1486457
       6555.1788       1.1456933
       6555.1962       1.1421290
       6555.2136       1.1380070
       6555.2311       1.1333796
       6555.2485       1.1282965
       6555.2659       1.1228148
       6555.2833       1.1170151
       6555.3007       1.1110188
       6555.3181       1.1049936
       6555.3355       1.0991413
       6555.3529       1.0936704
       6555.3703       1.0887590
       6555.3877       1.0845234
       6555.4052       1.0810022
       6555.4226       1.0781606
       6555.4400       1.0759141
       6555.4574       1.0741603
       6555.4748       1.0728095
       6555.4922       1.0718038
       6555.5096       1.0711223
       6555.5270       1.0707732
       6555.5444       1.0707807
       6555.5619       1.0711714
       6555.5793       1.0719606
       6555.5967       1.0731427
       6555.6141       1.0746857
       6555.6315       1.0765242
       6555.6489       1.0785569
       6555.6663       1.0806531
       6555.6837       1.0826688
       6555.7011       1.0844694
       6555.7185       1.0859505
       6555.7360       1.0870505
       6555.7534       1.0877514
       6555.7708       1.0880732
       6555.7882       1.0880695
       6555.8056       1.0878291
       6555.8230       1.0874787
       6555.8404       1.0871803
       6555.8578       1.0871123
       6555.8752       1.0874366
       6555.8926       1.0882589
       6555.9101       1.0895972
       6555.9275       1.0913702
       6555.9449       1.0934086
       6555.9623       1.0954865
       6555.9797       1.0973642
       6555.9971       1.0988320
       6556.0145       1.0997469
       6556.0319       1.1000546
       6556.0493       1.0997946
       6556.0667       1.0990858
       6556.0842       1.0981009
       6556.1016       1.0970338
       6556.1190       1.0960709
       6556.1364       1.0953666
       6556.1538       1.0950265
       6556.1712       1.0950950
       6556.1886       1.0955515
       6556.2060       1.0963142
       6556.2234       1.0972564
       6556.2409       1.0982313
       6556.2583       1.0991083
       6556.2757       1.0998008
       6556.2931       1.1002855
       6556.3105       1.1006057
       6556.3279       1.1008556
       6556.3453       1.1011505
       6556.3627       1.1015874
       6556.3801       1.1022096
       6556.3975       1.1029842
       6556.4150       1.1038019
       6556.4324       1.1044990
       6556.4498       1.1048963
       6556.4672       1.1048428
       6556.4846       1.1042510
       6556.5020       1.1031161
       6556.5194       1.1015149
       6556.5368       1.0995869
       6556.5542       1.0975044
       6556.5716       1.0954405
       6556.5891       1.0935404
       6556.6065       1.0919055
       6556.6239       1.0905890
       6556.6413       1.0896047
       6556.6587       1.0889415
       6556.6761       1.0885767
       6556.6935       1.0884812
       6556.7109       1.0886167
       6556.7283       1.0889309
       6556.7458       1.0893596
       6556.7632       1.0898413
       6556.7806       1.0903394
       6556.7980       1.0908613
       6556.8154       1.0914594
       6556.8328       1.0922093
       6556.8502       1.0931721
       6556.8676       1.0943574
       6556.8850       1.0957031
       6556.9024       1.0970891
       6556.9199       1.0983733
       6556.9373       1.0994321
       6556.9547       1.1001890
       6556.9721       1.1006219
       6556.9895       1.1007532
       6557.0069       1.1006349
       6557.0243       1.1003403
       6557.0417       1.0999633
       6557.0591       1.0996198
       6557.0765       1.0994434
       6557.0940       1.0995696
       6557.1114       1.1001124
       6557.1288       1.1011371
       6557.1462       1.1026397
       6557.1636       1.1045347
       6557.1810       1.1066605
       6557.1984       1.1088015
       6557.2158       1.1107284
       6557.2332       1.1122482
       6557.2507       1.1132490
       6557.2681       1.1137261
       6557.2855       1.1137781
       6557.3029       1.1135752
       6557.3203       1.1133114
       6557.3377       1.1131598
       6557.3551       1.1132427
       6557.3725       1.1136242
       6557.3899       1.1143176
       6557.4073       1.1152975
       6557.4248       1.1165072
       6557.4422       1.1178591
       6557.4596       1.1192334
       6557.4770       1.1204824
       6557.4944       1.1214448
       6557.5118       1.1219690
       6557.5292       1.1219382
       6557.5466       1.1213029
       6557.5640       1.1200914
       6557.5814       1.1184204
       6557.5989       1.1164890
       6557.6163       1.1145552
       6557.6337       1.1128942
       6557.6511       1.1117440
       6557.6685       1.1112544
       6557.6859       1.1114530
       6557.7033       1.1122420
       6557.7207       1.1134280
       6557.7381       1.1147771
       6557.7555       1.1160774
       6557.7730       1.1171910
       6557.7904       1.1180781
       6557.8078       1.1187862
       6557.8252       1.1194116
       6557.8426       1.1200498
       6557.8600       1.1207537
       6557.8774       1.1215152
       6557.8948       1.1222713
       6557.9122       1.1229307
       6557.9297       1.1234060
       6557.9471       1.1236408
       6557.9645       1.1236201
       6557.9819       1.1233658
       6557.9993       1.1229189
       6558.0167       1.1223202
       6558.0341       1.1215992
       6558.0515       1.1207767
       6558.0689       1.1198801
       6558.0863       1.1189600
       6558.1038       1.1180994
       6558.1212       1.1174047
       6558.1386       1.1169816
       6558.1560       1.1169037
       6558.1734       1.1171912
       6558.1908       1.1178004
       6558.2082       1.1186432
       6558.2256       1.1196151
       6558.2430       1.1206202
       6558.2604       1.1215861
       6558.2779       1.1224632
       6558.2953       1.1232174
       6558.3127       1.1238254
       6558.3301       1.1242789
       6558.3475       1.1245944
       6558.3649       1.1248193
       6558.3823       1.1250278
       6558.3997       1.1253045
       6558.4171       1.1257245
       6558.4346       1.1263396
       6558.4520       1.1271754
       6558.4694       1.1282369
       6558.4868       1.1295164
       6558.5042       1.1309959
       6558.5216       1.1326420
       6558.5390       1.1343979
       6558.5564       1.1361794
       6558.5738       1.1378829
       6558.5912       1.1394045
       6558.6087       1.1406647
       6558.6261       1.1416275
       6558.6435       1.1423037
       6558.6609       1.1427376
       6558.6783       1.1429847
       6558.6957       1.1430916
       6558.7131       1.1430913
       6558.7305       1.1430135
       6558.7479       1.1429031
       6558.7653       1.1428312
       6558.7828       1.1428914
       6558.8002       1.1431803
       6558.8176       1.1437729
       6558.8350       1.1447071
       6558.8524       1.1459805
       6558.8698       1.1475662
       6558.8872       1.1494267
       6558.9046       1.1515252
       6558.9220       1.1538261
       6558.9394       1.1562916
       6558.9569       1.1588760
       6558.9743       1.1615244
       6558.9917       1.1641762
       6559.0091       1.1667707
       6559.0265       1.1692546
       6559.0439       1.1715867
       6559.0613       1.1737418
       6559.0787       1.1757120
       6559.0961       1.1775059
       6559.1136       1.1791454
       6559.1310       1.1806576
       6559.1484       1.1820602
       6559.1658       1.1833453
       6559.1832       1.1844662
       6559.2006       1.1853365
       6559.2180       1.1858467
       6559.2354       1.1858937
       6559.2528       1.1854116
       6559.2702       1.1843891
       6559.2877       1.1828641
       6559.3051       1.1808970
       6559.3225       1.1785361
       6559.3399       1.1757913
       6559.3573       1.1726286
       6559.3747       1.1689890
       6559.3921       1.1648238
       6559.4095       1.1601324
       6559.4269       1.1549904
       6559.4443       1.1495580
       6559.4618       1.1440653
       6559.4792       1.1387819
       6559.4966       1.1339713
       6559.5140       1.1298465
       6559.5314       1.1265423
       6559.5488       1.1241081
       6559.5662       1.1225242
       6559.5836       1.1217341
       6559.6010       1.1216816
       6559.6185       1.1223349
       6559.6359       1.1236882
       6559.6533       1.1257432
       6559.6707       1.1284808
       6559.6881       1.1318401
       6559.7055       1.1357165
       6559.7229       1.1399791
       6559.7403       1.1444976
       6559.7577       1.1491651
       6559.7751       1.1539058
       6559.7926       1.1586671
       6559.8100       1.1634042
       6559.8274       1.1680674
       6559.8448       1.1725992
       6559.8622       1.1769399
       6559.8796       1.1810350
       6559.8970       1.1848426
       6559.9144       1.1883364
       6559.9318       1.1915111
       6559.9492       1.1943900
       6559.9667       1.1970311
       6559.9841       1.1995255
       6560.0015       1.2019813
       6560.0189       1.2044978
       6560.0363       1.2071384
       6560.0537       1.2099165
       6560.0711       1.2128002
       6560.0885       1.2157320
       6560.1059       1.2186505
       6560.1234       1.2215018
       6560.1408       1.2242359
       6560.1582       1.2267971
       6560.1756       1.2291173
       6560.1930       1.2311229
       6560.2104       1.2327537
       6560.2278       1.2339868
       6560.2452       1.2348519
       6560.2626       1.2354312
       6560.2800       1.2358413
       6560.2975       1.2362053
       6560.3149       1.2366243
       6560.3323       1.2371586
       6560.3497       1.2378219
       6560.3671       1.2385890
       6560.3845       1.2394103
       6560.4019       1.2402300
       6560.4193       1.2410034
       6560.4367       1.2417121
       6560.4541       1.2423729
       6560.4716       1.2430366
       6560.4890       1.2437745
       6560.5064       1.2446537
       6560.5238       1.2457094
       6560.5412       1.2469241
       6560.5586       1.2482242
       6560.5760       1.2494988
       6560.5934       1.2506338
       6560.6108       1.2515487
       6560.6282       1.2522248
       6560.6457       1.2527145
       6560.6631       1.2531358
       6560.6805       1.2536588
       6560.6979       1.2544878
       6560.7153       1.2558424
       6560.7327       1.2579302
       6560.7501       1.2609126
       6560.7675       1.2648692
       6560.7849       1.2697784
       6560.8024       1.2754961
       6560.8198       1.2817974
       6560.8372       1.2884101
       6560.8546       1.2950562
       6560.8720       1.3014914
       6560.8894       1.3075354
       6560.9068       1.3130951
       6560.9242       1.3181786
       6560.9416       1.3228967
       6560.9590       1.3274463
       6560.9765       1.3320750
       6560.9939       1.3370332
       6561.0113       1.3425228
       6561.0287       1.3486574
       6561.0461       1.3554429
       6561.0635       1.3627841
       6561.0809       1.3705146
       6561.0983       1.3784386
       6561.1157       1.3863743
       6561.1331       1.3941844
       6561.1506       1.4017924
       6561.1680       1.4091841
       6561.1854       1.4164008
       6561.2028       1.4235311
       6561.2202       1.4307032
       6561.2376       1.4380770
       6561.2550       1.4458337
       6561.2724       1.4541610
       6561.2898       1.4632315
       6561.3073       1.4731790
       6561.3247       1.4840737
       6561.3421       1.4959068
       6561.3595       1.5085883
       6561.3769       1.5219640
       6561.3943       1.5358496
       6561.4117       1.5500765
       6561.4291       1.5645354
       6561.4465       1.5792108
       6561.4639       1.5941877
       6561.4814       1.6096273
       6561.4988       1.6257184
       6561.5162       1.6426154
       6561.5336       1.6603848
       6561.5510       1.6789761
       6561.5684       1.6982302
       6561.5858       1.7179179
       6561.6032       1.7377956
       6561.6206       1.7576562
       6561.6380       1.7773592
       6561.6555       1.7968340
       6561.6729       1.8160630
       6561.6903       1.8350557
       6561.7077       1.8538272
       6561.7251       1.8723855
       6561.7425       1.8907265
       6561.7599       1.9088294
       6561.7773       1.9266496
       6561.7947       1.9441116
       6561.8122       1.9611121
       6561.8296       1.9775395
       6561.8470       1.9933055
       6561.8644       2.0083743
       6561.8818       2.0227700
       6561.8992       2.0365525
       6561.9166       2.0497710
       6561.9340       2.0624195
       6561.9514       2.0744220
       6561.9688       2.0856632
       6561.9863       2.0960527
       6562.0037       2.1055968
       6562.0211       2.1144385
       6562.0385       2.1228461
       6562.0559       2.1311487
       6562.0733       2.1396432
       6562.0907       2.1485108
       6562.1081       2.1577532
       6562.1255       2.1672129
       6562.1429       2.1766222
       6562.1604       2.1856836
       6562.1778       2.1941531
       6562.1952       2.2019119
       6562.2126       2.2090131
       6562.2300       2.2156990
       6562.2474       2.2223816
       6562.2648       2.2295832
       6562.2822       2.2378418
       6562.2996       2.2475985
       6562.3170       2.2590982
       6562.3345       2.2723341
       6562.3519       2.2870567
       6562.3693       2.3028430
       6562.3867       2.3192014
       6562.4041       2.3356756
       6562.4215       2.3519191
       6562.4389       2.3677284
       6562.4563       2.3830405
       6562.4737       2.3979137
       6562.4912       2.4125049
       6562.5086       2.4270481
       6562.5260       2.4418259
       6562.5434       2.4571268
       6562.5608       2.4731855
       6562.5782       2.4901177
       6562.5956       2.5078683
       6562.6130       2.5261911
       6562.6304       2.5446701
       6562.6478       2.5627777
       6562.6653       2.5799554
       6562.6827       2.5956955
       6562.7001       2.6096058
       6562.7175       2.6214438
       6562.7349       2.6311080
       6562.7523       2.6386299
       6562.7697       2.6441137
       6562.7871       2.6476809
       6562.8045       2.6494348
       6562.8219       2.6494361
       6562.8394       2.6476939
       6562.8568       2.6441648
       6562.8742       2.6387511
       6562.8916       2.6312967
       6562.9090       2.6215845
       6562.9264       2.6093517
       6562.9438       2.5943345
       6562.9612       2.5763416
       6562.9786       2.5553369
       6562.9961       2.5315027
       6563.0135       2.5052553
       6563.0309       2.4772037
       6563.0483       2.4480628
       6563.0657       2.4185459
       6563.0831       2.3892672
       6563.1005       2.3606732
       6563.1179       2.3330159
       6563.1353       2.3063640
       6563.1527       2.2806411
       6563.1702       2.2556778
       6563.1876       2.2312621
       6563.2050       2.2071812
       6563.2224       2.1832530
       6563.2398       2.1593531
       6563.2572       2.1354410
       6563.2746       2.1115854
       6563.2920       2.0879801
       6563.3094       2.0649367
       6563.3268       2.0428458
       6563.3443       2.0221085
       6563.3617       2.0030546
       6563.3791       1.9858724
       6563.3965       1.9705683
       6563.4139       1.9569506
       6563.4313       1.9446979
       6563.4487       1.9334189
       6563.4661       1.9227272
       6563.4835       1.9123069
       6563.5010       1.9019605
       6563.5184       1.8916339
       6563.5358       1.8814163
       6563.5532       1.8715143
       6563.5706       1.8621988
       6563.5880       1.8537308
       6563.6054       1.8462805
       6563.6228       1.8398637
       6563.6402       1.8343165
       6563.6576       1.8293209
       6563.6751       1.8244751
       6563.6925       1.8193845
       6563.7099       1.8137464
       6563.7273       1.8074020
       6563.7447       1.8003440
       6563.7621       1.7926830
       6563.7795       1.7845869
       6563.7969       1.7762152
       6563.8143       1.7676684
       6563.8317       1.7589640
       6563.8492       1.7500440
       6563.8666       1.7408013
       6563.8840       1.7311143
       6563.9014       1.7208763
       6563.9188       1.7100161
       6563.9362       1.6985064
       6563.9536       1.6863660
       6563.9710       1.6736547
       6563.9884       1.6604633
       6564.0058       1.6469009
       6564.0233       1.6330788
       6564.0407       1.6190954
       6564.0581       1.6050265
       6564.0755       1.5909178
       6564.0929       1.5767914
       6564.1103       1.5626647
       6564.1277       1.5485723
       6564.1451       1.5345805
       6564.1625       1.5207828
       6564.1800       1.5072707
       6564.1974       1.4940935
       6564.2148       1.4812262
       6564.2322       1.4685668
       6564.2496       1.4559698
       6564.2670       1.4433030
       6564.2844       1.4305003
       6564.3018       1.4175890
       6564.3192       1.4046810
       6564.3366       1.3919394
       6564.3541       1.3795417
       6564.3715       1.3676537
       6564.3889       1.3564194
       6564.4063       1.3459566
       6564.4237       1.3363494
       6564.4411       1.3276340
       6564.4585       1.3197850
       6564.4759       1.3127118
       6564.4933       1.3062721
       6564.5107       1.3002965
       6564.5282       1.2946161
       6564.5456       1.2890783
       6564.5630       1.2835505
       6564.5804       1.2779112
       6564.5978       1.2720443
       6564.6152       1.2658439
       6564.6326       1.2592360
       6564.6500       1.2522141
       6564.6674       1.2448738
       6564.6849       1.2374330
       6564.7023       1.2302267
       6564.7197       1.2236558
       6564.7371       1.2181145
       6564.7545       1.2139049
       6564.7719       1.2111593
       6564.7893       1.2097960
       6564.8067       1.2095228
       6564.8241       1.2098944
       6564.8415       1.2104130
       6564.8590       1.2106459
       6564.8764       1.2103253
       6564.8938       1.2093967
       6564.9112       1.2080025
       6564.9286       1.2064061
       6564.9460       1.2048896
       6564.9634       1.2036599
       6564.9808       1.2027962
       6564.9982       1.2022462
       6565.0156       1.2018643
       6565.0331       1.2014695
       6565.0505       1.2008993
       6565.0679       1.2000446
       6565.0853       1.1988579
       6565.1027       1.1973389
       6565.1201       1.1955110
       6565.1375       1.1934011
       6565.1549       1.1910365
       6565.1723       1.1884574
       6565.1898       1.1857371
       6565.2072       1.1829953
       6565.2246       1.1803905
       6565.2420       1.1780933
       6565.2594       1.1762479
       6565.2768       1.1749371
       6565.2942       1.1741637
       6565.3116       1.1738496
       6565.3290       1.1738517
       6565.3464       1.1739841
       6565.3639       1.1740430
       6565.3813       1.1738366
       6565.3987       1.1732094
       6565.4161       1.1720651
       6565.4335       1.1703847
       6565.4509       1.1682332
       6565.4683       1.1657505
       6565.4857       1.1631270
       6565.5031       1.1605696
       6565.5205       1.1582672
       6565.5380       1.1563665
       6565.5554       1.1549624
       6565.5728       1.1541020
       6565.5902       1.1537953
       6565.6076       1.1540207
       6565.6250       1.1547224
       6565.6424       1.1558017
       6565.6598       1.1571104
       6565.6772       1.1584569
       6565.6946       1.1596288
       6565.7121       1.1604267
       6565.7295       1.1606990
       6565.7469       1.1603675
       6565.7643       1.1594386
       6565.7817       1.1580005
       6565.7991       1.1562109
       6565.8165       1.1542769
       6565.8339       1.1524272
       6565.8513       1.1508760
       6565.8688       1.1497820
       6565.8862       1.1492116
       6565.9036       1.1491234
       6565.9210       1.1493817
       6565.9384       1.1497998
       6565.9558       1.1501983
       6565.9732       1.1504539
       6565.9906       1.1505221
       6566.0080       1.1504284
       6566.0254       1.1502335
       6566.0429       1.1499932
       6566.0603       1.1497339
       6566.0777       1.1494503
       6566.0951       1.1491238
       6566.1125       1.1487496
       6566.1299       1.1483576
       6566.1473       1.1480153
       6566.1647       1.1478074
       6566.1821       1.1478020
       6566.1995       1.1480163
       6566.2170       1.1484012
       6566.2344       1.1488500
       6566.2518       1.1492287
       6566.2692       1.1494124
       6566.2866       1.1493156
       6566.3040       1.1489067
       6566.3214       1.1482101
       6566.3388       1.1472995
       6566.3562       1.1462860
       6566.3737       1.1453030
       6566.3911       1.1444833
       6566.4085       1.1439344
       6566.4259       1.1437149
       6566.4433       1.1438221
       6566.4607       1.1441946
       6566.4781       1.1447268
       6566.4955       1.1452907
       6566.5129       1.1457573
       6566.5303       1.1460119
       6566.5478       1.1459624
       6566.5652       1.1455399
       6566.5826       1.1446955
       6566.6000       1.1433984
       6566.6174       1.1416419
       6566.6348       1.1394604
       6566.6522       1.1369490
       6566.6696       1.1342826
       6566.6870       1.1316975
       6566.7044       1.1294551
       6566.7219       1.1277837
       6566.7393       1.1268199
       6566.7567       1.1265716
       6566.7741       1.1269142
       6566.7915       1.1276205
       6566.8089       1.1284146
       6566.8263       1.1290336
       6566.8437       1.1292844
       6566.8611       1.1290822
       6566.8786       1.1284618
       6566.8960       1.1275607
       6566.9134       1.1265791
       6566.9308       1.1257294
       6566.9482       1.1251922
       6566.9656       1.1250885
       6566.9830       1.1254704
       6567.0004       1.1263247
       6567.0178       1.1275808
       6567.0352       1.1291192
       6567.0527       1.1307836
       6567.0701       1.1323995
       6567.0875       1.1337996
       6567.1049       1.1348503
       6567.1223       1.1354702
       6567.1397       1.1356344
       6567.1571       1.1353668
       6567.1745       1.1347242
       6567.1919       1.1337819
       6567.2093       1.1326227
       6567.2268       1.1313287
       6567.2442       1.1299727
       6567.2616       1.1286076
       6567.2790       1.1272592
       6567.2964       1.1259264
       6567.3138       1.1245943
       6567.3312       1.1232565
       6567.3486       1.1219364
       6567.3660       1.1206957
       6567.3834       1.1196241
       6567.4009       1.1188131
       6567.4183       1.1183245
       6567.4357       1.1181662
       6567.4531       1.1182855
       6567.4705       1.1185829
       6567.4879       1.1189390
       6567.5053       1.1192445
       6567.5227       1.1194258
       6567.5401       1.1194583
       6567.5576       1.1193701
       6567.5750       1.1192334
       6567.5924       1.1191497
       6567.6098       1.1192268
       6567.6272       1.1195547
       6567.6446       1.1201832
       6567.6620       1.1211068
       6567.6794       1.1222625
       6567.6968       1.1235377
       6567.7142       1.1247886
       6567.7317       1.1258632
       6567.7491       1.1266244
       6567.7665       1.1269715
       6567.7839       1.1268569
       6567.8013       1.1262961
       6567.8187       1.1253706
       6567.8361       1.1242215
       6567.8535       1.1230338
       6567.8709       1.1220112
       6567.8883       1.1213428
       6567.9058       1.1211675
       6567.9232       1.1215435
       6567.9406       1.1224333
       6567.9580       1.1237086
       6567.9754       1.1251695
       6567.9928       1.1265879
       6568.0102       1.1277373
       6568.0276       1.1284171
       6568.0450       1.1284700
       6568.0625       1.1277947
       6568.0799       1.1263607
       6568.0973       1.1242227
       6568.1147       1.1215266
       6568.1321       1.1185011
       6568.1495       1.1154305
       6568.1669       1.1126134
       6568.1843       1.1103171
       6568.2017       1.1087408
       6568.2191       1.1079941
       6568.2366       1.1080932
       6568.2540       1.1089743
       6568.2714       1.1105158
       6568.2888       1.1125650
       6568.3062       1.1149599
       6568.3236       1.1175436
       6568.3410       1.1201693
       6568.3584       1.1227002
       6568.3758       1.1250136
       6568.3932       1.1270120
       6568.4107       1.1286457
       6568.4281       1.1299352
       6568.4455       1.1309839
       6568.4629       1.1319693
       6568.4803       1.1331099
       6568.4977       1.1346173
       6568.5151       1.1366493
       6568.5325       1.1392803
       6568.5499       1.1424999
       6568.5674       1.1462342
       6568.5848       1.1503777
       6568.6022       1.1548212
       6568.6196       1.1594660
       6568.6370       1.1642244
       6568.6544       1.1690131
       6568.6718       1.1737487
       6568.6892       1.1783492
       6568.7066       1.1827385
       6568.7240       1.1868499
       6568.7415       1.1906232
       6568.7589       1.1939941
       6568.7763       1.1968808
       6568.7937       1.1991755
       6568.8111       1.2007462
       6568.8285       1.2014504
       6568.8459       1.2011560
       6568.8633       1.1997617
       6568.8807       1.1972097
       6568.8981       1.1934888
       6568.9156       1.1886300
       6568.9330       1.1826971
       6568.9504       1.1757769
       6568.9678       1.1679723
       6568.9852       1.1594013
       6569.0026       1.1502037
       6569.0200       1.1405531
       6569.0374       1.1306666
       6569.0548       1.1208026
       6569.0722       1.1112399
       6569.0897       1.1022394
       6569.1071       1.0939991
       6569.1245       1.0866189
       6569.1419       1.0800896
       6569.1593       1.0743094
       6569.1767       1.0691229
       6569.1941       1.0643693
       6569.2115       1.0599262
       6569.2289       1.0557409
       6569.2464       1.0518443
       6569.2638       1.0483471
       6569.2812       1.0454136
       6569.2986       1.0432256
       6569.3160       1.0419412
       6569.3334       1.0416614
       6569.3508       1.0424092
       6569.3682       1.0441278
       6569.3856       1.0466921
       6569.4030       1.0499307
       6569.4205       1.0536524
       6569.4379       1.0576724
       6569.4553       1.0618368
       6569.4727       1.0660396
       6569.4901       1.0702284
       6569.5075       1.0743927
       6569.5249       1.0785379
       6569.5423       1.0826513
       6569.5597       1.0866748
       6569.5771       1.0904952
       6569.5946       1.0939598
       6569.6120       1.0969113
       6569.6294       1.0992315
       6569.6468       1.1008784
       6569.6642       1.1019059
       6569.6816       1.1024580
       6569.6990       1.1027390
       6569.7164       1.1029618
       6569.7338       1.1032897
       6569.7513       1.1037878
       6569.7687       1.1044028
       6569.7861       1.1049850
       6569.8035       1.1053454
       6569.8209       1.1053291
       6569.8383       1.1048736
       6569.8557       1.1040293
       6569.8731       1.1029379
       6569.8905       1.1017822
       6569.9079       1.1007346
       6569.9254       1.0999200
       6569.9428       1.0994037
       6569.9602       1.0991997
       6569.9776       1.0992847
       6569.9950       1.0996136
       6570.0124       1.1001331
       6570.0298       1.1007920
       6570.0472       1.1015456
       6570.0646       1.1023524
       6570.0820       1.1031671
       6570.0995       1.1039356
       6570.1169       1.1046002
       6570.1343       1.1051144
       6570.1517       1.1054607
       6570.1691       1.1056594
       6570.1865       1.1057596
       6570.2039       1.1058138
       6570.2213       1.1058502
       6570.2387       1.1058549
       6570.2562       1.1057776
       6570.2736       1.1055583
       6570.2910       1.1051628
       6570.3084       1.1046107
       6570.3258       1.1039800
       6570.3432       1.1033852
       6570.3606       1.1029368
       6570.3780       1.1026965
       6570.3954       1.1026448
       6570.4128       1.1026747
       6570.4303       1.1026128
       6570.4477       1.1022662
       6570.4651       1.1014774
       6570.4825       1.1001735
       6570.4999       1.0983887
       6570.5173       1.0962530
       6570.5347       1.0939493
       6570.5521       1.0916532
       6570.5695       1.0894796
       6570.5869       1.0874562
       6570.6044       1.0855426
       6570.6218       1.0836830
       6570.6392       1.0818690
       6570.6566       1.0801836
       6570.6740       1.0787985
       6570.6914       1.0779224
       6570.7088       1.0777182
       6570.7262       1.0782261
       6570.7436       1.0793292
       6570.7610       1.0807784
       6570.7785       1.0822677
       6570.7959       1.0835277
       6570.8133       1.0843976
       6570.8307       1.0848511
       6570.8481       1.0849713
       6570.8655       1.0848929
       6570.8829       1.0847413
       6570.9003       1.0845916
       6570.9177       1.0844610
       6570.9352       1.0843306
       6570.9526       1.0841809
       6570.9700       1.0840231
       6570.9874       1.0839105
       6571.0048       1.0839236
       6571.0222       1.0841368
       6571.0396       1.0845809
       6571.0570       1.0852202
       6571.0744       1.0859555
       6571.0918       1.0866512
       6571.1093       1.0871716
       6571.1267       1.0874135
       6571.1441       1.0873215
       6571.1615       1.0868916
       6571.1789       1.0861662
       6571.1963       1.0852313
       6571.2137       1.0842115
       6571.2311       1.0832588
       6571.2485       1.0825260
       6571.2659       1.0821348
       6571.2834       1.0821453
       6571.3008       1.0825383
       6571.3182       1.0832201
       6571.3356       1.0840465
       6571.3530       1.0848601
       6571.3704       1.0855244
       6571.3878       1.0859450
       6571.4052       1.0860712
       6571.4226       1.0858811
       6571.4401       1.0853629
       6571.4575       1.0845046
       6571.4749       1.0832978
       6571.4923       1.0817530
       6571.5097       1.0799137
       6571.5271       1.0778594
       6571.5445       1.0756941
       6571.5619       1.0735269
       6571.5793       1.0714554
       6571.5967       1.0695614
       6571.6142       1.0679187
       6571.6316       1.0666038
       6571.6490       1.0657011
       6571.6664       1.0652933
       6571.6838       1.0654419
       6571.7012       1.0661647
       6571.7186       1.0674214
       6571.7360       1.0691118
       6571.7534       1.0710854
       6571.7708       1.0731579
       6571.7883       1.0751305
       6571.8057       1.0768113
       6571.8231       1.0780397
       6571.8405       1.0787095
       6571.8579       1.0787860
       6571.8753       1.0783173
       6571.8927       1.0774283
       6571.9101       1.0762981
       6571.9275       1.0751408
       6571.9450       1.0741804
       6571.9624       1.0736237
       6571.9798       1.0736308
       6571.9972       1.0742858
       6572.0146       1.0755765
       6572.0320       1.0773917
       6572.0494       1.0795416
       6572.0668       1.0817982
       6572.0842       1.0839410
       6572.1016       1.0857951
       6572.1191       1.0872495
       6572.1365       1.0882581
       6572.1539       1.0888290
       6572.1713       1.0890159
       6572.1887       1.0889139
       6572.2061       1.0886573
       6572.2235       1.0884114
       6572.2409       1.0883502
       6572.2583       1.0886219
       6572.2757       1.0893112
       6572.2932       1.0904138
       6572.3106       1.0918345
       6572.3280       1.0934119
       6572.3454       1.0949629
       6572.3628       1.0963298
       6572.3802       1.0974121
       6572.3976       1.0981725
       6572.4150       1.0986165
       6572.4324       1.0987594
       6572.4498       1.0985950
       6572.4673       1.0980809
       6572.4847       1.0971444
       6572.5021       1.0957055
       6572.5195       1.0937049
       6572.5369       1.0911431
       6572.5543       1.0880918
       6572.5717       1.0846988
       6572.5891       1.0811719
       6572.6065       1.0777441
       6572.6240       1.0746307
       6572.6414       1.0719895
       6572.6588       1.0698969
       6572.6762       1.0683472
       6572.6936       1.0672723
       6572.7110       1.0665726
       6572.7284       1.0661464
       6572.7458       1.0659089
       6572.7632       1.0657976
       6572.7806       1.0657666
       6572.7981       1.0657780
       6572.8155       1.0657957
       6572.8329       1.0657874
       6572.8503       1.0657322
       6572.8677       1.0656301
       6572.8851       1.0655052
       6572.9025       1.0654010
       6572.9199       1.0653659
       6572.9373       1.0654367
       6572.9547       1.0656265
       6572.9722       1.0659207
       6572.9896       1.0662836
       6573.0070       1.0666700
       6573.0244       1.0670395
       6573.0418       1.0673685
       6573.0592       1.0676568
       6573.0766       1.0679242
       6573.0940       1.0681986
       6573.1114       1.0684948
       6573.1289       1.0687957
       6573.1463       1.0690450
       6573.1637       1.0691596
       6573.1811       1.0690622
       6573.1985       1.0687180
       6573.2159       1.0681553
       6573.2333       1.0674608
       6573.2507       1.0667497
       6573.2681       1.0661271
       6573.2855       1.0656597
       6573.3030       1.0653709
       6573.3204       1.0652557
       6573.3378       1.0653034
       6573.3552       1.0655105
       6573.3726       1.0658781
       6573.3900       1.0663951
       6573.4074       1.0670210
       6573.4248       1.0676788
       6573.4422       1.0682663
       6573.4596       1.0686806
       6573.4771       1.0688508
       6573.4945       1.0687643
       6573.5119       1.0684757
       6573.5293       1.0680940
       6573.5467       1.0677484
       6573.5641       1.0675461
       6573.5815       1.0675368
       6573.5989       1.0676998
       6573.6163       1.0679570
       6573.6338       1.0682066
       6573.6512       1.0683634
       6573.6686       1.0683902
       6573.6860       1.0683101
       6573.7034       1.0681963
       6573.7208       1.0681440
       6573.7382       1.0682346
       6573.7556       1.0685035
       6573.7730       1.0689225
       6573.7904       1.0694032
       6573.8079       1.0698209
       6573.8253       1.0700558
       6573.8427       1.0700447
       6573.8601       1.0698174
       6573.8775       1.0695076
       6573.8949       1.0693220
       6573.9123       1.0694709
       6573.9297       1.0700811
       6573.9471       1.0711257
       6573.9645       1.0724067
       6573.9820       1.0736021
       6573.9994       1.0743630
       6574.0168       1.0744223
       6574.0342       1.0736707
       6574.0516       1.0721751
       6574.0690       1.0701387
       6574.0864       1.0678292
       6574.1038       1.0655066
       6574.1212       1.0633745
       6574.1386       1.0615620
       6574.1561       1.0601279
       6574.1735       1.0590747
       6574.1909       1.0583656
       6574.2083       1.0579409
       6574.2257       1.0577341
       6574.2431       1.0576858
       6574.2605       1.0577517
       6574.2779       1.0579028
       6574.2953       1.0581201
       6574.3128       1.0583896
       6574.3302       1.0587058
       6574.3476       1.0590850
       6574.3650       1.0595859
       6574.3824       1.0603265
       6574.3998       1.0614825
       6574.4172       1.0632591
       6574.4346       1.0658353
       6574.4520       1.0692985
       6574.4694       1.0735952
       6574.4869       1.0785036
       6574.5043       1.0836788
       6574.5217       1.0887300
       6574.5391       1.0933097
       6574.5565       1.0971856
       6574.5739       1.1002685
       6574.5913       1.1025897
       6574.6087       1.1042420
       6574.6261       1.1053148
       6574.6435       1.1058500
       6574.6610       1.1058331
       6574.6784       1.1052146
       6574.6958       1.1039442
       6574.7132       1.1019990
       6574.7306       1.0993948
       6574.7480       1.0961833
       6574.7654       1.0924433
       6574.7828       1.0882746
       6574.8002       1.0837962
       6574.8177       1.0791456
       6574.8351       1.0744712
       6574.8525       1.0699151
       6574.8699       1.0655905
       6574.8873       1.0615614
       6574.9047       1.0578351
       6574.9221       1.0543704
       6574.9395       1.0510996
       6574.9569       1.0479582
       6574.9743       1.0449121
       6574.9918       1.0419756
       6575.0092       1.0392144
       6575.0266       1.0367329
       6575.0440       1.0346487
       6575.0614       1.0330604
       6575.0788       1.0320199
       6575.0962       1.0315152
       6575.1136       1.0314738
       6575.1310       1.0317801
       6575.1484       1.0323049
       6575.1659       1.0329439
       6575.1833       1.0336399
       6575.2007       1.0343914
       6575.2181       1.0352435
       6575.2355       1.0362647
       6575.2529       1.0375155
       6575.2703       1.0390220
       6575.2877       1.0407621
       6575.3051       1.0426702
       6575.3226       1.0446555
       6575.3400       1.0466236
       6575.3574       1.0484919
       6575.3748       1.0501945
       6575.3922       1.0516811
       6575.4096       1.0529158
       6575.4270       1.0538797
       6575.4444       1.0545740
       6575.4618       1.0550196
       6575.4792       1.0552525
       6575.4967       1.0553140
       6575.5141       1.0552453
       6575.5315       1.0550850
       6575.5489       1.0548716
       6575.5663       1.0546458
       6575.5837       1.0544484
       6575.6011       1.0543147
       6575.6185       1.0542666
       6575.6359       1.0543073
       6575.6533       1.0544214
       6575.6708       1.0545832
       6575.6882       1.0547699
       6575.7056       1.0549758
       6575.7230       1.0552200
       6575.7404       1.0555406
       6575.7578       1.0559760
       6575.7752       1.0565377
       6575.7926       1.0571871
       6575.8100       1.0578337
       6575.8274       1.0583567
       6575.8449       1.0586438
       6575.8623       1.0586323
       6575.8797       1.0583328
       6575.8971       1.0578240
       6575.9145       1.0572200
       6575.9319       1.0566257
       6575.9493       1.0561019
       6575.9667       1.0556558
       6575.9841       1.0552586
       6576.0016       1.0548757
       6576.0190       1.0544897
       6576.0364       1.0541041
       6576.0538       1.0537263
       6576.0712       1.0533474
       6576.0886       1.0529324
       6576.1060       1.0524285
       6576.1234       1.0517860
       6576.1408       1.0509762
       6576.1582       1.0499977
       6576.1757       1.0488680
       6576.1931       1.0476131
       6576.2105       1.0462635
       6576.2279       1.0448634
       6576.2453       1.0434839
       6576.2627       1.0422267
       6576.2801       1.0412090
       6576.2975       1.0405299
       6576.3149       1.0402333
       6576.3323       1.0402853
       6576.3498       1.0405794
       6576.3672       1.0409673
       6576.3846       1.0413033
       6576.4020       1.0414843
       6576.4194       1.0414712
       6576.4368       1.0412893
       6576.4542       1.0410105
       6576.4716       1.0407239
       6576.4890       1.0405119
       6576.5065       1.0404325
       6576.5239       1.0405115
       6576.5413       1.0407437
       6576.5587       1.0411015
       6576.5761       1.0415450
       6576.5935       1.0420339
       6576.6109       1.0425356
       6576.6283       1.0430317
       6576.6457       1.0435215
       6576.6631       1.0440224
       6576.6806       1.0445647
       6576.6980       1.0451796
       6576.7154       1.0458824
       6576.7328       1.0466567
       6576.7502       1.0474469
       6576.7676       1.0481668
       6576.7850       1.0487204
       6576.8024       1.0490290
       6576.8198       1.0490503
       6576.8372       1.0487853
       6576.8547       1.0482698
       6576.8721       1.0475601
       6576.8895       1.0467206
       6576.9069       1.0458196
       6576.9243       1.0449304
       6576.9417       1.0441330
       6576.9591       1.0435106
       6576.9765       1.0431386
       6576.9939       1.0430685
       6577.0113       1.0433136
       6577.0288       1.0438422
       6577.0462       1.0445823
       6577.0636       1.0454368
       6577.0810       1.0463038
       6577.0984       1.0470957
       6577.1158       1.0477510
       6577.1332       1.0482338
       6577.1506       1.0485274
       6577.1680       1.0486258
       6577.1855       1.0485292
       6577.2029       1.0482440
       6577.2203       1.0477861
       6577.2377       1.0471823
       6577.2551       1.0464687
       6577.2725       1.0456855
       6577.2899       1.0448705
       6577.3073       1.0440527
       6577.3247       1.0432494
       6577.3421       1.0424644
       6577.3596       1.0416910
       6577.3770       1.0409187
       6577.3944       1.0401422
       6577.4118       1.0393702
       6577.4292       1.0386271
       6577.4466       1.0379474
       6577.4640       1.0373645
       6577.4814       1.0369002
       6577.4988       1.0365618
       6577.5162       1.0363464
       6577.5337       1.0362488
       6577.5511       1.0362651
       6577.5685       1.0363878
       6577.5859       1.0365953
       6577.6033       1.0368430
       6577.6207       1.0370659
       6577.6381       1.0371946
       6577.6555       1.0371795
       6577.6729       1.0370126
       6577.6904       1.0367374
       6577.7078       1.0364430
       6577.7252       1.0362484
       6577.7426       1.0362798
       6577.7600       1.0366445
       6577.7774       1.0374077
       6577.7948       1.0385684
       6577.8122       1.0400454
       6577.8296       1.0416828
       6577.8470       1.0432818
       6577.8645       1.0446536
       6577.8819       1.0456729
       6577.8993       1.0463141
       6577.9167       1.0466497
       6577.9341       1.0468133
       6577.9515       1.0469391
       6577.9689       1.0471014
       6577.9863       1.0472789
       6578.0037       1.0473573
       6578.0211       1.0471705
       6578.0386       1.0465650
       6578.0560       1.0454621
       6578.0734       1.0438962
       6578.0908       1.0420152
       6578.1082       1.0400467
       6578.1256       1.0382427
       6578.1430       1.0368245
       6578.1604       1.0359401
       6578.1778       1.0356444
       6578.1953       1.0359022
       6578.2127       1.0366092
       6578.2301       1.0376240
       6578.2475       1.0387986
       6578.2649       1.0399991
       6578.2823       1.0411125
       6578.2997       1.0420428
       6578.3171       1.0427098
       6578.3345       1.0430582
       6578.3519       1.0430771
       6578.3694       1.0428176
       6578.3868       1.0423930
       6578.4042       1.0419535
       6578.4216       1.0416362
       6578.4390       1.0415207
       6578.4564       1.0416031
       6578.4738       1.0418016
       6578.4912       1.0419893
       6578.5086       1.0420398
       6578.5260       1.0418669
       6578.5435       1.0414453
       6578.5609       1.0408071
       6578.5783       1.0400218
       6578.5957       1.0391685
       6578.6131       1.0383140
       6578.6305       1.0375019
       6578.6479       1.0367555
       6578.6653       1.0360887
       6578.6827       1.0355206
       6578.7001       1.0350872
       6578.7176       1.0348439
       6578.7350       1.0348590
       6578.7524       1.0351973
       6578.7698       1.0358979
       6578.7872       1.0369547
       6578.8046       1.0383040
       6578.8220       1.0398256
       6578.8394       1.0413594
       6578.8568       1.0427329
       6578.8743       1.0437963
       6578.8917       1.0444526
       6578.9091       1.0446768
       6578.9265       1.0445162
       6578.9439       1.0440721
       6578.9613       1.0434708
       6578.9787       1.0428329
       6578.9961       1.0422528
       6579.0135       1.0417907
       6579.0309       1.0414779
       6579.0484       1.0413226
       6579.0658       1.0413167
       6579.0832       1.0414360
       6579.1006       1.0416349
       6579.1180       1.0418445
       6579.1354       1.0419809
       6579.1528       1.0419654
       6579.1702       1.0417539
       6579.1876       1.0413604
       6579.2050       1.0408634
       6579.2225       1.0403862
       6579.2399       1.0400602
       6579.2573       1.0399840
       6579.2747       1.0401979
       6579.2921       1.0406803
       6579.3095       1.0413645
       6579.3269       1.0421613
       6579.3443       1.0429801
       6579.3617       1.0437397
       6579.3792       1.0443724
       6579.3966       1.0448263
       6579.4140       1.0450698
       6579.4314       1.0450998
       6579.4488       1.0449491
       6579.4662       1.0446874
       6579.4836       1.0444118
       6579.5010       1.0442267
       6579.5184       1.0442194
       6579.5358       1.0444408
       6579.5533       1.0448953
       6579.5707       1.0455413
       6579.5881       1.0462983
       6579.6055       1.0470578
       6579.6229       1.0476995
       6579.6403       1.0481141
       6579.6577       1.0482296
       6579.6751       1.0480325
       6579.6925       1.0475729
       6579.7099       1.0469506
       6579.7274       1.0462796
       6579.7448       1.0456574
       6579.7622       1.0451459
       6579.7796       1.0447680
       6579.7970       1.0445138
       6579.8144       1.0443500
       6579.8318       1.0442252
       6579.8492       1.0440744
       6579.8666       1.0438275
       6579.8841       1.0434242
       6579.9015       1.0428331
       6579.9189       1.0420659
       6579.9363       1.0411800
       6579.9537       1.0402645
       6579.9711       1.0394161
       6579.9885       1.0387112
       6580.0059       1.0381856
       6580.0233       1.0378247
       6580.0407       1.0375668
       6580.0582       1.0373164
       6580.0756       1.0369634
       6580.0930       1.0364055
       6580.1104       1.0355686
       6580.1278       1.0344234
       6580.1452       1.0329962
       6580.1626       1.0313712
       6580.1800       1.0296831
       6580.1974       1.0280988
       6580.2148       1.0267886
       6580.2323       1.0258944
       6580.2497       1.0255010
       6580.2671       1.0256214
       6580.2845       1.0261987
       6580.3019       1.0271241
       6580.3193       1.0282638
       6580.3367       1.0294865
       6580.3541       1.0306836
       6580.3715       1.0317831
       6580.3889       1.0327492
       6580.4064       1.0335777
       6580.4238       1.0342866
       6580.4412       1.0349081
       6580.4586       1.0354844
       6580.4760       1.0360675
       6580.4934       1.0367218
       6580.5108       1.0375221
       6580.5282       1.0385415
       6580.5456       1.0398280
       6580.5631       1.0413772
       6580.5805       1.0431125
       6580.5979       1.0448889
       6580.6153       1.0465221
       6580.6327       1.0478376
       6580.6501       1.0487207
       6580.6675       1.0491493
       6580.6849       1.0491969
       6580.7023       1.0490060
       6580.7197       1.0487424
       6580.7372       1.0485456
       6580.7546       1.0484916
       6580.7720       1.0485782
       6580.7894       1.0487372
       6580.8068       1.0488659
       6580.8242       1.0488663
       6580.8416       1.0486757
       6580.8590       1.0482801
       6580.8764       1.0477097
       6580.8938       1.0470233
       6580.9113       1.0462917
       6580.9287       1.0455842
       6580.9461       1.0449578
       6580.9635       1.0444496
       6580.9809       1.0440703
       6580.9983       1.0438041
       6581.0157       1.0436158
       6581.0331       1.0434687
       6581.0505       1.0433366
       6581.0680       1.0432067
       6581.0854       1.0430683
       6581.1028       1.0428943
       6581.1202       1.0426302
       6581.1376       1.0421995
       6581.1550       1.0415293
       6581.1724       1.0405813
       6581.1898       1.0393732
       6581.2072       1.0379780
       6581.2246       1.0365018
       6581.2421       1.0350547
       6581.2595       1.0337291
       6581.2769       1.0325964
       6581.2943       1.0317157
       6581.3117       1.0311424
       6581.3291       1.0309240
       6581.3465       1.0310803
       6581.3639       1.0315759
       6581.3813       1.0323017
       6581.3987       1.0330817
       6581.4162       1.0337080
       6581.4336       1.0339961
       6581.4510       1.0338404
       6581.4684       1.0332480
       6581.4858       1.0323389
       6581.5032       1.0313128
       6581.5206       1.0303945
       6581.5380       1.0297761
       6581.5554       1.0295716
       6581.5729       1.0297922
       6581.5903       1.0303480
       6581.6077       1.0310732
       6581.6251       1.0317697
       6581.6425       1.0322586
       6581.6599       1.0324333
       6581.6773       1.0322844
       6581.6947       1.0318974
       6581.7121       1.0314240
       6581.7295       1.0310367
       6581.7470       1.0308842
       6581.7644       1.0310610
       6581.7818       1.0315955
       6581.7992       1.0324562
       6581.8166       1.0335670
       6581.8340       1.0348243
       6581.8514       1.0361124
       6581.8688       1.0373171
       6581.8862       1.0383369
       6581.9036       1.0390927
       6581.9211       1.0395351
       6581.9385       1.0396478
       6581.9559       1.0394469
       6581.9733       1.0389760
       6581.9907       1.0382986
       6582.0081       1.0374878
       6582.0255       1.0366163
       6582.0429       1.0357487
       6582.0603       1.0349377
       6582.0777       1.0342236
       6582.0952       1.0336369
       6582.1126       1.0332004
       6582.1300       1.0329288
       6582.1474       1.0328252
       6582.1648       1.0328777
       6582.1822       1.0330572
       6582.1996       1.0333203
       6582.2170       1.0336181
       6582.2344       1.0339083
       6582.2519       1.0341665
       6582.2693       1.0343913
       6582.2867       1.0345985
       6582.3041       1.0348082
       6582.3215       1.0350291
       6582.3389       1.0352491
       6582.3563       1.0354395
       6582.3737       1.0355689
       6582.3911       1.0356213
       6582.4085       1.0356087
       6582.4260       1.0355710
       6582.4434       1.0355631
       6582.4608       1.0356348
       6582.4782       1.0358120
       6582.4956       1.0360849
       6582.5130       1.0364088
       6582.5304       1.0367166
       6582.5478       1.0369386
       6582.5652       1.0370257
       6582.5826       1.0369673
       6582.6001       1.0367976
       6582.6175       1.0365874
       6582.6349       1.0364210
       6582.6523       1.0363640
       6582.6697       1.0364328
       6582.6871       1.0365770
       6582.7045       1.0366845
       6582.7219       1.0366108
       6582.7393       1.0362258
       6582.7568       1.0354598
       6582.7742       1.0343337
       6582.7916       1.0329604
       6582.8090       1.0315197
       6582.8264       1.0302182
       6582.8438       1.0292516
       6582.8612       1.0287760
       6582.8786       1.0288917
       6582.8960       1.0296319
       6582.9134       1.0309555
       6582.9309       1.0327468
       6582.9483       1.0348315
       6582.9657       1.0370071
       6582.9831       1.0390935
       6583.0005       1.0409665
       6583.0179       1.0425732
       6583.0353       1.0439214
       6583.0527       1.0450547
       6583.0701       1.0460267
       6583.0875       1.0468854
       6583.1050       1.0476708
       6583.1224       1.0484181
       6583.1398       1.0491587
       6583.1572       1.0499143
       6583.1746       1.0506872
       6583.1920       1.0514523
       6583.2094       1.0521595
       6583.2268       1.0527483
       6583.2442       1.0531713
       6583.2617       1.0534154
       6583.2791       1.0535095
       6583.2965       1.0535121
       6583.3139       1.0534823
       6583.3313       1.0534487
       6583.3487       1.0533906
       6583.3661       1.0532433
       6583.3835       1.0529243
       6583.4009       1.0523676
       6583.4183       1.0515459
       6583.4358       1.0504722
       6583.4532       1.0491807
       6583.4706       1.0477027
       6583.4880       1.0460514
       6583.5054       1.0442260
       6583.5228       1.0422296
       6583.5402       1.0400883
       6583.5576       1.0378573
       6583.5750       1.0356095
       6583.5924       1.0334132
       6583.6099       1.0313140
       6583.6273       1.0293295
       6583.6447       1.0274622
       6583.6621       1.0257204
       6583.6795       1.0241349
       6583.6969       1.0227630
       6583.7143       1.0216795
       6583.7317       1.0209573
       6583.7491       1.0206443
       6583.7665       1.0207437
       6583.7840       1.0212024
       6583.8014       1.0219133
       6583.8188       1.0227339
       6583.8362       1.0235169
       6583.8536       1.0241434
       6583.8710       1.0245483
       6583.8884       1.0247284
       6583.9058       1.0247359
       6583.9232       1.0246641
       6583.9407       1.0246323
       6583.9581       1.0247737
       6583.9755       1.0252196
       6583.9929       1.0260756
       6584.0103       1.0273899
       6584.0277       1.0291255
       6584.0451       1.0311487
       6584.0625       1.0332485
       6584.0799       1.0351832
       6584.0973       1.0367408
       6584.1148       1.0377918
       6584.1322       1.0383141
       6584.1496       1.0383835
       6584.1670       1.0381374
       6584.1844       1.0377280
       6584.2018       1.0372815
       6584.2192       1.0368745
       6584.2366       1.0365267
       6584.2540       1.0362067
       6584.2714       1.0358428
       6584.2889       1.0353452
       6584.3063       1.0346311
       6584.3237       1.0336543
       6584.3411       1.0324274
       6584.3585       1.0310239
       6584.3759       1.0295553
       6584.3933       1.0281335
       6584.4107       1.0268367
       6584.4281       1.0256978
       6584.4456       1.0247203
       6584.4630       1.0239090
       6584.4804       1.0232950
       6584.4978       1.0229397
       6584.5152       1.0229130
       6584.5326       1.0232578
       6584.5500       1.0239570
       6584.5674       1.0249187
       6584.5848       1.0259839
       6584.6022       1.0269539
       6584.6197       1.0276298
       6584.6371       1.0278524
       6584.6545       1.0275359
       6584.6719       1.0266872
       6584.6893       1.0254073
       6584.7067       1.0238732
       6584.7241       1.0223033
       6584.7415       1.0209151
       6584.7589       1.0198864
       6584.7763       1.0193302
       6584.7938       1.0192877
       6584.8112       1.0197380
       6584.8286       1.0206177
       6584.8460       1.0218417
       6584.8634       1.0233181
       6584.8808       1.0249568
       6584.8982       1.0266710
       6584.9156       1.0283749
       6584.9330       1.0299850
       6584.9505       1.0314223
       6584.9679       1.0326177
       6584.9853       1.0335189
       6585.0027       1.0340964
