# Angstrom [air],  flux [abs.cor.cont.sub+1]
       6544.9962       1.0061207
       6545.0136       1.0023179
       6545.0310      0.99907958
       6545.0484      0.99677007
       6545.0658      0.99558447
       6545.0832      0.99552752
       6545.1006      0.99645309
       6545.1180      0.99813495
       6545.1355       1.0003288
       6545.1529       1.0028000
       6545.1703       1.0053187
       6545.1877       1.0076473
       6545.2051       1.0095524
       6545.2225       1.0108398
       6545.2399       1.0114080
       6545.2573       1.0112903
       6545.2747       1.0106577
       6545.2921       1.0097757
       6545.3096       1.0089232
       6545.3270       1.0083037
       6545.3444       1.0079848
       6545.3618       1.0078933
       6545.3792       1.0078736
       6545.3966       1.0077911
       6545.4140       1.0076367
       6545.4314       1.0075863
       6545.4488       1.0079811
       6545.4663       1.0092315
       6545.4837       1.0116793
       6545.5011       1.0154782
       6545.5185       1.0205457
       6545.5359       1.0266113
       6545.5533       1.0333383
       6545.5707       1.0404646
       6545.5881       1.0478971
       6545.6055       1.0557200
       6545.6229       1.0641233
       6545.6404       1.0732925
       6545.6578       1.0833136
       6545.6752       1.0941289
       6545.6926       1.1055435
       6545.7100       1.1172580
       6545.7274       1.1289029
       6545.7448       1.1400633
       6545.7622       1.1503044
       6545.7796       1.1592082
       6545.7971       1.1664254
       6545.8145       1.1717273
       6545.8319       1.1750388
       6545.8493       1.1764517
       6545.8667       1.1761704
       6545.8841       1.1744529
       6545.9015       1.1715353
       6545.9189       1.1675649
       6545.9363       1.1625577
       6545.9537       1.1564009
       6545.9712       1.1489039
       6545.9886       1.1398903
       6546.0060       1.1292991
       6546.0234       1.1172518
       6546.0408       1.1040521
       6546.0582       1.0901105
       6546.0756       1.0758228
       6546.0930       1.0614557
       6546.1104       1.0470890
       6546.1278       1.0326364
       6546.1453       1.0179337
       6546.1627       1.0028561
       6546.1801      0.98742444
       6546.1975      0.97187055
       6546.2149      0.95664885
       6546.2323      0.94239106
       6546.2497      0.92980984
       6546.2671      0.91956745
       6546.2845      0.91213940
       6546.3020      0.90771175
       6546.3194      0.90614551
       6546.3368      0.90702019
       6546.3542      0.90974060
       6546.3716      0.91367013
       6546.3890      0.91824843
       6546.4064      0.92306262
       6546.4238      0.92786127
       6546.4412      0.93252200
       6546.4586      0.93699879
       6546.4761      0.94127746
       6546.4935      0.94536495
       6546.5109      0.94929957
       6546.5283      0.95316943
       6546.5457      0.95711294
       6546.5631      0.96128912
       6546.5805      0.96582857
       6546.5979      0.97078745
       6546.6153      0.97612316
       6546.6328      0.98169746
       6546.6502      0.98730117
       6546.6676      0.99269205
       6546.6850      0.99763866
       6546.7024       1.0019628
       6546.7198       1.0055697
       6546.7372       1.0084529
       6546.7546       1.0106700
       6546.7720       1.0122944
       6546.7894       1.0133645
       6546.8069       1.0138522
       6546.8243       1.0136702
       6546.8417       1.0127185
       6546.8591       1.0109574
       6546.8765       1.0084807
       6546.8939       1.0055558
       6546.9113       1.0026086
       6546.9287       1.0001485
       6546.9461      0.99865289
       6546.9635      0.99845079
       6546.9810      0.99964445
       6546.9984       1.0020952
       6547.0158       1.0054731
       6547.0332       1.0093485
       6547.0506       1.0132909
       6547.0680       1.0169434
       6547.0854       1.0200541
       6547.1028       1.0224655
       6547.1202       1.0240788
       6547.1377       1.0248231
       6547.1551       1.0246632
       6547.1725       1.0236133
       6547.1899       1.0217774
       6547.2073       1.0193613
       6547.2247       1.0166438
       6547.2421       1.0139122
       6547.2595       1.0113915
       6547.2769       1.0092050
       6547.2943       1.0073821
       6547.3118       1.0059046
       6547.3292       1.0047605
       6547.3466       1.0039748
       6547.3640       1.0036032
       6547.3814       1.0036980
       6547.3988       1.0042699
       6547.4162       1.0052644
       6547.4336       1.0065639
       6547.4510       1.0080128
       6547.4685       1.0094554
       6547.4859       1.0107771
       6547.5033       1.0119381
       6547.5207       1.0129896
       6547.5381       1.0140611
       6547.5555       1.0153163
       6547.5729       1.0168860
       6547.5903       1.0188000
       6547.6077       1.0209470
       6547.6251       1.0230850
       6547.6426       1.0249031
       6547.6600       1.0261169
       6547.6774       1.0265602
       6547.6948       1.0262388
       6547.7122       1.0253291
       6547.7296       1.0241226
       6547.7470       1.0229416
       6547.7644       1.0220544
       6547.7818       1.0216135
       6547.7992       1.0216173
       6547.8167       1.0219202
       6547.8341       1.0222719
       6547.8515       1.0223840
       6547.8689       1.0220170
       6547.8863       1.0210670
       6547.9037       1.0196201
       6547.9211       1.0179457
       6547.9385       1.0164156
       6547.9559       1.0153732
       6547.9734       1.0150039
       6547.9908       1.0152691
       6548.0082       1.0159384
       6548.0256       1.0167051
       6548.0430       1.0173272
       6548.0604       1.0177205
       6548.0778       1.0179605
       6548.0952       1.0182032
       6548.1126       1.0185739
       6548.1300       1.0190841
       6548.1475       1.0196123
       6548.1649       1.0199469
       6548.1823       1.0198621
       6548.1997       1.0191980
       6548.2171       1.0179185
       6548.2345       1.0161375
       6548.2519       1.0141038
       6548.2693       1.0121426
       6548.2867       1.0105639
       6548.3042       1.0095613
       6548.3216       1.0091440
       6548.3390       1.0091313
       6548.3564       1.0092204
       6548.3738       1.0091010
       6548.3912       1.0085718
       6548.4086       1.0076143
       6548.4260       1.0063983
       6548.4434       1.0052265
       6548.4608       1.0044292
       6548.4783       1.0042587
       6548.4957       1.0048170
       6548.5131       1.0060389
       6548.5305       1.0077369
       6548.5479       1.0096866
       6548.5653       1.0117113
       6548.5827       1.0137182
       6548.6001       1.0156675
       6548.6175       1.0174921
       6548.6349       1.0190218
       6548.6524       1.0199666
       6548.6698       1.0199812
       6548.6872       1.0187920
       6548.7046       1.0163270
       6548.7220       1.0127911
       6548.7394       1.0086524
       6548.7568       1.0045426
       6548.7742       1.0011064
       6548.7916      0.99885036
       6548.8091      0.99803548
       6548.8265      0.99864221
       6548.8439       1.0004146
       6548.8613       1.0029675
       6548.8787       1.0059213
       6548.8961       1.0090194
       6548.9135       1.0121863
       6548.9309       1.0155032
       6548.9483       1.0191100
       6548.9657       1.0230729
       6548.9832       1.0272772
       6549.0006       1.0313984
       6549.0180       1.0349735
       6549.0354       1.0375495
       6549.0528       1.0388507
       6549.0702       1.0388914
       6549.0876       1.0379814
       6549.1050       1.0366367
       6549.1224       1.0353863
       6549.1398       1.0346133
       6549.1573       1.0344615
       6549.1747       1.0348351
       6549.1921       1.0354765
       6549.2095       1.0360712
       6549.2269       1.0363356
       6549.2443       1.0360619
       6549.2617       1.0351239
       6549.2791       1.0334659
       6549.2965       1.0310965
       6549.3140       1.0280993
       6549.3314       1.0246506
       6549.3488       1.0210230
       6549.3662       1.0175488
       6549.3836       1.0145404
       6549.4010       1.0121887
       6549.4184       1.0104880
       6549.4358       1.0092346
       6549.4532       1.0081130
       6549.4706       1.0068387
       6549.4881       1.0052916
       6549.5055       1.0035722
       6549.5229       1.0019577
       6549.5403       1.0007836
       6549.5577       1.0003152
       6549.5751       1.0006679
       6549.5925       1.0017967
       6549.6099       1.0035386
       6549.6273       1.0056672
       6549.6448       1.0079371
       6549.6622       1.0101143
       6549.6796       1.0120059
       6549.6970       1.0134896
       6549.7144       1.0145316
       6549.7318       1.0151757
       6549.7492       1.0155114
       6549.7666       1.0156360
       6549.7840       1.0156440
       6549.8014       1.0156504
       6549.8189       1.0158182
       6549.8363       1.0163536
       6549.8537       1.0174494
       6549.8711       1.0191963
       6549.8885       1.0215103
       6549.9059       1.0241229
       6549.9233       1.0266549
       6549.9407       1.0287466
       6549.9581       1.0301878
       6549.9755       1.0309892
       6549.9930       1.0313627
       6550.0104       1.0316261
       6550.0278       1.0320766
       6550.0452       1.0328852
       6550.0626       1.0340433
       6550.0800       1.0353634
       6550.0974       1.0365149
       6550.1148       1.0370799
       6550.1322       1.0366253
       6550.1497       1.0347946
       6550.1671       1.0314153
       6550.1845       1.0265946
       6550.2019       1.0207647
       6550.2193       1.0146393
       6550.2367       1.0090781
       6550.2541       1.0048893
       6550.2715       1.0026367
       6550.2889       1.0025192
       6550.3063       1.0043648
       6550.3238       1.0077340
       6550.3412       1.0120814
       6550.3586       1.0169026
       6550.3760       1.0218121
       6550.3934       1.0265328
       6550.4108       1.0308425
       6550.4282       1.0345169
       6550.4456       1.0373244
       6550.4630       1.0390768
       6550.4805       1.0397034
       6550.4979       1.0393072
       6550.5153       1.0381741
       6550.5327       1.0367275
       6550.5501       1.0354438
       6550.5675       1.0347499
       6550.5849       1.0349238
       6550.6023       1.0360255
       6550.6197       1.0378777
       6550.6371       1.0401125
       6550.6546       1.0422725
       6550.6720       1.0439348
       6550.6894       1.0448115
       6550.7068       1.0447942
       6550.7242       1.0439340
       6550.7416       1.0423820
       6550.7590       1.0403232
       6550.7764       1.0379362
       6550.7938       1.0353865
       6550.8112       1.0328437
       6550.8287       1.0305007
       6550.8461       1.0285781
       6550.8635       1.0273017
       6550.8809       1.0268560
       6550.8983       1.0273264
       6550.9157       1.0286526
       6550.9331       1.0306207
       6550.9505       1.0329107
       6550.9679       1.0351943
       6550.9854       1.0372455
       6551.0028       1.0390116
       6551.0202       1.0406012
       6551.0376       1.0421904
       6551.0550       1.0438913
       6551.0724       1.0456584
       6551.0898       1.0472921
       6551.1072       1.0485317
       6551.1246       1.0491818
       6551.1420       1.0491994
       6551.1595       1.0487004
       6551.1769       1.0478954
       6551.1943       1.0470046
       6551.2117       1.0462010
       6551.2291       1.0455947
       6551.2465       1.0452390
       6551.2639       1.0451297
       6551.2813       1.0451953
       6551.2987       1.0452986
       6551.3162       1.0452775
       6551.3336       1.0450252
       6551.3510       1.0445708
       6551.3684       1.0441046
       6551.3858       1.0439165
       6551.4032       1.0442624
       6551.4206       1.0452237
       6551.4380       1.0466356
       6551.4554       1.0481283
       6551.4728       1.0492685
       6551.4903       1.0497386
       6551.5077       1.0494712
       6551.5251       1.0486835
       6551.5425       1.0477976
       6551.5599       1.0472880
       6551.5773       1.0475189
       6551.5947       1.0486352
       6551.6121       1.0505367
       6551.6295       1.0529313
       6551.6469       1.0554308
       6551.6644       1.0576497
       6551.6818       1.0592744
       6551.6992       1.0600894
       6551.7166       1.0599872
       6551.7340       1.0589322
       6551.7514       1.0569481
       6551.7688       1.0541192
       6551.7862       1.0506067
       6551.8036       1.0466631
       6551.8211       1.0426220
       6551.8385       1.0388525
       6551.8559       1.0356894
       6551.8733       1.0333642
       6551.8907       1.0319653
       6551.9081       1.0314409
       6551.9255       1.0316350
       6551.9429       1.0323395
       6551.9603       1.0333401
       6551.9777       1.0344482
       6551.9952       1.0355154
       6552.0126       1.0364366
       6552.0300       1.0371459
       6552.0474       1.0376083
       6552.0648       1.0378144
       6552.0822       1.0377775
       6552.0996       1.0375373
       6552.1170       1.0371650
       6552.1344       1.0367696
       6552.1519       1.0365016
       6552.1693       1.0365534
       6552.1867       1.0371485
       6552.2041       1.0385092
       6552.2215       1.0407921
       6552.2389       1.0440070
       6552.2563       1.0479527
       6552.2737       1.0522144
       6552.2911       1.0562480
       6552.3085       1.0595305
       6552.3260       1.0617198
       6552.3434       1.0627480
       6552.3608       1.0628328
       6552.3782       1.0623549
       6552.3956       1.0616939
       6552.4130       1.0610815
       6552.4304       1.0605209
       6552.4478       1.0598061
       6552.4652       1.0586322
       6552.4826       1.0567502
       6552.5001       1.0541019
       6552.5175       1.0508778
       6552.5349       1.0474760
       6552.5523       1.0443829
       6552.5697       1.0420297
       6552.5871       1.0406796
       6552.6045       1.0403839
       6552.6219       1.0410139
       6552.6393       1.0423462
       6552.6568       1.0441672
       6552.6742       1.0463570
       6552.6916       1.0489215
       6552.7090       1.0519620
       6552.7264       1.0555939
       6552.7438       1.0598491
       6552.7612       1.0646054
       6552.7786       1.0695757
       6552.7960       1.0743638
       6552.8134       1.0785604
       6552.8309       1.0818389
       6552.8483       1.0840130
       6552.8657       1.0850443
       6552.8831       1.0850152
       6552.9005       1.0840924
       6552.9179       1.0825017
       6552.9353       1.0805135
       6552.9527       1.0784276
       6552.9701       1.0765457
       6552.9875       1.0751326
       6553.0050       1.0743727
       6553.0224       1.0743260
       6553.0398       1.0749292
       6553.0572       1.0760128
       6553.0746       1.0773511
       6553.0920       1.0787338
       6553.1094       1.0800315
       6553.1268       1.0812252
       6553.1442       1.0823721
       6553.1617       1.0835135
       6553.1791       1.0845651
       6553.1965       1.0852538
       6553.2139       1.0851510
       6553.2313       1.0838086
       6553.2487       1.0809460
       6553.2661       1.0766025
       6553.2835       1.0711804
       6553.3009       1.0653547
       6553.3183       1.0598844
       6553.3358       1.0554058
       6553.3532       1.0522847
       6553.3706       1.0505770
       6553.3880       1.0500917
       6553.4054       1.0505149
       6553.4228       1.0515381
       6553.4402       1.0529456
       6553.4576       1.0546440
       6553.4750       1.0566396
       6553.4925       1.0589858
       6553.5099       1.0617253
       6553.5273       1.0648474
       6553.5447       1.0682711
       6553.5621       1.0718521
       6553.5795       1.0754046
       6553.5969       1.0787269
       6553.6143       1.0816250
       6553.6317       1.0839383
       6553.6491       1.0855629
       6553.6666       1.0864855
       6553.6840       1.0867685
       6553.7014       1.0865078
       6553.7188       1.0857647
       6553.7362       1.0845099
       6553.7536       1.0826231
       6553.7710       1.0799673
       6553.7884       1.0765152
       6553.8058       1.0724644
       6553.8232       1.0682812
       6553.8407       1.0646375
       6553.8581       1.0622565
       6553.8755       1.0617219
       6553.8929       1.0633163
       6553.9103       1.0669392
       6553.9277       1.0721233
       6553.9451       1.0781327
       6553.9625       1.0841092
       6553.9799       1.0892283
       6553.9974       1.0928311
       6554.0148       1.0945149
       6554.0322       1.0941716
       6554.0496       1.0919774
       6554.0670       1.0883406
       6554.0844       1.0838232
       6554.1018       1.0790550
       6554.1192       1.0746530
       6554.1366       1.0711531
       6554.1540       1.0689548
       6554.1715       1.0682777
       6554.1889       1.0691324
       6554.2063       1.0713159
       6554.2237       1.0744398
       6554.2411       1.0779934
       6554.2585       1.0814336
       6554.2759       1.0842861
       6554.2933       1.0862377
       6554.3107       1.0872088
       6554.3282       1.0873766
       6554.3456       1.0871117
       6554.3630       1.0868694
       6554.3804       1.0870441
       6554.3978       1.0878438
       6554.4152       1.0892339
       6554.4326       1.0909675
       6554.4500       1.0926842
       6554.4674       1.0940299
       6554.4848       1.0947547
       6554.5023       1.0947676
       6554.5197       1.0941509
       6554.5371       1.0931422
       6554.5545       1.0920885
       6554.5719       1.0913687
       6554.5893       1.0912933
       6554.6067       1.0920082
       6554.6241       1.0934415
       6554.6415       1.0953235
       6554.6589       1.0972744
       6554.6764       1.0989220
       6554.6938       1.1000001
       6554.7112       1.1003928
       6554.7286       1.1001254
       6554.7460       1.0993213
       6554.7634       1.0981560
       6554.7808       1.0968201
       6554.7982       1.0954998
       6554.8156       1.0943729
       6554.8331       1.0936207
       6554.8505       1.0934485
       6554.8679       1.0940969
       6554.8853       1.0958162
       6554.9027       1.0987922
       6554.9201       1.1030396
       6554.9375       1.1083161
       6554.9549       1.1141204
       6554.9723       1.1197976
       6554.9897       1.1247599
       6555.0072       1.1286797
       6555.0246       1.1315872
       6555.0420       1.1338145
       6555.0594       1.1358051
       6555.0768       1.1378773
       6555.0942       1.1400451
       6555.1116       1.1419702
       6555.1290       1.1430542
       6555.1464       1.1426269
       6555.1639       1.1401560
       6555.1813       1.1354103
       6555.1987       1.1285305
       6555.2161       1.1199980
       6555.2335       1.1105191
       6555.2509       1.1008634
       6555.2683       1.0917026
       6555.2857       1.0834905
       6555.3031       1.0764112
       6555.3205       1.0704020
       6555.3380       1.0652403
       6555.3554       1.0606653
       6555.3728       1.0564956
       6555.3902       1.0527044
       6555.4076       1.0494262
       6555.4250       1.0468926
       6555.4424       1.0453252
       6555.4598       1.0448288
       6555.4772       1.0453316
       6555.4946       1.0465965
       6555.5121       1.0483022
       6555.5295       1.0501590
       6555.5469       1.0520072
       6555.5643       1.0538527
       6555.5817       1.0558201
       6555.5991       1.0580491
       6555.6165       1.0605883
       6555.6339       1.0633520
       6555.6513       1.0661700
       6555.6688       1.0688890
       6555.6862       1.0714616
       6555.7036       1.0739652
       6555.7210       1.0765383
       6555.7384       1.0792789
       6555.7558       1.0821714
       6555.7732       1.0850846
       6555.7906       1.0878361
       6555.8080       1.0902737
       6555.8254       1.0923236
       6555.8429       1.0939810
       6555.8603       1.0952617
       6555.8777       1.0961512
       6555.8951       1.0965856
       6555.9125       1.0964706
       6555.9299       1.0957243
       6555.9473       1.0943212
       6555.9647       1.0923196
       6555.9821       1.0898710
       6555.9996       1.0872111
       6556.0170       1.0846360
       6556.0344       1.0824592
       6556.0518       1.0809543
       6556.0692       1.0802921
       6556.0866       1.0804969
       6556.1040       1.0814436
       6556.1214       1.0829013
       6556.1388       1.0846120
       6556.1562       1.0863706
       6556.1737       1.0880728
       6556.1911       1.0897123
       6556.2085       1.0913348
       6556.2259       1.0929796
       6556.2433       1.0946444
       6556.2607       1.0962934
       6556.2781       1.0979023
       6556.2955       1.0995016
       6556.3129       1.1011841
       6556.3303       1.1030622
       6556.3478       1.1051943
       6556.3652       1.1075174
       6556.3826       1.1098245
       6556.4000       1.1118010
       6556.4174       1.1131097
       6556.4348       1.1134937
       6556.4522       1.1128636
       6556.4696       1.1113393
       6556.4870       1.1092313
       6556.5045       1.1069628
       6556.5219       1.1049581
       6556.5393       1.1035333
       6556.5567       1.1028277
       6556.5741       1.1027943
       6556.5915       1.1032410
       6556.6089       1.1038991
       6556.6263       1.1044912
       6556.6437       1.1047851
       6556.6611       1.1046349
       6556.6786       1.1040091
       6556.6960       1.1030027
       6556.7134       1.1018191
       6556.7308       1.1007128
       6556.7482       1.0999051
       6556.7656       1.0995043
       6556.7830       1.0994705
       6556.8004       1.0996441
       6556.8178       1.0998248
       6556.8352       1.0998580
       6556.8527       1.0996855
       6556.8701       1.0993410
       6556.8875       1.0989065
       6556.9049       1.0984594
       6556.9223       1.0980394
       6556.9397       1.0976415
       6556.9571       1.0972305
       6556.9745       1.0967652
       6556.9919       1.0962275
       6557.0094       1.0956503
       6557.0268       1.0951344
       6557.0442       1.0948377
       6557.0616       1.0949325
       6557.0790       1.0955429
       6557.0964       1.0966882
       6557.1138       1.0982564
       6557.1312       1.1000185
       6557.1486       1.1016731
       6557.1660       1.1029092
       6557.1835       1.1034760
       6557.2009       1.1032508
       6557.2183       1.1022906
       6557.2357       1.1008423
       6557.2531       1.0992901
       6557.2705       1.0980427
       6557.2879       1.0973966
       6557.3053       1.0974347
       6557.3227       1.0980102
       6557.3402       1.0988243
       6557.3576       1.0995620
       6557.3750       1.1000206
       6557.3924       1.1001795
       6557.4098       1.1001940
       6557.4272       1.1003305
       6557.4446       1.1008810
       6557.4620       1.1020850
       6557.4794       1.1040722
       6557.4968       1.1068262
       6557.5143       1.1101712
       6557.5317       1.1137888
       6557.5491       1.1172746
       6557.5665       1.1202265
       6557.5839       1.1223610
       6557.6013       1.1235836
       6557.6187       1.1240063
       6557.6361       1.1238972
       6557.6535       1.1235857
       6557.6709       1.1233627
       6557.6884       1.1234126
       6557.7058       1.1237924
       6557.7232       1.1244511
       6557.7406       1.1252678
       6557.7580       1.1260908
       6557.7754       1.1267687
       6557.7928       1.1271734
       6557.8102       1.1272191
       6557.8276       1.1268753
       6557.8451       1.1261722
       6557.8625       1.1251968
       6557.8799       1.1240834
       6557.8973       1.1230071
       6557.9147       1.1221801
       6557.9321       1.1218464
       6557.9495       1.1222590
       6557.9669       1.1236316
       6557.9843       1.1260689
       6558.0017       1.1294994
       6558.0192       1.1336399
       6558.0366       1.1380178
       6558.0540       1.1420546
       6558.0714       1.1451913
       6558.0888       1.1470212
       6558.1062       1.1473872
       6558.1236       1.1464109
       6558.1410       1.1444425
       6558.1584       1.1419448
       6558.1759       1.1393493
       6558.1933       1.1369295
       6558.2107       1.1347339
       6558.2281       1.1325974
       6558.2455       1.1302421
       6558.2629       1.1274216
       6558.2803       1.1240590
       6558.2977       1.1203269
       6558.3151       1.1166330
       6558.3325       1.1135122
       6558.3500       1.1114655
       6558.3674       1.1108075
       6558.3848       1.1115760
       6558.4022       1.1135319
       6558.4196       1.1162393
       6558.4370       1.1191940
       6558.4544       1.1219565
       6558.4718       1.1242510
       6558.4892       1.1260096
       6558.5066       1.1273549
       6558.5241       1.1285368
       6558.5415       1.1298453
       6558.5589       1.1315243
       6558.5763       1.1337056
       6558.5937       1.1363759
       6558.6111       1.1393790
       6558.6285       1.1424521
       6558.6459       1.1452831
       6558.6633       1.1475717
       6558.6808       1.1490792
       6558.6982       1.1496586
       6558.7156       1.1492691
       6558.7330       1.1479829
       6558.7504       1.1459905
       6558.7678       1.1435995
       6558.7852       1.1412127
       6558.8026       1.1392762
       6558.8200       1.1382010
       6558.8374       1.1382784
       6558.8549       1.1396208
       6558.8723       1.1421376
       6558.8897       1.1455539
       6558.9071       1.1494800
       6558.9245       1.1534721
       6558.9419       1.1570968
       6558.9593       1.1599927
       6558.9767       1.1619293
       6558.9941       1.1628550
       6559.0116       1.1629167
       6559.0290       1.1624319
       6559.0464       1.1618095
       6559.0638       1.1614401
       6559.0812       1.1615954
       6559.0986       1.1623749
       6559.1160       1.1637187
       6559.1334       1.1654714
       6559.1508       1.1674623
       6559.1682       1.1695656
       6559.1857       1.1717189
       6559.2031       1.1738999
       6559.2205       1.1760810
       6559.2379       1.1781842
       6559.2553       1.1800602
       6559.2727       1.1815032
       6559.2901       1.1823007
       6559.3075       1.1823026
       6559.3249       1.1814829
       6559.3423       1.1799690
       6559.3598       1.1780216
       6559.3772       1.1759681
       6559.3946       1.1741065
       6559.4120       1.1726076
       6559.4294       1.1714453
       6559.4468       1.1703753
       6559.4642       1.1689795
       6559.4816       1.1667693
       6559.4990       1.1633296
       6559.5165       1.1584529
       6559.5339       1.1522665
       6559.5513       1.1452172
       6559.5687       1.1379932
       6559.5861       1.1313794
       6559.6035       1.1260956
       6559.6209       1.1226699
       6559.6383       1.1213782
       6559.6557       1.1222525
       6559.6731       1.1251323
       6559.6906       1.1297270
       6559.7080       1.1356624
       6559.7254       1.1425060
       6559.7428       1.1497833
       6559.7602       1.1570074
       6559.7776       1.1637340
       6559.7950       1.1696376
       6559.8124       1.1745767
       6559.8298       1.1786137
       6559.8473       1.1819651
       6559.8647       1.1848977
       6559.8821       1.1876126
       6559.8995       1.1901736
       6559.9169       1.1925112
       6559.9343       1.1944934
       6559.9517       1.1960190
       6559.9691       1.1970825
       6559.9865       1.1977780
       6560.0039       1.1982464
       6560.0214       1.1986014
       6560.0388       1.1988772
       6560.0562       1.1990260
       6560.0736       1.1989657
       6560.0910       1.1986519
       6560.1084       1.1981378
       6560.1258       1.1975915
       6560.1432       1.1972618
       6560.1606       1.1974038
       6560.1780       1.1981865
       6560.1955       1.1996156
       6560.2129       1.2015189
       6560.2303       1.2035801
       6560.2477       1.2054305
       6560.2651       1.2067762
       6560.2825       1.2075272
       6560.2999       1.2078831
       6560.3173       1.2083334
       6560.3347       1.2095502
       6560.3522       1.2121905
       6560.3696       1.2166671
       6560.3870       1.2229743
       6560.4044       1.2306381
       6560.4218       1.2388162
       6560.4392       1.2465104
       6560.4566       1.2528117
       6560.4740       1.2570959
       6560.4914       1.2591204
       6560.5088       1.2590196
       6560.5263       1.2572310
       6560.5437       1.2543899
       6560.5611       1.2512227
       6560.5785       1.2484462
       6560.5959       1.2466778
       6560.6133       1.2463615
       6560.6307       1.2477203
       6560.6481       1.2507438
       6560.6655       1.2552136
       6560.6829       1.2607579
       6560.7004       1.2669249
       6560.7178       1.2732611
       6560.7352       1.2793808
       6560.7526       1.2850149
       6560.7700       1.2900351
       6560.7874       1.2944553
       6560.8048       1.2984188
       6560.8222       1.3021712
       6560.8396       1.3060145
       6560.8571       1.3102212
       6560.8745       1.3149395
       6560.8919       1.3201160
       6560.9093       1.3254918
       6560.9267       1.3306995
       6560.9441       1.3354409
       6560.9615       1.3396622
       6560.9789       1.3436336
       6560.9963       1.3478742
       6561.0137       1.3529453
       6561.0312       1.3592034
       6561.0486       1.3666295
       6561.0660       1.3748174
       6561.0834       1.3831263
       6561.1008       1.3909319
       6561.1182       1.3978726
       6561.1356       1.4039945
       6561.1530       1.4097479
       6561.1704       1.4158452
       6561.1879       1.4230421
       6561.2053       1.4319274
       6561.2227       1.4427918
       6561.2401       1.4556077
       6561.2575       1.4701029
       6561.2749       1.4858757
       6561.2923       1.5024973
       6561.3097       1.5195706
       6561.3271       1.5367515
       6561.3445       1.5537591
       6561.3620       1.5703999
       6561.3794       1.5866100
       6561.3968       1.6024919
       6561.4142       1.6183143
       6561.4316       1.6344547
       6561.4490       1.6512897
       6561.4664       1.6690728
       6561.4838       1.6878360
       6561.5012       1.7073781
       6561.5186       1.7273470
       6561.5361       1.7473721
       6561.5535       1.7672021
       6561.5709       1.7867861
       6561.5883       1.8062671
       6561.6057       1.8258969
       6561.6231       1.8459211
       6561.6405       1.8664927
       6561.6579       1.8876548
       6561.6753       1.9093889
       6561.6928       1.9316910
       6561.7102       1.9546258
       6561.7276       1.9783271
       6561.7450       2.0029418
       6561.7624       2.0285454
       6561.7798       2.0550623
       6561.7972       2.0822247
       6561.8146       2.1095906
       6561.8320       2.1366244
       6561.8494       2.1628195
       6561.8669       2.1878199
       6561.8843       2.2114891
       6561.9017       2.2338901
       6561.9191       2.2551796
       6561.9365       2.2754634
       6561.9539       2.2946838
       6561.9713       2.3125912
       6561.9887       2.3288188
       6562.0061       2.3430260
       6562.0236       2.3550574
       6562.0410       2.3650594
       6562.0584       2.3735163
       6562.0758       2.3811917
       6562.0932       2.3889882
       6562.1106       2.3977563
       6562.1280       2.4081095
       6562.1454       2.4202408
       6562.1628       2.4339203
       6562.1802       2.4485627
       6562.1977       2.4633902
       6562.2151       2.4776224
       6562.2325       2.4906269
       6562.2499       2.5019912
       6562.2673       2.5115175
       6562.2847       2.5191792
       6562.3021       2.5250818
       6562.3195       2.5294560
       6562.3369       2.5326749
       6562.3543       2.5352652
       6562.3718       2.5378775
       6562.3892       2.5412020
       6562.4066       2.5458462
       6562.4240       2.5522207
       6562.4414       2.5604830
       6562.4588       2.5705683
       6562.4762       2.5822980
       6562.4936       2.5955139
       6562.5110       2.6101765
       6562.5285       2.6263746
       6562.5459       2.6442365
       6562.5633       2.6637734
       6562.5807       2.6847201
       6562.5981       2.7064439
       6562.6155       2.7279786
       6562.6329       2.7481956
       6562.6503       2.7660718
       6562.6677       2.7809613
       6562.6851       2.7927633
       6562.7026       2.8019059
       6562.7200       2.8091414
       6562.7374       2.8152341
       6562.7548       2.8206712
       6562.7722       2.8255105
       6562.7896       2.8294176
       6562.8070       2.8318532
       6562.8244       2.8322939
       6562.8418       2.8303906
       6562.8593       2.8260142
       6562.8767       2.8192024
       6562.8941       2.8100645
       6562.9115       2.7987036
       6562.9289       2.7851885
       6562.9463       2.7695681
       6562.9637       2.7518975
       6562.9811       2.7322492
       6562.9985       2.7107029
       6563.0159       2.6873310
       6563.0334       2.6621998
       6563.0508       2.6353931
       6563.0682       2.6070474
       6563.0856       2.5773788
       6563.1030       2.5466944
       6563.1204       2.5153923
       6563.1378       2.4839566
       6563.1552       2.4529422
       6563.1726       2.4229338
       6563.1900       2.3944680
       6563.2075       2.3679302
       6563.2249       2.3434658
       6563.2423       2.3209455
       6563.2597       2.3000064
       6563.2771       2.2801560
       6563.2945       2.2609016
       6563.3119       2.2418677
       6563.3293       2.2228726
       6563.3467       2.2039546
       6563.3642       2.1853417
       6563.3816       2.1673670
       6563.3990       2.1503487
       6563.4164       2.1344685
       6563.4338       2.1196957
       6563.4512       2.1057913
       6563.4686       2.0924295
       6563.4860       2.0793492
       6563.5034       2.0664871
       6563.5208       2.0540198
       6563.5383       2.0422889
       6563.5557       2.0316369
       6563.5731       2.0222219
       6563.5905       2.0138905
       6563.6079       2.0061578
       6563.6253       1.9983027
       6563.6427       1.9895449
       6563.6601       1.9792451
       6563.6775       1.9670697
       6563.6950       1.9530745
       6563.7124       1.9376898
       6563.7298       1.9216129
       6563.7472       1.9056398
       6563.7646       1.8904797
       6563.7820       1.8765981
       6563.7994       1.8641276
       6563.8168       1.8528692
       6563.8342       1.8423886
       6563.8516       1.8321819
       6563.8691       1.8218579
       6563.8865       1.8112681
       6563.9039       1.8005270
       6563.9213       1.7899127
       6563.9387       1.7796956
       6563.9561       1.7699822
       6563.9735       1.7606521
       6563.9909       1.7514130
       6564.0083       1.7419369
       6564.0257       1.7319979
       6564.0432       1.7215491
       6564.0606       1.7107111
       6564.0780       1.6996955
       6564.0954       1.6887087
       6564.1128       1.6778663
       6564.1302       1.6671518
       6564.1476       1.6564117
       6564.1650       1.6453837
       6564.1824       1.6337548
       6564.1999       1.6212436
       6564.2173       1.6076902
       6564.2347       1.5931294
       6564.2521       1.5778209
       6564.2695       1.5622254
       6564.2869       1.5469350
       6564.3043       1.5325817
       6564.3217       1.5197455
       6564.3391       1.5088719
       6564.3565       1.5001976
       6564.3740       1.4936856
       6564.3914       1.4889893
       6564.4088       1.4854752
       6564.4262       1.4823248
       6564.4436       1.4787012
       6564.4610       1.4739275
       6564.4784       1.4676099
       6564.4958       1.4596637
       6564.5132       1.4502536
       6564.5306       1.4396983
       6564.5481       1.4283961
       6564.5655       1.4167943
       6564.5829       1.4053804
       6564.6003       1.3946514
       6564.6177       1.3850407
       6564.6351       1.3768190
       6564.6525       1.3700223
       6564.6699       1.3644523
       6564.6873       1.3597590
       6564.7048       1.3555678
       6564.7222       1.3515913
       6564.7396       1.3476802
       6564.7570       1.3438083
       6564.7744       1.3400119
       6564.7918       1.3363321
       6564.8092       1.3327829
       6564.8266       1.3293497
       6564.8440       1.3260012
       6564.8614       1.3227014
       6564.8789       1.3194156
       6564.8963       1.3161150
       6564.9137       1.3127907
       6564.9311       1.3094735
       6564.9485       1.3062497
       6564.9659       1.3032533
       6564.9833       1.3006272
       6565.0007       1.2984618
       6565.0181       1.2967363
       6565.0356       1.2952932
       6565.0530       1.2938603
       6565.0704       1.2921148
       6565.0878       1.2897684
       6565.1052       1.2866447
       6565.1226       1.2827298
       6565.1400       1.2781856
       6565.1574       1.2733257
       6565.1748       1.2685557
       6565.1922       1.2642888
       6565.2097       1.2608518
       6565.2271       1.2584078
       6565.2445       1.2569166
       6565.2619       1.2561491
       6565.2793       1.2557515
       6565.2967       1.2553417
       6565.3141       1.2546093
       6565.3315       1.2533906
       6565.3489       1.2517018
       6565.3663       1.2497230
       6565.3838       1.2477462
       6565.4012       1.2460979
       6565.4186       1.2450549
       6565.4360       1.2447782
       6565.4534       1.2452653
       6565.4708       1.2463292
       6565.4882       1.2476146
       6565.5056       1.2486505
       6565.5230       1.2489325
       6565.5405       1.2480164
       6565.5579       1.2456000
       6565.5753       1.2415758
       6565.5927       1.2360489
       6565.6101       1.2293255
       6565.6275       1.2218756
       6565.6449       1.2142759
       6565.6623       1.2071352
       6565.6797       1.2010133
       6565.6971       1.1963454
       6565.7146       1.1933876
       6565.7320       1.1921852
       6565.7494       1.1925631
       6565.7668       1.1941353
       6565.7842       1.1963439
       6565.8016       1.1985386
       6565.8190       1.2001020
       6565.8364       1.2005952
       6565.8538       1.1998779
       6565.8713       1.1981500
       6565.8887       1.1958880
       6565.9061       1.1936917
       6565.9235       1.1920940
       6565.9409       1.1914028
       6565.9583       1.1916229
       6565.9757       1.1924766
       6565.9931       1.1934997
       6566.0105       1.1941754
       6566.0279       1.1940602
       6566.0454       1.1928837
       6566.0628       1.1906015
       6566.0802       1.1873756
       6566.0976       1.1835253
       6566.1150       1.1794451
       6566.1324       1.1755152
       6566.1498       1.1720278
       6566.1672       1.1691525
       6566.1846       1.1669448
       6566.2020       1.1653926
       6566.2195       1.1644744
       6566.2369       1.1641986
       6566.2543       1.1646029
       6566.2717       1.1657101
       6566.2891       1.1674620
       6566.3065       1.1696697
       6566.3239       1.1720119
       6566.3413       1.1740925
       6566.3587       1.1755403
       6566.3762       1.1761141
       6566.3936       1.1757714
       6566.4110       1.1746737
       6566.4284       1.1731242
       6566.4458       1.1714585
       6566.4632       1.1699285
       6566.4806       1.1686240
       6566.4980       1.1674628
       6566.5154       1.1662520
       6566.5328       1.1647927
       6566.5503       1.1629803
       6566.5677       1.1608564
       6566.5851       1.1585945
       6566.6025       1.1564294
       6566.6199       1.1545686
       6566.6373       1.1531211
       6566.6547       1.1520671
       6566.6721       1.1512742
       6566.6895       1.1505442
       6566.7070       1.1496758
       6566.7244       1.1485265
       6566.7418       1.1470487
       6566.7592       1.1453003
       6566.7766       1.1434259
       6566.7940       1.1416151
       6566.8114       1.1400554
       6566.8288       1.1388917
       6566.8462       1.1382032
       6566.8636       1.1379982
       6566.8811       1.1382226
       6566.8985       1.1387797
       6566.9159       1.1395572
       6566.9333       1.1404562
       6566.9507       1.1414134
       6566.9681       1.1424065
       6566.9855       1.1434403
       6567.0029       1.1445222
       6567.0203       1.1456396
       6567.0377       1.1467505
       6567.0552       1.1477866
       6567.0726       1.1486592
       6567.0900       1.1492637
       6567.1074       1.1494824
       6567.1248       1.1491984
       6567.1422       1.1483242
       6567.1596       1.1468408
       6567.1770       1.1448279
       6567.1944       1.1424675
       6567.2119       1.1400141
       6567.2293       1.1377466
       6567.2467       1.1359215
       6567.2641       1.1347419
       6567.2815       1.1343439
       6567.2989       1.1347846
       6567.3163       1.1360259
       6567.3337       1.1379144
       6567.3511       1.1401661
       6567.3685       1.1423946
       6567.3860       1.1441744
       6567.4034       1.1451301
       6567.4208       1.1450307
       6567.4382       1.1438511
       6567.4556       1.1417711
       6567.4730       1.1391052
       6567.4904       1.1361871
       6567.5078       1.1332614
       6567.5252       1.1304327
       6567.5427       1.1276944
       6567.5601       1.1250190
       6567.5775       1.1224547
       6567.5949       1.1201752
       6567.6123       1.1184567
       6567.6297       1.1175977
       6567.6471       1.1178224
       6567.6645       1.1192114
       6567.6819       1.1216761
       6567.6993       1.1249743
       6567.7168       1.1287492
       6567.7342       1.1325765
       6567.7516       1.1360149
       6567.7690       1.1386561
       6567.7864       1.1401681
       6567.8038       1.1403274
       6567.8212       1.1390356
       6567.8386       1.1363241
       6567.8560       1.1323507
       6567.8734       1.1273904
       6567.8909       1.1218131
       6567.9083       1.1160448
       6567.9257       1.1105183
       6567.9431       1.1056256
       6567.9605       1.1016870
       6567.9779       1.0989332
       6567.9953       1.0974876
       6568.0127       1.0973062
       6568.0301       1.0981617
       6568.0476       1.0996339
       6568.0650       1.1011834
       6568.0824       1.1023012
       6568.0998       1.1026863
       6568.1172       1.1023695
       6568.1346       1.1017164
       6568.1520       1.1012987
       6568.1694       1.1016815
       6568.1868       1.1032135
       6568.2042       1.1059013
       6568.2217       1.1094063
       6568.2391       1.1131530
       6568.2565       1.1164990
       6568.2739       1.1189045
       6568.2913       1.1200510
       6568.3087       1.1198848
       6568.3261       1.1185891
       6568.3435       1.1165106
       6568.3609       1.1140737
       6568.3783       1.1117107
       6568.3958       1.1098156
       6568.4132       1.1087172
       6568.4306       1.1086579
       6568.4480       1.1097699
       6568.4654       1.1120569
       6568.4828       1.1153967
       6568.5002       1.1195749
       6568.5176       1.1243469
       6568.5350       1.1295051
       6568.5525       1.1349175
       6568.5699       1.1405214
       6568.5873       1.1462714
       6568.6047       1.1520727
       6568.6221       1.1577386
       6568.6395       1.1629966
       6568.6569       1.1675671
       6568.6743       1.1712609
       6568.6917       1.1740598
       6568.7091       1.1761445
       6568.7266       1.1778447
       6568.7440       1.1795295
       6568.7614       1.1814784
       6568.7788       1.1837825
       6568.7962       1.1863104
       6568.8136       1.1887457
       6568.8310       1.1906752
       6568.8484       1.1916932
       6568.8658       1.1914873
       6568.8833       1.1898861
       6568.9007       1.1868666
       6568.9181       1.1825299
       6568.9355       1.1770600
       6568.9529       1.1706767
       6568.9703       1.1635905
       6568.9877       1.1559659
       6569.0051       1.1479041
       6569.0225       1.1394541
       6569.0399       1.1306536
       6569.0574       1.1215870
       6569.0748       1.1124260
       6569.0922       1.1034222
       6569.1096       1.0948380
       6569.1270       1.0868427
       6569.1444       1.0794297
       6569.1618       1.0724121
       6569.1792       1.0655211
       6569.1966       1.0585764
       6569.2140       1.0516498
       6569.2315       1.0451376
       6569.2489       1.0396925
       6569.2663       1.0360275
       6569.2837       1.0346709
       6569.3011       1.0357651
       6569.3185       1.0389751
       6569.3359       1.0436203
       6569.3533       1.0488767
       6569.3707       1.0540129
       6569.3882       1.0585561
       6569.4056       1.0623328
       6569.4230       1.0653902
       6569.4404       1.0678587
       6569.4578       1.0698326
       6569.4752       1.0713242
       6569.4926       1.0723029
       6569.5100       1.0727802
       6569.5274       1.0728860
       6569.5448       1.0728872
       6569.5623       1.0731347
       6569.5797       1.0739613
       6569.5971       1.0755728
       6569.6145       1.0779777
       6569.6319       1.0809826
       6569.6493       1.0842545
       6569.6667       1.0874298
       6569.6841       1.0902329
       6569.7015       1.0925619
       6569.7190       1.0945061
       6569.7364       1.0962846
       6569.7538       1.0981227
       6569.7712       1.1001207
       6569.7886       1.1021736
       6569.8060       1.1039864
       6569.8234       1.1051855
       6569.8408       1.1054799
       6569.8582       1.1048037
       6569.8756       1.1033765
       6569.8931       1.1016588
       6569.9105       1.1002166
       6569.9279       1.0995452
       6569.9453       1.0999098
       6569.9627       1.1012247
       6569.9801       1.1030612
       6569.9975       1.1047470
       6570.0149       1.1055457
       6570.0323       1.1048691
       6570.0497       1.1024518
       6570.0672       1.0984281
       6570.0846       1.0932851
       6570.1020       1.0877226
       6570.1194       1.0824769
       6570.1368       1.0781749
       6570.1542       1.0752504
       6570.1716       1.0739223
       6570.1890       1.0742107
       6570.2064       1.0759642
       6570.2239       1.0788913
       6570.2413       1.0825947
       6570.2587       1.0866200
       6570.2761       1.0905166
       6570.2935       1.0939040
       6570.3109       1.0965271
       6570.3283       1.0982841
       6570.3457       1.0992222
       6570.3631       1.0995036
       6570.3805       1.0993565
       6570.3980       1.0990254
       6570.4154       1.0987286
       6570.4328       1.0986251
       6570.4502       1.0987903
       6570.4676       1.0992056
       6570.4850       1.0997671
       6570.5024       1.1003176
       6570.5198       1.1006931
       6570.5372       1.1007648
       6570.5547       1.1004623
       6570.5721       1.0997667
       6570.5895       1.0986848
       6570.6069       1.0972220
       6570.6243       1.0953704
       6570.6417       1.0931106
       6570.6591       1.0904343
       6570.6765       1.0873696
       6570.6939       1.0840016
       6570.7113       1.0804795
       6570.7288       1.0770077
       6570.7462       1.0738179
       6570.7636       1.0711275
       6570.7810       1.0690965
       6570.7984       1.0677997
       6570.8158       1.0672266
       6570.8332       1.0673058
       6570.8506       1.0679353
       6570.8680       1.0689982
       6570.8854       1.0703551
       6570.9029       1.0718300
       6570.9203       1.0732155
       6570.9377       1.0743116
       6570.9551       1.0749897
       6570.9725       1.0752464
       6570.9899       1.0752132
       6571.0073       1.0751098
       6571.0247       1.0751590
       6571.0421       1.0755014
       6571.0596       1.0761494
       6571.0770       1.0769976
       6571.0944       1.0778839
       6571.1118       1.0786715
       6571.1292       1.0793162
       6571.1466       1.0798891
       6571.1640       1.0805431
       6571.1814       1.0814357
       6571.1988       1.0826416
       6571.2162       1.0840960
       6571.2337       1.0855960
       6571.2511       1.0868599
       6571.2685       1.0876288
       6571.2859       1.0877539
       6571.3033       1.0872404
       6571.3207       1.0862391
       6571.3381       1.0849923
       6571.3555       1.0837563
       6571.3729       1.0827235
       6571.3904       1.0819665
       6571.4078       1.0814184
       6571.4252       1.0808956
       6571.4426       1.0801571
       6571.4600       1.0789840
       6571.4774       1.0772565
       6571.4948       1.0750068
       6571.5122       1.0724346
       6571.5296       1.0698773
       6571.5470       1.0677384
       6571.5645       1.0663854
       6571.5819       1.0660397
       6571.5993       1.0666913
       6571.6167       1.0680745
       6571.6341       1.0697282
       6571.6515       1.0711332
       6571.6689       1.0718847
       6571.6863       1.0718338
       6571.7037       1.0711378
       6571.7211       1.0701946
       6571.7386       1.0694887
       6571.7560       1.0694124
       6571.7734       1.0701362
       6571.7908       1.0715706
       6571.8082       1.0734194
       6571.8256       1.0752860
       6571.8430       1.0767860
       6571.8604       1.0776370
       6571.8778       1.0777144
       6571.8953       1.0770744
       6571.9127       1.0759535
       6571.9301       1.0747169
       6571.9475       1.0737681
       6571.9649       1.0734459
       6571.9823       1.0739291
       6571.9997       1.0751853
       6572.0171       1.0769794
       6572.0345       1.0789381
       6572.0519       1.0806505
       6572.0694       1.0817765
       6572.0868       1.0821362
       6572.1042       1.0817561
       6572.1216       1.0808619
       6572.1390       1.0798176
       6572.1564       1.0790314
       6572.1738       1.0788574
       6572.1912       1.0795192
       6572.2086       1.0810728
       6572.2260       1.0834119
       6572.2435       1.0863061
       6572.2609       1.0894580
       6572.2783       1.0925591
       6572.2957       1.0953308
       6572.3131       1.0975419
       6572.3305       1.0990113
       6572.3479       1.0996105
       6572.3653       1.0992803
       6572.3827       1.0980593
       6572.4002       1.0961037
       6572.4176       1.0936742
       6572.4350       1.0910796
       6572.4524       1.0885921
       6572.4698       1.0863693
       6572.4872       1.0844184
       6572.5046       1.0826178
       6572.5220       1.0807841
       6572.5394       1.0787537
       6572.5568       1.0764477
       6572.5743       1.0739051
       6572.5917       1.0712661
       6572.6091       1.0687243
       6572.6265       1.0664557
       6572.6439       1.0645461
       6572.6613       1.0629398
       6572.6787       1.0614389
       6572.6961       1.0597602
       6572.7135       1.0576380
       6572.7310       1.0549319
       6572.7484       1.0516968
       6572.7658       1.0481815
       6572.7832       1.0447556
       6572.8006       1.0417904
       6572.8180       1.0395353
       6572.8354       1.0380316
       6572.8528       1.0370939
       6572.8702       1.0363658
       6572.8876       1.0354408
       6572.9051       1.0340115
       6572.9225       1.0320009
       6572.9399       1.0296254
       6572.9573       1.0273591
       6572.9747       1.0258018
       6572.9921       1.0254922
       6573.0095       1.0267327
       6573.0269       1.0294922
       6573.0443       1.0334217
       6573.0617       1.0379750
       6573.0792       1.0425822
       6573.0966       1.0468074
       6573.1140       1.0504322
       6573.1314       1.0534440
       6573.1488       1.0559465
       6573.1662       1.0580434
       6573.1836       1.0597479
       6573.2010       1.0609524
       6573.2184       1.0614767
       6573.2359       1.0611610
       6573.2533       1.0599557
       6573.2707       1.0579781
       6573.2881       1.0555030
       6573.3055       1.0528983
       6573.3229       1.0505371
       6573.3403       1.0487255
       6573.3577       1.0476728
       6573.3751       1.0474991
       6573.3925       1.0482557
       6573.4100       1.0499309
       6573.4274       1.0524328
       6573.4448       1.0555610
       6573.4622       1.0589993
       6573.4796       1.0623476
       6573.4970       1.0651976
       6573.5144       1.0672311
       6573.5318       1.0683050
       6573.5492       1.0684933
       6573.5667       1.0680649
       6573.5841       1.0673999
       6573.6015       1.0668690
       6573.6189       1.0667161
       6573.6363       1.0669896
       6573.6537       1.0675525
       6573.6711       1.0681679
       6573.6885       1.0686168
       6573.7059       1.0687921
       6573.7233       1.0687182
       6573.7408       1.0684936
       6573.7582       1.0681933
       6573.7756       1.0677936
       6573.7930       1.0671648
       6573.8104       1.0661400
       6573.8278       1.0646241
       6573.8452       1.0626853
       6573.8626       1.0605874
       6573.8800       1.0587343
       6573.8974       1.0575469
       6573.9149       1.0573253
       6573.9323       1.0581368
       6573.9497       1.0597719
       6573.9671       1.0617871
       6573.9845       1.0636243
       6574.0019       1.0647680
       6574.0193       1.0648874
       6574.0367       1.0639153
       6574.0541       1.0620422
       6574.0716       1.0596377
       6574.0890       1.0571333
       6574.1064       1.0549073
       6574.1238       1.0532006
       6574.1412       1.0520736
       6574.1586       1.0514032
       6574.1760       1.0509194
       6574.1934       1.0502768
       6574.2108       1.0491557
       6574.2282       1.0473710
       6574.2457       1.0449589
       6574.2631       1.0422067
       6574.2805       1.0396072
       6574.2979       1.0377464
       6574.3153       1.0371548
       6574.3327       1.0381664
       6574.3501       1.0408290
       6574.3675       1.0448895
       6574.3849       1.0498589
       6574.4024       1.0551377
       6574.4198       1.0601658
       6574.4372       1.0645497
       6574.4546       1.0681323
       6574.4720       1.0709865
       6574.4894       1.0733485
       6574.5068       1.0755267
       6574.5242       1.0778229
       6574.5416       1.0804779
       6574.5590       1.0836511
       6574.5765       1.0873994
       6574.5939       1.0916463
       6574.6113       1.0961536
       6574.6287       1.1005217
       6574.6461       1.1042425
       6574.6635       1.1068013
       6574.6809       1.1077978
       6574.6983       1.1070436
       6574.7157       1.1045983
       6574.7331       1.1007356
       6574.7506       1.0958560
       6574.7680       1.0903822
       6574.7854       1.0846731
       6574.8028       1.0789803
       6574.8202       1.0734464
       6574.8376       1.0681278
       6574.8550       1.0630255
       6574.8724       1.0581115
       6574.8898       1.0533562
       6574.9073       1.0487615
       6574.9247       1.0443963
       6574.9421       1.0404185
       6574.9595       1.0370640
       6574.9769       1.0345925
       6574.9943       1.0332052
       6575.0117       1.0329639
       6575.0291       1.0337468
       6575.0465       1.0352651
       6575.0639       1.0371371
       6575.0814       1.0389919
       6575.0988       1.0405618
       6575.1162       1.0417285
       6575.1336       1.0425139
       6575.1510       1.0430294
       6575.1684       1.0434146
       6575.1858       1.0437842
       6575.2032       1.0441953
       6575.2206       1.0446352
       6575.2381       1.0450219
       6575.2555       1.0452248
       6575.2729       1.0451074
       6575.2903       1.0445852
       6575.3077       1.0436780
       6575.3251       1.0425324
       6575.3425       1.0414015
       6575.3599       1.0405888
       6575.3773       1.0403749
       6575.3947       1.0409513
       6575.4122       1.0423757
       6575.4296       1.0445588
       6575.4470       1.0472827
       6575.4644       1.0502471
       6575.4818       1.0531337
       6575.4992       1.0556706
       6575.5166       1.0576746
       6575.5340       1.0590599
       6575.5514       1.0598120
       6575.5688       1.0599426
       6575.5863       1.0594497
       6575.6037       1.0583031
       6575.6211       1.0564650
       6575.6385       1.0539384
       6575.6559       1.0508231
       6575.6733       1.0473534
       6575.6907       1.0438906
       6575.7081       1.0408638
       6575.7255       1.0386709
       6575.7430       1.0375776
       6575.7604       1.0376555
       6575.7778       1.0387885
       6575.7952       1.0407395
       6575.8126       1.0432409
       6575.8300       1.0460525
       6575.8474       1.0489817
       6575.8648       1.0518487
       6575.8822       1.0544467
       6575.8996       1.0565306
       6575.9171       1.0578446
       6575.9345       1.0581749
       6575.9519       1.0574017
       6575.9693       1.0555291
       6575.9867       1.0526878
       6576.0041       1.0491210
       6576.0215       1.0451620
       6576.0389       1.0412102
       6576.0563       1.0376978
       6576.0737       1.0350363
       6576.0912       1.0335396
       6576.1086       1.0333370
       6576.1260       1.0343082
       6576.1434       1.0360780
       6576.1608       1.0380899
       6576.1782       1.0397446
       6576.1956       1.0405612
       6576.2130       1.0403015
       6576.2304       1.0390159
       6576.2479       1.0369999
       6576.2653       1.0346834
       6576.2827       1.0324920
       6576.3001       1.0307275
       6576.3175       1.0295000
       6576.3349       1.0287289
       6576.3523       1.0282045
       6576.3697       1.0276824
       6576.3871       1.0269691
       6576.4045       1.0259670
       6576.4220       1.0246698
       6576.4394       1.0231224
       6576.4568       1.0213740
       6576.4742       1.0194469
       6576.4916       1.0173254
       6576.5090       1.0149605
       6576.5264       1.0122911
       6576.5438       1.0092790
       6576.5612       1.0059600
       6576.5787       1.0024958
       6576.5961      0.99920217
       6576.6135      0.99652744
       6576.6309      0.99497442
       6576.6483      0.99498638
       6576.6657      0.99683525
       6576.6831       1.0005498
       6576.7005       1.0059022
       6576.7179       1.0124456
       6576.7353       1.0195821
       6576.7528       1.0266392
       6576.7702       1.0329483
       6576.7876       1.0379277
       6576.8050       1.0411731
       6576.8224       1.0425400
       6576.8398       1.0421888
       6576.8572       1.0405630
       6576.8746       1.0382934
       6576.8920       1.0360525
       6576.9094       1.0344091
       6576.9269       1.0337270
       6576.9443       1.0341275
       6576.9617       1.0355031
       6576.9791       1.0375606
       6576.9965       1.0398790
       6577.0139       1.0419825
       6577.0313       1.0434331
       6577.0487       1.0439312
       6577.0661       1.0433926
       6577.0836       1.0419646
       6577.1010       1.0399698
       6577.1184       1.0378004
       6577.1358       1.0358070
       6577.1532       1.0342233
       6577.1706       1.0331556
       6577.1880       1.0326066
       6577.2054       1.0325092
       6577.2228       1.0327509
       6577.2402       1.0331874
       6577.2577       1.0336574
       6577.2751       1.0340059
       6577.2925       1.0341158
       6577.3099       1.0339402
       6577.3273       1.0335218
       6577.3447       1.0329925
       6577.3621       1.0325510
       6577.3795       1.0324229
       6577.3969       1.0328076
       6577.4144       1.0338224
       6577.4318       1.0354514
       6577.4492       1.0375191
       6577.4666       1.0397052
       6577.4840       1.0416128
       6577.5014       1.0428771
       6577.5188       1.0432761
       6577.5362       1.0427957
       6577.5536       1.0416175
       6577.5710       1.0400396
       6577.5885       1.0383715
       6577.6059       1.0368535
       6577.6233       1.0356288
       6577.6407       1.0347586
       6577.6581       1.0342517
       6577.6755       1.0340816
       6577.6929       1.0341859
       6577.7103       1.0344624
       6577.7277       1.0347762
       6577.7451       1.0349844
       6577.7626       1.0349696
       6577.7800       1.0346711
       6577.7974       1.0340994
       6577.8148       1.0333231
       6577.8322       1.0324393
       6577.8496       1.0315330
       6577.8670       1.0306443
       6577.8844       1.0297645
       6577.9018       1.0288714
       6577.9193       1.0279914
       6577.9367       1.0272534
       6577.9541       1.0268942
       6577.9715       1.0271956
       6577.9889       1.0283703
       6578.0063       1.0304483
       6578.0237       1.0332226
       6578.0411       1.0362854
       6578.0585       1.0391445
       6578.0759       1.0413735
       6578.0934       1.0427330
       6578.1108       1.0432199
       6578.1282       1.0430308
       6578.1456       1.0424633
       6578.1630       1.0418037
       6578.1804       1.0412477
       6578.1978       1.0408824
       6578.2152       1.0407221
       6578.2326       1.0407635
       6578.2501       1.0410189
       6578.2675       1.0415097
       6578.2849       1.0422301
       6578.3023       1.0431121
       6578.3197       1.0440176
       6578.3371       1.0447601
       6578.3545       1.0451409
       6578.3719       1.0449801
       6578.3893       1.0441357
       6578.4067       1.0425184
       6578.4242       1.0401087
       6578.4416       1.0369963
       6578.4590       1.0333790
       6578.4764       1.0295572
       6578.4938       1.0258937
       6578.5112       1.0227514
       6578.5286       1.0204283
       6578.5460       1.0191057
       6578.5634       1.0188213
       6578.5808       1.0194703
       6578.5983       1.0208310
       6578.6157       1.0226063
       6578.6331       1.0244714
       6578.6505       1.0261169
       6578.6679       1.0272814
       6578.6853       1.0277736
       6578.7027       1.0274858
       6578.7201       1.0264036
       6578.7375       1.0246154
       6578.7550       1.0223211
       6578.7724       1.0198322
       6578.7898       1.0175505
       6578.8072       1.0159140
       6578.8246       1.0153093
       6578.8420       1.0159713
       6578.8594       1.0179069
       6578.8768       1.0208813
       6578.8942       1.0244814
       6578.9116       1.0282357
       6578.9291       1.0317415
       6578.9465       1.0347500
       6578.9639       1.0371791
       6578.9813       1.0390641
       6578.9987       1.0404789
       6579.0161       1.0414689
       6579.0335       1.0420233
       6579.0509       1.0420905
       6579.0683       1.0416177
       6579.0858       1.0406000
       6579.1032       1.0390986
       6579.1206       1.0372328
       6579.1380       1.0351561
       6579.1554       1.0330308
       6579.1728       1.0310119
       6579.1902       1.0292413
       6579.2076       1.0278420
       6579.2250       1.0269019
       6579.2424       1.0264485
       6579.2599       1.0264259
       6579.2773       1.0266909
       6579.2947       1.0270433
       6579.3121       1.0272865
       6579.3295       1.0273048
       6579.3469       1.0271287
       6579.3643       1.0269566
       6579.3817       1.0271131
       6579.3991       1.0279446
       6579.4165       1.0296823
       6579.4340       1.0323260
       6579.4514       1.0356025
       6579.4688       1.0390240
       6579.4862       1.0420260
       6579.5036       1.0441280
       6579.5210       1.0450525
       6579.5384       1.0447643
       6579.5558       1.0434345
       6579.5732       1.0413622
       6579.5907       1.0388969
       6579.6081       1.0363853
       6579.6255       1.0341483
       6579.6429       1.0324758
       6579.6603       1.0316217
       6579.6777       1.0317820
       6579.6951       1.0330517
       6579.7125       1.0353733
       6579.7299       1.0384967
       6579.7473       1.0419767
       6579.7648       1.0452540
       6579.7822       1.0477562
       6579.7996       1.0490148
       6579.8170       1.0487581
       6579.8344       1.0469604
       6579.8518       1.0438470
       6579.8692       1.0398619
       6579.8866       1.0356025
       6579.9040       1.0317170
       6579.9214       1.0287728
       6579.9389       1.0271183
       6579.9563       1.0267854
       6579.9737       1.0274753
       6579.9911       1.0286482
       6580.0085       1.0296907
       6580.0259       1.0301029
       6580.0433       1.0296344
       6580.0607       1.0283264
       6580.0781       1.0264530
       6580.0956       1.0243989
       6580.1130       1.0225229
       6580.1304       1.0210560
       6580.1478       1.0200590
       6580.1652       1.0194435
       6580.1826       1.0190335
       6580.2000       1.0186419
       6580.2174       1.0181291
       6580.2348       1.0174278
       6580.2522       1.0165322
       6580.2697       1.0154676
       6580.2871       1.0142625
       6580.3045       1.0129412
       6580.3219       1.0115368
       6580.3393       1.0101153
       6580.3567       1.0087879
       6580.3741       1.0077016
       6580.3915       1.0070016
       6580.4089       1.0067879
       6580.4264       1.0070894
       6580.4438       1.0078639
       6580.4612       1.0090292
       6580.4786       1.0105071
       6580.4960       1.0122579
       6580.5134       1.0142871
       6580.5308       1.0166237
       6580.5482       1.0192864
       6580.5656       1.0222603
       6580.5830       1.0254927
       6580.6005       1.0289031
       6580.6179       1.0323862
       6580.6353       1.0357948
       6580.6527       1.0389131
       6580.6701       1.0414451
       6580.6875       1.0430473
       6580.7049       1.0434120
       6580.7223       1.0423771
       6580.7397       1.0400189
       6580.7571       1.0366852
       6580.7746       1.0329472
       6580.7920       1.0294754
       6580.8094       1.0268723
       6580.8268       1.0255108
       6580.8442       1.0254316
       6580.8616       1.0263390
       6580.8790       1.0277038
       6580.8964       1.0289435
       6580.9138       1.0296151
       6580.9313       1.0295505
       6580.9487       1.0288841
       6580.9661       1.0279708
       6580.9835       1.0272356
       6581.0009       1.0270219
       6581.0183       1.0274959
       6581.0357       1.0286281
       6581.0531       1.0302417
       6581.0705       1.0321088
       6581.0879       1.0340243
       6581.1054       1.0358493
       6581.1228       1.0375152
       6581.1402       1.0389987
       6581.1576       1.0402844
       6581.1750       1.0413379
       6581.1924       1.0421031
       6581.2098       1.0425278
       6581.2272       1.0426056
       6581.2446       1.0424109
       6581.2621       1.0420984
       6581.2795       1.0418555
       6581.2969       1.0418204
       6581.3143       1.0420015
       6581.3317       1.0422431
       6581.3491       1.0422618
       6581.3665       1.0417437
       6581.3839       1.0404602
       6581.4013       1.0383519
       6581.4187       1.0355490
       6581.4362       1.0323303
       6581.4536       1.0290488
       6581.4710       1.0260583
       6581.4884       1.0236593
       6581.5058       1.0220630
       6581.5232       1.0213622
       6581.5406       1.0215097
       6581.5580       1.0223164
       6581.5754       1.0234903
       6581.5928       1.0247180
       6581.6103       1.0257625
       6581.6277       1.0265289
       6581.6451       1.0270593
       6581.6625       1.0274565
       6581.6799       1.0277801
       6581.6973       1.0279784
       6581.7147       1.0279010
       6581.7321       1.0273814
       6581.7495       1.0263364
       6581.7670       1.0248232
       6581.7844       1.0230271
       6581.8018       1.0211950
       6581.8192       1.0195583
       6581.8366       1.0182825
       6581.8540       1.0174573
       6581.8714       1.0171095
       6581.8888       1.0172173
       6581.9062       1.0177117
       6581.9236       1.0184711
       6581.9411       1.0193229
       6581.9585       1.0200663
       6581.9759       1.0205136
       6581.9933       1.0205374
       6582.0107       1.0201034
       6582.0281       1.0192758
       6582.0455       1.0181938
       6582.0629       1.0170282
       6582.0803       1.0159358
       6582.0978       1.0150244
       6582.1152       1.0143378
       6582.1326       1.0138625
       6582.1500       1.0135534
       6582.1674       1.0133731
       6582.1848       1.0133336
       6582.2022       1.0135207
       6582.2196       1.0140827
       6582.2370       1.0151784
       6582.2544       1.0169022
       6582.2719       1.0192226
       6582.2893       1.0219679
       6582.3067       1.0248691
       6582.3241       1.0276357
       6582.3415       1.0300265
       6582.3589       1.0318905
       6582.3763       1.0331582
       6582.3937       1.0338228
       6582.4111       1.0339253
       6582.4285       1.0335505
       6582.4460       1.0328262
       6582.4634       1.0319146
       6582.4808       1.0309940
       6582.4982       1.0302399
       6582.5156       1.0298075
       6582.5330       1.0298145
       6582.5504       1.0303132
       6582.5678       1.0312534
       6582.5852       1.0324488
       6582.6027       1.0335743
       6582.6201       1.0342128
       6582.6375       1.0339523
       6582.6549       1.0325072
       6582.6723       1.0298258
       6582.6897       1.0261442
       6582.7071       1.0219689
       6582.7245       1.0179858
       6582.7419       1.0149162
       6582.7593       1.0133552
       6582.7768       1.0136331
       6582.7942       1.0157380
       6582.8116       1.0193214
       6582.8290       1.0237889
       6582.8464       1.0284489
       6582.8638       1.0326795
       6582.8812       1.0360638
       6582.8986       1.0384568
       6582.9160       1.0399656
       6582.9335       1.0408538
       6582.9509       1.0414110
       6582.9683       1.0418375
       6582.9857       1.0421902
       6583.0031       1.0424117
       6583.0205       1.0424138
       6583.0379       1.0421682
       6583.0553       1.0417531
       6583.0727       1.0413318
       6583.0901       1.0410788
       6583.1076       1.0410956
       6583.1250       1.0413618
       6583.1424       1.0417469
       6583.1598       1.0420734
       6583.1772       1.0421985
       6583.1946       1.0420750
       6583.2120       1.0417681
       6583.2294       1.0414269
       6583.2468       1.0412331
       6583.2642       1.0413527
       6583.2817       1.0419081
       6583.2991       1.0429726
       6583.3165       1.0445665
       6583.3339       1.0466391
       6583.3513       1.0490280
       6583.3687       1.0514159
       6583.3861       1.0533252
       6583.4035       1.0541852
       6583.4209       1.0534756
       6583.4384       1.0509000
       6583.4558       1.0465114
       6583.4732       1.0407217
       6583.4906       1.0341814
       6583.5080       1.0275777
       6583.5254       1.0214395
       6583.5428       1.0160254
       6583.5602       1.0113281
       6583.5776       1.0071733
       6583.5950       1.0033641
       6583.6125      0.99981090
       6583.6299      0.99660776
       6583.6473      0.99402736
       6583.6647      0.99243358
       6583.6821      0.99215390
       6583.6995      0.99334877
       6583.7169      0.99593094
       6583.7343      0.99956367
       6583.7517       1.0037350
       6583.7691       1.0078753
       6583.7866       1.0114749
       6583.8040       1.0141675
       6583.8214       1.0157706
       6583.8388       1.0162934
       6583.8562       1.0159276
       6583.8736       1.0150294
       6583.8910       1.0140835
       6583.9084       1.0136346
       6583.9258       1.0141795
       6583.9433       1.0160365
       6583.9607       1.0192308
       6583.9781       1.0234458
       6583.9955       1.0280745
       6584.0129       1.0323687
       6584.0303       1.0356406
       6584.0477       1.0374460
       6584.0651       1.0376840
       6584.0825       1.0365853
       6584.0999       1.0346057
       6584.1174       1.0322777
       6584.1348       1.0300749
       6584.1522       1.0283264
       6584.1696       1.0271874
       6584.1870       1.0266503
       6584.2044       1.0265769
       6584.2218       1.0267421
       6584.2392       1.0268876
       6584.2566       1.0267862
       6584.2741       1.0263054
       6584.2915       1.0254464
       6584.3089       1.0243491
       6584.3263       1.0232371
       6584.3437       1.0223498
       6584.3611       1.0218805
       6584.3785       1.0219411
       6584.3959       1.0225561
       6584.4133       1.0236716
       6584.4307       1.0251656
       6584.4482       1.0268578
       6584.4656       1.0285256
       6584.4830       1.0299321
       6584.5004       1.0308651
       6584.5178       1.0311751
       6584.5352       1.0308017
       6584.5526       1.0297847
       6584.5700       1.0282581
       6584.5874       1.0264319
       6584.6048       1.0245602
       6584.6223       1.0228978
       6584.6397       1.0216566
       6584.6571       1.0209728
       6584.6745       1.0208982
       6584.6919       1.0214119
       6584.7093       1.0224405
       6584.7267       1.0238697
       6584.7441       1.0255474
       6584.7615       1.0272860
       6584.7790       1.0288818
       6584.7964       1.0301528
       6584.8138       1.0309830
       6584.8312       1.0313465
       6584.8486       1.0312995
       6584.8660       1.0309420
       6584.8834       1.0303718
       6584.9008       1.0296558
       6584.9182       1.0288276
       6584.9356       1.0279046
       6584.9531       1.0269060
       6584.9705       1.0258508
       6584.9879       1.0247346
       6585.0053       1.0234984
