# Angstrom [air],  flux [abs.cor.cont.sub+1]
       6545.0076       1.0220304
       6545.0250       1.0224741
       6545.0425       1.0229125
       6545.0599       1.0232334
       6545.0773       1.0233829
       6545.0947       1.0233508
       6545.1121       1.0231349
       6545.1295       1.0227111
       6545.1469       1.0220300
       6545.1643       1.0210391
       6545.1817       1.0197201
       6545.1991       1.0181231
       6545.2166       1.0163833
       6545.2340       1.0147132
       6545.2514       1.0133709
       6545.2688       1.0126116
       6545.2862       1.0126375
       6545.3036       1.0135574
       6545.3210       1.0153741
       6545.3384       1.0179999
       6545.3558       1.0212979
       6545.3732       1.0251319
       6545.3907       1.0294069
       6545.4081       1.0340919
       6545.4255       1.0392217
       6545.4429       1.0448833
       6545.4603       1.0511937
       6545.4777       1.0582710
       6545.4951       1.0662006
       6545.5125       1.0750017
       6545.5299       1.0846029
       6545.5473       1.0948379
       6545.5648       1.1054681
       6545.5822       1.1162257
       6545.5996       1.1268645
       6545.6170       1.1371965
       6545.6344       1.1471034
       6545.6518       1.1565207
       6545.6692       1.1654045
       6545.6866       1.1736981
       6545.7040       1.1813115
       6545.7215       1.1881173
       6545.7389       1.1939594
       6545.7563       1.1986654
       6545.7737       1.2020633
       6545.7911       1.2039930
       6545.8085       1.2043185
       6545.8259       1.2029415
       6545.8433       1.1998140
       6545.8607       1.1949446
       6545.8781       1.1883974
       6545.8956       1.1802828
       6545.9130       1.1707464
       6545.9304       1.1599609
       6545.9478       1.1481208
       6545.9652       1.1354385
       6545.9826       1.1221327
       6546.0000       1.1084091
       6546.0174       1.0944358
       6546.0348       1.0803259
       6546.0522       1.0661360
       6546.0697       1.0518858
       6546.0871       1.0375895
       6546.1045       1.0232880
       6546.1219       1.0090703
       6546.1393      0.99507868
       6546.1567      0.98150298
       6546.1741      0.96856663
       6546.1915      0.95650814
       6546.2089      0.94555720
       6546.2263      0.93590662
       6546.2438      0.92768595
       6546.2612      0.92094739
       6546.2786      0.91567349
       6546.2960      0.91180778
       6546.3134      0.90929784
       6546.3308      0.90813102
       6546.3482      0.90834350
       6546.3656      0.90999464
       6546.3830      0.91312208
       6546.4004      0.91766994
       6546.4179      0.92346962
       6546.4353      0.93025117
       6546.4527      0.93768242
       6546.4701      0.94542571
       6546.4875      0.95318644
       6546.5049      0.96073919
       6546.5223      0.96793069
       6546.5397      0.97466990
       6546.5571      0.98091709
       6546.5745      0.98667741
       6546.5920      0.99199585
       6546.6094      0.99694600
       6546.6268       1.0016091
       6546.6442       1.0060480
       6546.6616       1.0102860
       6546.6790       1.0143017
       6546.6964       1.0180402
       6546.7138       1.0214355
       6546.7312       1.0244321
       6546.7486       1.0269980
       6546.7661       1.0291275
       6546.7835       1.0308381
       6546.8009       1.0321670
       6546.8183       1.0331687
       6546.8357       1.0339122
       6546.8531       1.0344714
       6546.8705       1.0349081
       6546.8879       1.0352499
       6546.9053       1.0354717
       6546.9228       1.0354922
       6546.9402       1.0351891
       6546.9576       1.0344341
       6546.9750       1.0331331
       6546.9924       1.0312592
       6547.0098       1.0288600
       6547.0272       1.0260364
       6547.0446       1.0228996
       6547.0620       1.0195255
       6547.0794       1.0159240
       6547.0969       1.0120507
       6547.1143       1.0078538
       6547.1317       1.0033413
       6547.1491      0.99864107
       6547.1665      0.99402761
       6547.1839      0.98990087
       6547.2013      0.98672158
       6547.2187      0.98492218
       6547.2361      0.98481943
       6547.2535      0.98655159
       6547.2710      0.99005284
       6547.2884      0.99506621
       6547.3058       1.0011875
       6547.3232       1.0079283
       6547.3406       1.0147845
       6547.3580       1.0213007
       6547.3754       1.0271190
       6547.3928       1.0320088
       6547.4102       1.0358723
       6547.4276       1.0387288
       6547.4451       1.0406823
       6547.4625       1.0418828
       6547.4799       1.0424890
       6547.4973       1.0426428
       6547.5147       1.0424568
       6547.5321       1.0420140
       6547.5495       1.0413751
       6547.5669       1.0405890
       6547.5843       1.0397024
       6547.6017       1.0387677
       6547.6192       1.0378504
       6547.6366       1.0370348
       6547.6540       1.0364263
       6547.6714       1.0361460
       6547.6888       1.0363162
       6547.7062       1.0370233
       6547.7236       1.0382890
       6547.7410       1.0400466
       6547.7584       1.0421385
       6547.7758       1.0443424
       6547.7933       1.0464183
       6547.8107       1.0481618
       6547.8281       1.0494442
       6547.8455       1.0502246
       6547.8629       1.0505306
       6547.8803       1.0504151
       6547.8977       1.0499047
       6547.9151       1.0489558
       6547.9325       1.0474328
       6547.9500       1.0451130
       6547.9674       1.0417172
       6547.9848       1.0369603
       6548.0022       1.0306135
       6548.0196       1.0225705
       6548.0370       1.0129085
       6548.0544       1.0019308
       6548.0718      0.99017927
       6548.0892      0.97840583
       6548.1066      0.96749894
       6548.1241      0.95837345
       6548.1415      0.95184112
       6548.1589      0.94848683
       6548.1763      0.94857625
       6548.1937      0.95201520
       6548.2111      0.95837010
       6548.2285      0.96694482
       6548.2459      0.97689613
       6548.2633      0.98736120
       6548.2807      0.99756976
       6548.2982       1.0069208
       6548.3156       1.0150165
       6548.3330       1.0216552
       6548.3504       1.0268095
       6548.3678       1.0305958
       6548.3852       1.0332144
       6548.4026       1.0349131
       6548.4200       1.0359455
       6548.4374       1.0365352
       6548.4548       1.0368533
       6548.4723       1.0370188
       6548.4897       1.0371192
       6548.5071       1.0372410
       6548.5245       1.0374905
       6548.5419       1.0379915
       6548.5593       1.0388556
       6548.5767       1.0401410
       6548.5941       1.0418196
       6548.6115       1.0437740
       6548.6289       1.0458274
       6548.6464       1.0477972
       6548.6638       1.0495495
       6548.6812       1.0510330
       6548.6986       1.0522827
       6548.7160       1.0533917
       6548.7334       1.0544669
       6548.7508       1.0555835
       6548.7682       1.0567538
       6548.7856       1.0579177
       6548.8030       1.0589531
       6548.8205       1.0597026
       6548.8379       1.0600073
       6548.8553       1.0597430
       6548.8727       1.0588532
       6548.8901       1.0573719
       6548.9075       1.0554293
       6548.9249       1.0532333
       6548.9423       1.0510270
       6548.9597       1.0490323
       6548.9772       1.0473959
       6548.9946       1.0461611
       6549.0120       1.0452622
       6549.0294       1.0445709
       6549.0468       1.0439482
       6549.0642       1.0432952
       6549.0816       1.0425814
       6549.0990       1.0418458
       6549.1164       1.0411704
       6549.1338       1.0406420
       6549.1513       1.0403162
       6549.1687       1.0401986
       6549.1861       1.0402490
       6549.2035       1.0404042
       6549.2209       1.0406085
       6549.2383       1.0408366
       6549.2557       1.0411001
       6549.2731       1.0414369
       6549.2905       1.0418910
       6549.3079       1.0424929
       6549.3254       1.0432465
       6549.3428       1.0441226
       6549.3602       1.0450589
       6549.3776       1.0459654
       6549.3950       1.0467361
       6549.4124       1.0472669
       6549.4298       1.0474763
       6549.4472       1.0473198
       6549.4646       1.0467925
       6549.4820       1.0459213
       6549.4995       1.0447539
       6549.5169       1.0433538
       6549.5343       1.0418087
       6549.5517       1.0402435
       6549.5691       1.0388252
       6549.5865       1.0377467
       6549.6039       1.0371852
       6549.6213       1.0372498
       6549.6387       1.0379422
       6549.6561       1.0391422
       6549.6736       1.0406404
       6549.6910       1.0422008
       6549.7084       1.0436177
       6549.7258       1.0447558
       6549.7432       1.0455618
       6549.7606       1.0460524
       6549.7780       1.0462917
       6549.7954       1.0463678
       6549.8128       1.0463701
       6549.8302       1.0463693
       6549.8477       1.0464003
       6549.8651       1.0464537
       6549.8825       1.0464811
       6549.8999       1.0464150
       6549.9173       1.0461957
       6549.9347       1.0457931
       6549.9521       1.0452153
       6549.9695       1.0445025
       6549.9869       1.0437127
       6550.0043       1.0429112
       6550.0218       1.0421699
       6550.0392       1.0415722
       6550.0566       1.0412156
       6550.0740       1.0411981
       6550.0914       1.0415901
       6550.1088       1.0424017
       6550.1262       1.0435635
       6550.1436       1.0449346
       6550.1610       1.0463352
       6550.1785       1.0475913
       6550.1959       1.0485700
       6550.2133       1.0491959
       6550.2307       1.0494461
       6550.2481       1.0493370
       6550.2655       1.0489144
       6550.2829       1.0482542
       6550.3003       1.0474690
       6550.3177       1.0467090
       6550.3351       1.0461390
       6550.3526       1.0459003
       6550.3700       1.0460655
       6550.3874       1.0466080
       6550.4048       1.0474025
       6550.4222       1.0482606
       6550.4396       1.0489866
       6550.4570       1.0494303
       6550.4744       1.0495196
       6550.4918       1.0492660
       6550.5092       1.0487499
       6550.5267       1.0480988
       6550.5441       1.0474636
       6550.5615       1.0469976
       6550.5789       1.0468313
       6550.5963       1.0470470
       6550.6137       1.0476557
       6550.6311       1.0485897
       6550.6485       1.0497157
       6550.6659       1.0508681
       6550.6833       1.0518921
       6550.7008       1.0526829
       6550.7182       1.0532059
       6550.7356       1.0534951
       6550.7530       1.0536295
       6550.7704       1.0537005
       6550.7878       1.0537820
       6550.8052       1.0539164
       6550.8226       1.0541173
       6550.8400       1.0543854
       6550.8574       1.0547237
       6550.8749       1.0551425
       6550.8923       1.0556526
       6550.9097       1.0562549
       6550.9271       1.0569346
       6550.9445       1.0576668
       6550.9619       1.0584275
       6550.9793       1.0592036
       6550.9967       1.0599912
       6551.0141       1.0607844
       6551.0315       1.0615627
       6551.0490       1.0622835
       6551.0664       1.0628876
       6551.0838       1.0633131
       6551.1012       1.0635129
       6551.1186       1.0634686
       6551.1360       1.0631968
       6551.1534       1.0627485
       6551.1708       1.0622034
       6551.1882       1.0616603
       6551.2057       1.0612237
       6551.2231       1.0609852
       6551.2405       1.0610019
       6551.2579       1.0612773
       6551.2753       1.0617508
       6551.2927       1.0623021
       6551.3101       1.0627735
       6551.3275       1.0630051
       6551.3449       1.0628735
       6551.3623       1.0623241
       6551.3798       1.0613835
       6551.3972       1.0601481
       6551.4146       1.0587514
       6551.4320       1.0573213
       6551.4494       1.0559478
       6551.4668       1.0546735
       6551.4842       1.0535150
       6551.5016       1.0525022
       6551.5190       1.0517157
       6551.5364       1.0512984
       6551.5539       1.0514278
       6551.5713       1.0522566
       6551.5887       1.0538435
       6551.6061       1.0561036
       6551.6235       1.0587957
       6551.6409       1.0615823
       6551.6583       1.0641065
       6551.6757       1.0660781
       6551.6931       1.0673330
       6551.7105       1.0678514
       6551.7280       1.0677345
       6551.7454       1.0671569
       6551.7628       1.0663153
       6551.7802       1.0653895
       6551.7976       1.0645213
       6551.8150       1.0638056
       6551.8324       1.0632870
       6551.8498       1.0629529
       6551.8672       1.0627241
       6551.8846       1.0624498
       6551.9021       1.0619143
       6551.9195       1.0608588
       6551.9369       1.0590149
       6551.9543       1.0561370
       6551.9717       1.0520254
       6551.9891       1.0465375
       6552.0065       1.0395938
       6552.0239       1.0311949
       6552.0413       1.0214559
       6552.0587       1.0106548
       6552.0762      0.99927474
       6552.0936      0.98801203
       6552.1110      0.97772915
       6552.1284      0.96935091
       6552.1458      0.96372176
       6552.1632      0.96145912
       6552.1806      0.96284001
       6552.1980      0.96774916
       6552.2154      0.97569931
       6552.2329      0.98591577
       6552.2503      0.99746494
       6552.2677       1.0093796
       6552.2851       1.0208116
       6552.3025       1.0311175
       6552.3199       1.0399044
       6552.3373       1.0470331
       6552.3547       1.0525828
       6552.3721       1.0567877
       6552.3895       1.0599646
       6552.4070       1.0624444
       6552.4244       1.0645187
       6552.4418       1.0664068
       6552.4592       1.0682408
       6552.4766       1.0700679
       6552.4940       1.0718683
       6552.5114       1.0735853
       6552.5288       1.0751604
       6552.5462       1.0765634
       6552.5636       1.0778060
       6552.5811       1.0789370
       6552.5985       1.0800209
       6552.6159       1.0811134
       6552.6333       1.0822430
       6552.6507       1.0834057
       6552.6681       1.0845697
       6552.6855       1.0856864
       6552.7029       1.0867041
       6552.7203       1.0875823
       6552.7377       1.0883077
       6552.7552       1.0889050
       6552.7726       1.0894384
       6552.7900       1.0899961
       6552.8074       1.0906602
       6552.8248       1.0914719
       6552.8422       1.0924062
       6552.8596       1.0933681
       6552.8770       1.0942135
       6552.8944       1.0947887
       6552.9118       1.0949747
       6552.9293       1.0947272
       6552.9467       1.0940845
       6552.9641       1.0931542
       6552.9815       1.0920764
       6552.9989       1.0909799
       6553.0163       1.0899441
       6553.0337       1.0889794
       6553.0511       1.0880281
       6553.0685       1.0869812
       6553.0859       1.0857011
       6553.1034       1.0840445
       6553.1208       1.0818839
       6553.1382       1.0791299
       6553.1556       1.0757537
       6553.1730       1.0718056
       6553.1904       1.0674231
       6553.2078       1.0628208
       6553.2252       1.0582649
       6553.2426       1.0540375
       6553.2600       1.0504035
       6553.2775       1.0475885
       6553.2949       1.0457679
       6553.3123       1.0450624
       6553.3297       1.0455302
       6553.3471       1.0471517
       6553.3645       1.0498147
       6553.3819       1.0533091
       6553.3993       1.0573469
       6553.4167       1.0616041
       6553.4342       1.0657773
       6553.4516       1.0696324
       6553.4690       1.0730307
       6553.4864       1.0759274
       6553.5038       1.0783472
       6553.5212       1.0803499
       6553.5386       1.0819980
       6553.5560       1.0833315
       6553.5734       1.0843620
       6553.5908       1.0850715
       6553.6083       1.0854322
       6553.6257       1.0854354
       6553.6431       1.0851221
       6553.6605       1.0846015
       6553.6779       1.0840468
       6553.6953       1.0836661
       6553.7127       1.0836566
       6553.7301       1.0841582
       6553.7475       1.0852237
       6553.7649       1.0868145
       6553.7824       1.0888186
       6553.7998       1.0910797
       6553.8172       1.0934243
       6553.8346       1.0956777
       6553.8520       1.0976729
       6553.8694       1.0992609
       6553.8868       1.1003288
       6553.9042       1.1008262
       6553.9216       1.1007856
       6553.9390       1.1003239
       6553.9565       1.0996151
       6553.9739       1.0988420
       6553.9913       1.0981432
       6554.0087       1.0975782
       6554.0261       1.0971225
       6554.0435       1.0966930
       6554.0609       1.0961907
       6554.0783       1.0955424
       6554.0957       1.0947241
       6554.1131       1.0937612
       6554.1306       1.0927070
       6554.1480       1.0916156
       6554.1654       1.0905212
       6554.1828       1.0894353
       6554.2002       1.0883606
       6554.2176       1.0873152
       6554.2350       1.0863541
       6554.2524       1.0855786
       6554.2698       1.0851265
       6554.2872       1.0851458
       6554.3047       1.0857525
       6554.3221       1.0869868
       6554.3395       1.0887825
       6554.3569       1.0909655
       6554.3743       1.0932879
       6554.3917       1.0954883
       6554.4091       1.0973570
       6554.4265       1.0987808
       6554.4439       1.0997523
       6554.4614       1.1003441
       6554.4788       1.1006631
       6554.4962       1.1008082
       6554.5136       1.1008467
       6554.5310       1.1008166
       6554.5484       1.1007464
       6554.5658       1.1006787
       6554.5832       1.1006819
       6554.6006       1.1008440
       6554.6180       1.1012523
       6554.6355       1.1019720
       6554.6529       1.1030350
       6554.6703       1.1044432
       6554.6877       1.1061807
       6554.7051       1.1082244
       6554.7225       1.1105454
       6554.7399       1.1131024
       6554.7573       1.1158357
       6554.7747       1.1186704
       6554.7921       1.1215325
       6554.8096       1.1243722
       6554.8270       1.1271838
       6554.8444       1.1300116
       6554.8618       1.1329359
       6554.8792       1.1360314
       6554.8966       1.1393225
       6554.9140       1.1427464
       6554.9314       1.1461429
       6554.9488       1.1492804
       6554.9662       1.1519113
       6554.9837       1.1538374
       6555.0011       1.1549588
       6555.0185       1.1552895
       6555.0359       1.1549368
       6555.0533       1.1540542
       6555.0707       1.1527874
       6555.0881       1.1512289
       6555.1055       1.1493947
       6555.1229       1.1472282
       6555.1403       1.1446283
       6555.1578       1.1414934
       6555.1752       1.1377659
       6555.1926       1.1334635
       6555.2100       1.1286852
       6555.2274       1.1235944
       6555.2448       1.1183841
       6555.2622       1.1132409
       6555.2796       1.1083154
       6555.2970       1.1037056
       6555.3144       1.0994521
       6555.3319       1.0955413
       6555.3493       1.0919170
       6555.3667       1.0884991
       6555.3841       1.0852113
       6555.4015       1.0820111
       6555.4189       1.0789153
       6555.4363       1.0760094
       6555.4537       1.0734336
       6555.4711       1.0713484
       6555.4885       1.0698877
       6555.5060       1.0691186
       6555.5234       1.0690127
       6555.5408       1.0694508
       6555.5582       1.0702609
       6555.5756       1.0712660
       6555.5930       1.0723329
       6555.6104       1.0734006
       6555.6278       1.0744800
       6555.6452       1.0756274
       6555.6627       1.0769076
       6555.6801       1.0783663
       6555.6975       1.0800220
       6555.7149       1.0818745
       6555.7323       1.0839188
       6555.7497       1.0861477
       6555.7671       1.0885388
       6555.7845       1.0910306
       6555.8019       1.0935055
       6555.8193       1.0957914
       6555.8368       1.0976925
       6555.8542       1.0990377
       6555.8716       1.0997329
       6555.8890       1.0997950
       6555.9064       1.0993551
       6555.9238       1.0986294
       6555.9412       1.0978668
       6555.9586       1.0972919
       6555.9760       1.0970586
       6555.9934       1.0972266
       6556.0109       1.0977642
       6556.0283       1.0985747
       6556.0457       1.0995363
       6556.0631       1.1005437
       6556.0805       1.1015370
       6556.0979       1.1025101
       6556.1153       1.1034956
       6556.1327       1.1045344
       6556.1501       1.1056441
       6556.1675       1.1068018
       6556.1850       1.1079472
       6556.2024       1.1090075
       6556.2198       1.1099287
       6556.2372       1.1107001
       6556.2546       1.1113621
       6556.2720       1.1119952
       6556.2894       1.1126942
       6556.3068       1.1135374
       6556.3242       1.1145599
       6556.3416       1.1157387
       6556.3591       1.1169926
       6556.3765       1.1181974
       6556.3939       1.1192098
       6556.4113       1.1198910
       6556.4287       1.1201217
       6556.4461       1.1198048
       6556.4635       1.1188592
       6556.4809       1.1172163
       6556.4983       1.1148243
       6556.5157       1.1116620
       6556.5332       1.1077518
       6556.5506       1.1031652
       6556.5680       1.0980162
       6556.5854       1.0924528
       6556.6028       1.0866558
       6556.6202       1.0808506
       6556.6376       1.0753251
       6556.6550       1.0704350
       6556.6724       1.0665827
       6556.6899       1.0641598
       6556.7073       1.0634675
       6556.7247       1.0646354
       6556.7421       1.0675670
       6556.7595       1.0719317
       6556.7769       1.0772103
       6556.7943       1.0827830
       6556.8117       1.0880390
       6556.8291       1.0924927
       6556.8465       1.0958734
       6556.8640       1.0981521
       6556.8814       1.0995195
       6556.8988       1.1003107
       6556.9162       1.1008995
       6556.9336       1.1015957
       6556.9510       1.1025749
       6556.9684       1.1038609
       6556.9858       1.1053583
       6557.0032       1.1069171
       6557.0206       1.1083984
       6557.0381       1.1097219
       6557.0555       1.1108802
       6557.0729       1.1119247
       6557.0903       1.1129342
       6557.1077       1.1139833
       6557.1251       1.1151198
       6557.1425       1.1163619
       6557.1599       1.1177072
       6557.1773       1.1191487
       6557.1947       1.1206823
       6557.2122       1.1223014
       6557.2296       1.1239778
       6557.2470       1.1256418
       6557.2644       1.1271718
       6557.2818       1.1284058
       6557.2992       1.1291742
       6557.3166       1.1293459
       6557.3340       1.1288752
       6557.3514       1.1278318
       6557.3688       1.1264024
       6557.3863       1.1248574
       6557.4037       1.1234881
       6557.4211       1.1225313
       6557.4385       1.1221044
       6557.4559       1.1221733
       6557.4733       1.1225591
       6557.4907       1.1229786
       6557.5081       1.1231150
       6557.5255       1.1226770
       6557.5429       1.1214508
       6557.5604       1.1193408
       6557.5778       1.1163967
       6557.5952       1.1128253
       6557.6126       1.1089798
       6557.6300       1.1053191
       6557.6474       1.1023384
       6557.6648       1.1004791
       6557.6822       1.1000405
       6557.6996       1.1011155
       6557.7171       1.1035725
       6557.7345       1.1070923
       6557.7519       1.1112495
       6557.7693       1.1156136
       6557.7867       1.1198379
       6557.8041       1.1237081
       6557.8215       1.1271415
       6557.8389       1.1301446
       6557.8563       1.1327534
       6557.8737       1.1349835
       6557.8912       1.1368102
       6557.9086       1.1381812
       6557.9260       1.1390524
       6557.9434       1.1394227
       6557.9608       1.1393512
       6557.9782       1.1389466
       6557.9956       1.1383353
       6558.0130       1.1376244
       6558.0304       1.1368768
       6558.0478       1.1361082
       6558.0653       1.1353058
       6558.0827       1.1344573
       6558.1001       1.1335794
       6558.1175       1.1327338
       6558.1349       1.1320251
       6558.1523       1.1315809
       6558.1697       1.1315219
       6558.1871       1.1319294
       6558.2045       1.1328181
       6558.2219       1.1341228
       6558.2394       1.1357049
       6558.2568       1.1373776
       6558.2742       1.1389453
       6558.2916       1.1402439
       6558.3090       1.1411710
       6558.3264       1.1416978
       6558.3438       1.1418615
       6558.3612       1.1417442
       6558.3786       1.1414478
       6558.3960       1.1410729
       6558.4135       1.1407052
       6558.4309       1.1404113
       6558.4483       1.1402417
       6558.4657       1.1402388
       6558.4831       1.1404465
       6558.5005       1.1409170
       6558.5179       1.1417109
       6558.5353       1.1428892
       6558.5527       1.1444990
       6558.5701       1.1465538
       6558.5876       1.1490152
       6558.6050       1.1517808
       6558.6224       1.1546837
       6558.6398       1.1575106
       6558.6572       1.1600394
       6558.6746       1.1620893
       6558.6920       1.1635672
       6558.7094       1.1644922
       6558.7268       1.1649844
       6558.7442       1.1652216
       6558.7617       1.1653854
       6558.7791       1.1656213
       6558.7965       1.1660294
       6558.8139       1.1666838
       6558.8313       1.1676618
       6558.8487       1.1690558
       6558.8661       1.1709545
       6558.8835       1.1734024
       6558.9009       1.1763559
       6558.9184       1.1796645
       6558.9358       1.1830877
       6558.9532       1.1863485
       6558.9706       1.1892039
       6558.9880       1.1915078
       6559.0054       1.1932438
       6559.0228       1.1945160
       6559.0402       1.1955024
       6559.0576       1.1963897
       6559.0750       1.1973130
       6559.0925       1.1983207
       6559.1099       1.1993706
       6559.1273       1.2003523
       6559.1447       1.2011237
       6559.1621       1.2015465
       6559.1795       1.2015167
       6559.1969       1.2009822
       6559.2143       1.1999507
       6559.2317       1.1984835
       6559.2491       1.1966787
       6559.2666       1.1946466
       6559.2840       1.1924816
       6559.3014       1.1902407
       6559.3188       1.1879303
       6559.3362       1.1855063
       6559.3536       1.1828855
       6559.3710       1.1799649
       6559.3884       1.1766498
       6559.4058       1.1728857
       6559.4232       1.1686880
       6559.4407       1.1641791
       6559.4581       1.1595847
       6559.4755       1.1552121
       6559.4929       1.1513966
       6559.5103       1.1484253
       6559.5277       1.1464621
       6559.5451       1.1455008
       6559.5625       1.1453657
       6559.5799       1.1457637
       6559.5973       1.1463707
       6559.6148       1.1469254
       6559.6322       1.1472996
       6559.6496       1.1475250
       6559.6670       1.1477725
       6559.6844       1.1482949
       6559.7018       1.1493527
       6559.7192       1.1511460
       6559.7366       1.1537706
       6559.7540       1.1572042
       6559.7714       1.1613217
       6559.7889       1.1659265
       6559.8063       1.1707855
       6559.8237       1.1756580
       6559.8411       1.1803165
       6559.8585       1.1845610
       6559.8759       1.1882336
       6559.8933       1.1912341
       6559.9107       1.1935356
       6559.9281       1.1951937
       6559.9456       1.1963437
       6559.9630       1.1971822
       6559.9804       1.1979382
       6559.9978       1.1988369
       6560.0152       1.2000688
       6560.0326       1.2017653
       6560.0500       1.2039848
       6560.0674       1.2067069
       6560.0848       1.2098303
       6560.1022       1.2131859
       6560.1197       1.2165747
       6560.1371       1.2198127
       6560.1545       1.2227840
       6560.1719       1.2254772
       6560.1893       1.2279867
       6560.2067       1.2304734
       6560.2241       1.2330964
       6560.2415       1.2359466
       6560.2589       1.2390067
       6560.2763       1.2421569
       6560.2938       1.2452168
       6560.3112       1.2480052
       6560.3286       1.2503915
       6560.3460       1.2523213
       6560.3634       1.2538146
       6560.3808       1.2549386
       6560.3982       1.2557696
       6560.4156       1.2563538
       6560.4330       1.2566809
       6560.4504       1.2566807
       6560.4679       1.2562471
       6560.4853       1.2552838
       6560.5027       1.2537571
       6560.5201       1.2517347
       6560.5375       1.2493957
       6560.5549       1.2470098
       6560.5723       1.2448914
       6560.5897       1.2433462
       6560.6071       1.2426232
       6560.6245       1.2428826
       6560.6420       1.2441851
       6560.6594       1.2464997
       6560.6768       1.2497277
       6560.6942       1.2537299
       6560.7116       1.2583504
       6560.7290       1.2634308
       6560.7464       1.2688057
       6560.7638       1.2743154
       6560.7812       1.2798115
       6560.7986       1.2851741
       6560.8161       1.2903311
       6560.8335       1.2952654
       6560.8509       1.3000077
       6560.8683       1.3046139
       6560.8857       1.3091411
       6560.9031       1.3136310
       6560.9205       1.3181078
       6560.9379       1.3225856
       6560.9553       1.3270788
       6560.9728       1.3316087
       6560.9902       1.3362063
       6561.0076       1.3409114
       6561.0250       1.3457717
       6561.0424       1.3508393
       6561.0598       1.3561630
       6561.0772       1.3617788
       6561.0946       1.3677030
       6561.1120       1.3739344
       6561.1294       1.3804697
       6561.1469       1.3873266
       6561.1643       1.3945634
       6561.1817       1.4022829
       6561.1991       1.4106146
       6561.2165       1.4196796
       6561.2339       1.4295524
       6561.2513       1.4402337
       6561.2687       1.4516480
       6561.2861       1.4636677
       6561.3035       1.4761559
       6561.3210       1.4890125
       6561.3384       1.5022070
       6561.3558       1.5157836
       6561.3732       1.5298409
       6561.3906       1.5444914
       6561.4080       1.5598220
       6561.4254       1.5758745
       6561.4428       1.5926461
       6561.4602       1.6101042
       6561.4776       1.6282066
       6561.4951       1.6469144
       6561.5125       1.6661999
       6561.5299       1.6860495
       6561.5473       1.7064640
       6561.5647       1.7274539
       6561.5821       1.7490263
       6561.5995       1.7711659
       6561.6169       1.7938172
       6561.6343       1.8168804
       6561.6517       1.8402245
       6561.6692       1.8637114
       6561.6866       1.8872193
       6561.7040       1.9106504
       6561.7214       1.9339223
       6561.7388       1.9569468
       6561.7562       1.9796121
       6561.7736       2.0017752
       6561.7910       2.0232702
       6561.8084       2.0439282
       6561.8258       2.0636014
       6561.8433       2.0821834
       6561.8607       2.0996185
       6561.8781       2.1158982
       6561.8955       2.1310469
       6561.9129       2.1451072
       6561.9303       2.1581347
       6561.9477       2.1702119
       6561.9651       2.1814763
       6561.9825       2.1921473
       6561.9999       2.2025292
       6562.0174       2.2129750
       6562.0348       2.2238137
       6562.0522       2.2352376
       6562.0696       2.2472419
       6562.0870       2.2596041
       6562.1044       2.2719383
       6562.1218       2.2838046
       6562.1392       2.2948363
       6562.1566       2.3048399
       6562.1741       2.3138391
       6562.1915       2.3220561
       6562.2089       2.3298487
       6562.2263       2.3376314
       6562.2437       2.3458032
       6562.2611       2.3546954
       6562.2785       2.3645386
       6562.2959       2.3754445
       6562.3133       2.3873976
       6562.3307       2.4002599
       6562.3482       2.4137919
       6562.3656       2.4276931
       6562.3830       2.4416550
       6562.4004       2.4554163
       6562.4178       2.4688077
       6562.4352       2.4817786
       6562.4526       2.4944056
       6562.4700       2.5068831
       6562.4874       2.5194947
       6562.5048       2.5325653
       6562.5223       2.5463948
       6562.5397       2.5611870
       6562.5571       2.5769931
       6562.5745       2.5936887
       6562.5919       2.6109909
       6562.6093       2.6285078
       6562.6267       2.6458020
       6562.6441       2.6624485
       6562.6615       2.6780791
       6562.6789       2.6924033
       6562.6964       2.7052273
       6562.7138       2.7164371
       6562.7312       2.7259601
       6562.7486       2.7337216
       6562.7660       2.7396032
       6562.7834       2.7434199
       6562.8008       2.7449269
       6562.8182       2.7438480
       6562.8356       2.7399129
       6562.8530       2.7328857
       6562.8705       2.7225817
       6562.8879       2.7088773
       6562.9053       2.6917261
       6562.9227       2.6711863
       6562.9401       2.6474533
       6562.9575       2.6208824
       6562.9749       2.5919849
       6562.9923       2.5613920
       6563.0097       2.5297963
       6563.0271       2.4978871
       6563.0446       2.4662966
       6563.0620       2.4355629
       6563.0794       2.4061011
       6563.0968       2.3781762
       6563.1142       2.3518717
       6563.1316       2.3270705
       6563.1490       2.3034649
       6563.1664       2.2806150
       6563.1838       2.2580508
       6563.2013       2.2353923
       6563.2187       2.2124505
       6563.2361       2.1892755
       6563.2535       2.1661366
       6563.2709       2.1434454
       6563.2883       2.1216477
       6563.3057       2.1011163
       6563.3231       2.0820742
       6563.3405       2.0645610
       6563.3579       2.0484316
       6563.3754       2.0334257
       6563.3928       2.0192220
       6563.4102       2.0054880
       6563.4276       1.9919080
       6563.4450       1.9781941
       6563.4624       1.9640995
       6563.4798       1.9494461
       6563.4972       1.9341637
       6563.5146       1.9183185
       6563.5320       1.9021042
       6563.5495       1.8857859
       6563.5669       1.8696122
       6563.5843       1.8537333
       6563.6017       1.8381676
       6563.6191       1.8228388
       6563.6365       1.8076755
       6563.6539       1.7927327
       6563.6713       1.7782815
       6563.6887       1.7648185
       6563.7061       1.7529807
       6563.7236       1.7433857
       6563.7410       1.7364504
       6563.7584       1.7322522
       6563.7758       1.7304777
       6563.7932       1.7304748
       6563.8106       1.7313851
       6563.8280       1.7323133
       6563.8454       1.7324839
       6563.8628       1.7313463
       6563.8802       1.7286119
       6563.8977       1.7242232
       6563.9151       1.7182779
       6563.9325       1.7109346
       6563.9499       1.7023323
       6563.9673       1.6925457
       6563.9847       1.6815809
       6564.0021       1.6694358
       6564.0195       1.6561529
       6564.0369       1.6418754
       6564.0543       1.6268712
       6564.0718       1.6115045
       6564.0892       1.5961628
       6564.1066       1.5811642
       6564.1240       1.5666781
       6564.1414       1.5526918
       6564.1588       1.5390359
       6564.1762       1.5254573
       6564.1936       1.5117135
       6564.2110       1.4976537
       6564.2285       1.4832642
       6564.2459       1.4686667
       6564.2633       1.4540789
       6564.2807       1.4397513
       6564.2981       1.4259029
       6564.3155       1.4126728
       6564.3329       1.4001023
       6564.3503       1.3881480
       6564.3677       1.3767197
       6564.3851       1.3657271
       6564.4026       1.3551175
       6564.4200       1.3448931
       6564.4374       1.3351026
       6564.4548       1.3258102
       6564.4722       1.3170554
       6564.4896       1.3088174
       6564.5070       1.3010001
       6564.5244       1.2934463
       6564.5418       1.2859777
       6564.5592       1.2784489
       6564.5767       1.2707933
       6564.5941       1.2630472
       6564.6115       1.2553441
       6564.6289       1.2478852
       6564.6463       1.2408975
       6564.6637       1.2345826
       6564.6811       1.2290856
       6564.6985       1.2244698
       6564.7159       1.2207062
       6564.7333       1.2176770
       6564.7508       1.2151942
       6564.7682       1.2130316
       6564.7856       1.2109653
       6564.8030       1.2088150
       6564.8204       1.2064741
       6564.8378       1.2039226
       6564.8552       1.2012172
       6564.8726       1.1984661
       6564.8900       1.1957945
       6564.9074       1.1933136
       6564.9249       1.1910995
       6564.9423       1.1891843
       6564.9597       1.1875595
       6564.9771       1.1861866
       6564.9945       1.1850119
       6565.0119       1.1839806
       6565.0293       1.1830481
       6565.0467       1.1821875
       6565.0641       1.1813916
       6565.0815       1.1806694
       6565.0990       1.1800386
       6565.1164       1.1795142
       6565.1338       1.1790984
       6565.1512       1.1787731
       6565.1686       1.1784995
       6565.1860       1.1782226
       6565.2034       1.1778806
       6565.2208       1.1774142
       6565.2382       1.1767755
       6565.2556       1.1759358
       6565.2731       1.1748895
       6565.2905       1.1736547
       6565.3079       1.1722720
       6565.3253       1.1707907
       6565.3427       1.1692566
       6565.3601       1.1677042
       6565.3775       1.1661548
       6565.3949       1.1646240
       6565.4123       1.1631324
       6565.4298       1.1617135
       6565.4472       1.1604157
       6565.4646       1.1592958
       6565.4820       1.1584075
       6565.4994       1.1577878
       6565.5168       1.1574447
       6565.5342       1.1573496
       6565.5516       1.1574383
       6565.5690       1.1576231
       6565.5864       1.1578136
       6565.6039       1.1579406
       6565.6213       1.1579704
       6565.6387       1.1579024
       6565.6561       1.1577506
       6565.6735       1.1575211
       6565.6909       1.1572010
       6565.7083       1.1567673
       6565.7257       1.1562123
       6565.7431       1.1555676
       6565.7605       1.1549106
       6565.7780       1.1543466
       6565.7954       1.1539756
       6565.8128       1.1538622
       6565.8302       1.1540221
       6565.8476       1.1544266
       6565.8650       1.1550144
       6565.8824       1.1556970
       6565.8998       1.1563533
       6565.9172       1.1568245
       6565.9346       1.1569229
       6565.9521       1.1564718
       6565.9695       1.1553670
       6565.9869       1.1536233
       6566.0043       1.1513944
       6566.0217       1.1489462
       6566.0391       1.1465912
       6566.0565       1.1446083
       6566.0739       1.1431770
       6566.0913       1.1423448
       6566.1087       1.1420321
       6566.1262       1.1420686
       6566.1436       1.1422469
       6566.1610       1.1423801
       6566.1784       1.1423494
       6566.1958       1.1421315
       6566.2132       1.1417953
       6566.2306       1.1414697
       6566.2480       1.1412906
       6566.2654       1.1413469
       6566.2828       1.1416456
       6566.3003       1.1421108
       6566.3177       1.1426154
       6566.3351       1.1430297
       6566.3525       1.1432675
       6566.3699       1.1433098
       6566.3873       1.1432030
       6566.4047       1.1430361
       6566.4221       1.1429126
       6566.4395       1.1429265
       6566.4570       1.1431455
       6566.4744       1.1435991
       6566.4918       1.1442676
       6566.5092       1.1450741
       6566.5266       1.1458877
       6566.5440       1.1465460
       6566.5614       1.1468953
       6566.5788       1.1468377
       6566.5962       1.1463638
       6566.6136       1.1455657
       6566.6311       1.1445988
       6566.6485       1.1436347
       6566.6659       1.1428112
       6566.6833       1.1422011
       6566.7007       1.1418073
       6566.7181       1.1415798
       6566.7355       1.1414415
       6566.7529       1.1413097
       6566.7703       1.1411065
       6566.7877       1.1407597
       6566.8052       1.1402024
       6566.8226       1.1393778
       6566.8400       1.1382526
       6566.8574       1.1368343
       6566.8748       1.1351838
       6566.8922       1.1334147
       6566.9096       1.1316790
       6566.9270       1.1301412
       6566.9444       1.1289513
       6566.9618       1.1282209
       6566.9793       1.1280079
       6566.9967       1.1283076
       6567.0141       1.1290479
       6567.0315       1.1300916
       6567.0489       1.1312465
       6567.0663       1.1322880
       6567.0837       1.1329928
       6567.1011       1.1331792
       6567.1185       1.1327434
       6567.1359       1.1316812
       6567.1534       1.1300895
       6567.1708       1.1281474
       6567.1882       1.1260813
       6567.2056       1.1241250
       6567.2230       1.1224841
       6567.2404       1.1213139
       6567.2578       1.1207049
       6567.2752       1.1206839
       6567.2926       1.1212255
       6567.3100       1.1222599
       6567.3275       1.1236810
       6567.3449       1.1253557
       6567.3623       1.1271355
       6567.3797       1.1288702
       6567.3971       1.1304190
       6567.4145       1.1316572
       6567.4319       1.1324794
       6567.4493       1.1328015
       6567.4667       1.1325701
       6567.4842       1.1317774
       6567.5016       1.1304783
       6567.5190       1.1288007
       6567.5364       1.1269391
       6567.5538       1.1251280
       6567.5712       1.1235991
       6567.5886       1.1225315
       6567.6060       1.1220109
       6567.6234       1.1220100
       6567.6408       1.1224005
       6567.6583       1.1229910
       6567.6757       1.1235808
       6567.6931       1.1240087
       6567.7105       1.1241815
       6567.7279       1.1240765
       6567.7453       1.1237222
       6567.7627       1.1231718
       6567.7801       1.1224845
       6567.7975       1.1217199
       6567.8149       1.1209458
       6567.8324       1.1202477
       6567.8498       1.1197275
       6567.8672       1.1194880
       6567.8846       1.1196055
       6567.9020       1.1201041
       6567.9194       1.1209345
       6567.9368       1.1219847
       6567.9542       1.1230975
       6567.9716       1.1240975
       6567.9890       1.1248165
       6568.0065       1.1251131
       6568.0239       1.1248861
       6568.0413       1.1240848
       6568.0587       1.1227179
       6568.0761       1.1208583
       6568.0935       1.1186378
       6568.1109       1.1162285
       6568.1283       1.1138120
       6568.1457       1.1115448
       6568.1631       1.1095331
       6568.1806       1.1078230
       6568.1980       1.1064052
       6568.2154       1.1052305
       6568.2328       1.1042283
       6568.2502       1.1033250
       6568.2676       1.1024651
       6568.2850       1.1016313
       6568.3024       1.1008626
       6568.3198       1.1002601
       6568.3372       1.0999758
       6568.3547       1.1001855
       6568.3721       1.1010548
       6568.3895       1.1027119
       6568.4069       1.1052380
       6568.4243       1.1086709
       6568.4417       1.1130114
       6568.4591       1.1182192
       6568.4765       1.1241927
       6568.4939       1.1307477
       6568.5113       1.1376156
       6568.5288       1.1444784
       6568.5462       1.1510336
       6568.5636       1.1570817
       6568.5810       1.1625743
       6568.5984       1.1676092
       6568.6158       1.1723755
       6568.6332       1.1770638
       6568.6506       1.1817812
       6568.6680       1.1865005
       6568.6855       1.1910618
       6568.7029       1.1952208
       6568.7203       1.1987202
       6568.7377       1.2013550
       6568.7551       1.2030086
       6568.7725       1.2036510
       6568.7899       1.2033090
       6568.8073       1.2020277
       6568.8247       1.1998429
       6568.8421       1.1967738
       6568.8596       1.1928337
       6568.8770       1.1880487
       6568.8944       1.1824733
       6568.9118       1.1761973
       6568.9292       1.1693447
       6568.9466       1.1620679
       6568.9640       1.1545388
       6568.9814       1.1469350
       6568.9988       1.1394188
       6569.0162       1.1321113
       6569.0337       1.1250672
       6569.0511       1.1182640
       6569.0685       1.1116126
       6569.0859       1.1049905
       6569.1033       1.0982892
       6569.1207       1.0914575
       6569.1381       1.0845258
       6569.1555       1.0776032
       6569.1729       1.0708509
       6569.1903       1.0644454
       6569.2078       1.0585477
       6569.2252       1.0532801
       6569.2426       1.0487258
       6569.2600       1.0449338
       6569.2774       1.0419236
       6569.2948       1.0396901
       6569.3122       1.0382114
       6569.3296       1.0374640
       6569.3470       1.0374426
       6569.3644       1.0381727
       6569.3819       1.0397047
       6569.3993       1.0420870
       6569.4167       1.0453263
       6569.4341       1.0493522
       6569.4515       1.0540059
       6569.4689       1.0590574
       6569.4863       1.0642469
       6569.5037       1.0693314
       6569.5211       1.0741204
       6569.5385       1.0784880
       6569.5560       1.0823649
       6569.5734       1.0857209
       6569.5908       1.0885517
       6569.6082       1.0908746
       6569.6256       1.0927321
       6569.6430       1.0941937
       6569.6604       1.0953474
       6569.6778       1.0962813
       6569.6952       1.0970612
       6569.7127       1.0977146
       6569.7301       1.0982294
       6569.7475       1.0985688
       6569.7649       1.0986956
       6569.7823       1.0985962
       6569.7997       1.0982944
       6569.8171       1.0978482
       6569.8345       1.0973318
       6569.8519       1.0968085
       6569.8693       1.0963095
       6569.8868       1.0958281
       6569.9042       1.0953367
       6569.9216       1.0948156
       6569.9390       1.0942799
       6569.9564       1.0937893
       6569.9738       1.0934334
       6569.9912       1.0933020
       6570.0086       1.0934527
       6570.0260       1.0938912
       6570.0434       1.0945693
       6570.0609       1.0953988
       6570.0783       1.0962723
       6570.0957       1.0970856
       6570.1131       1.0977535
       6570.1305       1.0982192
       6570.1479       1.0984550
       6570.1653       1.0984554
       6570.1827       1.0982273
       6570.2001       1.0977807
       6570.2175       1.0971259
       6570.2350       1.0962793
       6570.2524       1.0952756
       6570.2698       1.0941782
       6570.2872       1.0930805
       6570.3046       1.0920931
       6570.3220       1.0913183
       6570.3394       1.0908203
       6570.3568       1.0906037
       6570.3742       1.0906094
       6570.3916       1.0907319
       6570.4091       1.0908511
       6570.4265       1.0908687
       6570.4439       1.0907341
       6570.4613       1.0904518
       6570.4787       1.0900680
       6570.4961       1.0896439
       6570.5135       1.0892261
       6570.5309       1.0888273
       6570.5483       1.0884251
       6570.5657       1.0879802
       6570.5832       1.0874628
       6570.6006       1.0868760
       6570.6180       1.0862632
       6570.6354       1.0856966
       6570.6528       1.0852528
       6570.6702       1.0849910
       6570.6876       1.0849437
       6570.7050       1.0851234
       6570.7224       1.0855348
       6570.7398       1.0861795
       6570.7573       1.0870457
       6570.7747       1.0880880
       6570.7921       1.0892122
       6570.8095       1.0902803
       6570.8269       1.0911408
       6570.8443       1.0916725
       6570.8617       1.0918231
       6570.8791       1.0916233
       6570.8965       1.0911718
       6570.9140       1.0905991
       6570.9314       1.0900286
       6570.9488       1.0895494
       6570.9662       1.0892084
       6570.9836       1.0890174
       6571.0010       1.0889658
       6571.0184       1.0890300
       6571.0358       1.0891762
       6571.0532       1.0893581
       6571.0706       1.0895152
       6571.0881       1.0895758
       6571.1055       1.0894670
       6571.1229       1.0891275
       6571.1403       1.0885211
       6571.1577       1.0876421
       6571.1751       1.0865234
       6571.1925       1.0852294
       6571.2099       1.0838545
       6571.2273       1.0825164
       6571.2447       1.0813442
       6571.2622       1.0804589
       6571.2796       1.0799489
       6571.2970       1.0798501
       6571.3144       1.0801363
       6571.3318       1.0807242
       6571.3492       1.0814851
       6571.3666       1.0822554
       6571.3840       1.0828379
       6571.4014       1.0829965
       6571.4188       1.0824546
       6571.4363       1.0809080
       6571.4537       1.0780619
       6571.4711       1.0736880
       6571.4885       1.0676921
       6571.5059       1.0601738
       6571.5233       1.0514605
       6571.5407       1.0421003
       6571.5581       1.0328104
       6571.5755       1.0243859
       6571.5929       1.0175884
       6571.6104       1.0130351
       6571.6278       1.0111126
       6571.6452       1.0119272
       6571.6626       1.0152978
       6571.6800       1.0207893
       6571.6974       1.0277815
       6571.7148       1.0355639
       6571.7322       1.0434431
       6571.7496       1.0508431
       6571.7670       1.0573779
       6571.7845       1.0628768
       6571.8019       1.0673566
       6571.8193       1.0709651
       6571.8367       1.0738982
       6571.8541       1.0763258
       6571.8715       1.0783590
       6571.8889       1.0800487
       6571.9063       1.0814094
       6571.9237       1.0824523
       6571.9412       1.0832127
       6571.9586       1.0837640
       6571.9760       1.0842136
       6571.9934       1.0846829
       6572.0108       1.0852772
       6572.0282       1.0860526
       6572.0456       1.0869940
       6572.0630       1.0880116
       6572.0804       1.0889652
       6572.0978       1.0897081
       6572.1153       1.0901387
       6572.1327       1.0902378
       6572.1501       1.0900794
       6572.1675       1.0898105
       6572.1849       1.0896082
       6572.2023       1.0896324
       6572.2197       1.0899893
       6572.2371       1.0907148
       6572.2545       1.0917768
       6572.2719       1.0930894
       6572.2894       1.0945280
       6572.3068       1.0959433
       6572.3242       1.0971737
       6572.3416       1.0980633
       6572.3590       1.0984883
       6572.3764       1.0983846
       6572.3938       1.0977658
       6572.4112       1.0967174
       6572.4286       1.0953663
       6572.4460       1.0938383
       6572.4635       1.0922247
       6572.4809       1.0905718
       6572.4983       1.0888989
       6572.5157       1.0872240
       6572.5331       1.0855780
       6572.5505       1.0839990
       6572.5679       1.0825137
       6572.5853       1.0811210
       6572.6027       1.0797936
       6572.6201       1.0784944
       6572.6376       1.0771971
       6572.6550       1.0758926
       6572.6724       1.0745769
       6572.6898       1.0732274
       6572.7072       1.0717855
       6572.7246       1.0701620
       6572.7420       1.0682674
       6572.7594       1.0660556
       6572.7768       1.0635615
       6572.7942       1.0609140
       6572.8117       1.0583159
       6572.8291       1.0559971
       6572.8465       1.0541546
       6572.8639       1.0529019
       6572.8813       1.0522403
       6572.8987       1.0520628
       6572.9161       1.0521873
       6572.9335       1.0524088
       6572.9509       1.0525567
       6572.9684       1.0525429
       6572.9858       1.0523883
       6573.0032       1.0522187
       6573.0206       1.0522281
       6573.0380       1.0526181
       6573.0554       1.0535290
       6573.0728       1.0549856
       6573.0902       1.0568790
       6573.1076       1.0589909
       6573.1250       1.0610520
       6573.1425       1.0628206
       6573.1599       1.0641402
       6573.1773       1.0649651
       6573.1947       1.0653515
       6573.2121       1.0654230
       6573.2295       1.0653292
       6573.2469       1.0652092
       6573.2643       1.0651696
       6573.2817       1.0652759
       6573.2991       1.0655540
       6573.3166       1.0659959
       6573.3340       1.0665657
       6573.3514       1.0672047
       6573.3688       1.0678377
       6573.3862       1.0683838
       6573.4036       1.0687722
       6573.4210       1.0689614
       6573.4384       1.0689548
       6573.4558       1.0688035
       6573.4732       1.0685941
       6573.4907       1.0684231
       6573.5081       1.0683674
       6573.5255       1.0684625
       6573.5429       1.0686944
       6573.5603       1.0690081
       6573.5777       1.0693290
       6573.5951       1.0695891
       6573.6125       1.0697510
       6573.6299       1.0698210
       6573.6473       1.0698466
       6573.6648       1.0698972
       6573.6822       1.0700363
       6573.6996       1.0702950
       6573.7170       1.0706612
       6573.7344       1.0710885
       6573.7518       1.0715218
       6573.7692       1.0719259
       6573.7866       1.0723028
       6573.8040       1.0726875
       6573.8214       1.0731251
       6573.8389       1.0736399
       6573.8563       1.0742120
       6573.8737       1.0747715
       6573.8911       1.0752124
       6573.9085       1.0754234
       6573.9259       1.0753233
       6573.9433       1.0748897
       6573.9607       1.0741701
       6573.9781       1.0732689
       6573.9955       1.0723140
       6574.0130       1.0714110
       6574.0304       1.0706019
       6574.0478       1.0698412
       6574.0652       1.0689984
       6574.0826       1.0678863
       6574.1000       1.0663063
       6574.1174       1.0640984
       6574.1348       1.0611795
       6574.1522       1.0575571
       6574.1697       1.0533129
       6574.1871       1.0485597
       6574.2045       1.0433863
       6574.2219       1.0378122
       6574.2393       1.0317759
       6574.2567       1.0251691
       6574.2741       1.0179164
       6574.2915       1.0100774
       6574.3089       1.0019368
       6574.3263      0.99404426
       6574.3438      0.98717810
       6574.3612      0.98223205
       6574.3786      0.98004908
       6574.3960      0.98124716
       6574.4134      0.98610225
       6574.4308      0.99443700
       6574.4482       1.0056835
       6574.4656       1.0189914
       6574.4830       1.0333625
       6574.5004       1.0478007
       6574.5179       1.0614401
       6574.5353       1.0736346
       6574.5527       1.0839977
       6574.5701       1.0923938
       6574.5875       1.0988851
       6574.6049       1.1036535
       6574.6223       1.1069162
       6574.6397       1.1088606
       6574.6571       1.1096134
       6574.6745       1.1092469
       6574.6920       1.1078114
       6574.7094       1.1053702
       6574.7268       1.1020203
       6574.7442       1.0978900
       6574.7616       1.0931224
       6574.7790       1.0878594
       6574.7964       1.0822389
       6574.8138       1.0764067
       6574.8312       1.0705289
       6574.8486       1.0647949
       6574.8661       1.0594009
       6574.8835       1.0545196
       6574.9009       1.0502690
       6574.9183       1.0466903
       6574.9357       1.0437422
       6574.9531       1.0413105
       6574.9705       1.0392314
       6574.9879       1.0373264
       6575.0053       1.0354444
       6575.0227       1.0335020
       6575.0402       1.0315064
       6575.0576       1.0295512
       6575.0750       1.0277813
       6575.0924       1.0263350
       6575.1098       1.0253013
       6575.1272       1.0247022
       6575.1446       1.0245091
       6575.1620       1.0246780
       6575.1794       1.0251817
       6575.1969       1.0260197
       6575.2143       1.0272032
       6575.2317       1.0287263
       6575.2491       1.0305406
       6575.2665       1.0325493
       6575.2839       1.0346227
       6575.3013       1.0366294
       6575.3187       1.0384706
       6575.3361       1.0401036
       6575.3535       1.0415469
       6575.3710       1.0428651
       6575.3884       1.0441396
       6575.4058       1.0454356
       6575.4232       1.0467751
       6575.4406       1.0481254
       6575.4580       1.0494062
       6575.4754       1.0505142
       6575.4928       1.0513576
       6575.5102       1.0518874
       6575.5276       1.0521155
       6575.5451       1.0521113
       6575.5625       1.0519802
       6575.5799       1.0518357
       6575.5973       1.0517736
       6575.6147       1.0518592
       6575.6321       1.0521231
       6575.6495       1.0525632
       6575.6669       1.0531460
       6575.6843       1.0538082
       6575.7017       1.0544595
       6575.7192       1.0549915
       6575.7366       1.0552966
       6575.7540       1.0552896
       6575.7714       1.0549250
       6575.7888       1.0542086
       6575.8062       1.0531977
       6575.8236       1.0519914
       6575.8410       1.0507159
       6575.8584       1.0495079
       6575.8758       1.0485003
       6575.8933       1.0478086
       6575.9107       1.0475177
       6575.9281       1.0476696
       6575.9455       1.0482537
       6575.9629       1.0492055
       6575.9803       1.0504157
       6575.9977       1.0517493
       6576.0151       1.0530690
       6576.0325       1.0542554
       6576.0499       1.0552186
       6576.0674       1.0559013
       6576.0848       1.0562762
       6576.1022       1.0563419
       6576.1196       1.0561208
       6576.1370       1.0556576
       6576.1544       1.0550136
       6576.1718       1.0542567
       6576.1892       1.0534479
       6576.2066       1.0526301
       6576.2241       1.0518266
       6576.2415       1.0510499
       6576.2589       1.0503178
       6576.2763       1.0496654
       6576.2937       1.0491459
       6576.3111       1.0488166
       6576.3285       1.0487172
       6576.3459       1.0488533
       6576.3633       1.0491926
       6576.3807       1.0496719
       6576.3982       1.0502132
       6576.4156       1.0507358
       6576.4330       1.0511605
       6576.4504       1.0514096
       6576.4678       1.0514117
       6576.4852       1.0511125
       6576.5026       1.0504903
       6576.5200       1.0495673
       6576.5374       1.0484091
       6576.5548       1.0471096
       6576.5723       1.0457672
       6576.5897       1.0444613
       6576.6071       1.0432405
       6576.6245       1.0421263
       6576.6419       1.0411300
       6576.6593       1.0402710
       6576.6767       1.0395860
       6576.6941       1.0391221
       6576.7115       1.0389177
       6576.7289       1.0389811
       6576.7464       1.0392806
       6576.7638       1.0397533
       6576.7812       1.0403261
       6576.7986       1.0409390
       6576.8160       1.0415555
       6576.8334       1.0421575
       6576.8508       1.0427294
       6576.8682       1.0432429
       6576.8856       1.0436532
       6576.9030       1.0439087
       6576.9205       1.0439699
       6576.9379       1.0438270
       6576.9553       1.0435095
       6576.9727       1.0430841
       6576.9901       1.0426425
       6577.0075       1.0422854
       6577.0249       1.0421071
       6577.0423       1.0421763
       6577.0597       1.0425275
       6577.0771       1.0431510
       6577.0946       1.0439887
       6577.1120       1.0449364
       6577.1294       1.0458554
       6577.1468       1.0465960
       6577.1642       1.0470264
       6577.1816       1.0470612
       6577.1990       1.0466810
       6577.2164       1.0459343
       6577.2338       1.0449231
       6577.2512       1.0437763
       6577.2687       1.0426214
       6577.2861       1.0415629
       6577.3035       1.0406733
       6577.3209       1.0399933
       6577.3383       1.0395373
       6577.3557       1.0392989
       6577.3731       1.0392548
       6577.3905       1.0393671
       6577.4079       1.0395882
       6577.4254       1.0398682
       6577.4428       1.0401642
       6577.4602       1.0404490
       6577.4776       1.0407149
       6577.4950       1.0409730
       6577.5124       1.0412462
       6577.5298       1.0415608
       6577.5472       1.0419378
       6577.5646       1.0423867
       6577.5820       1.0429021
       6577.5995       1.0434622
       6577.6169       1.0440312
       6577.6343       1.0445641
       6577.6517       1.0450157
       6577.6691       1.0453474
       6577.6865       1.0455346
       6577.7039       1.0455702
       6577.7213       1.0454666
       6577.7387       1.0452580
       6577.7561       1.0450005
       6577.7736       1.0447625
       6577.7910       1.0446057
       6577.8084       1.0445576
       6577.8258       1.0445919
       6577.8432       1.0446285
       6577.8606       1.0445579
       6577.8780       1.0442840
       6577.8954       1.0437624
       6577.9128       1.0430192
       6577.9302       1.0421402
       6577.9477       1.0412387
       6577.9651       1.0404203
       6577.9825       1.0397601
       6577.9999       1.0393000
       6578.0173       1.0390599
       6578.0347       1.0390517
       6578.0521       1.0392848
       6578.0695       1.0397611
       6578.0869       1.0404666
       6578.1043       1.0413659
       6578.1218       1.0424072
       6578.1392       1.0435313
       6578.1566       1.0446804
       6578.1740       1.0457975
       6578.1914       1.0468194
       6578.2088       1.0476698
       6578.2262       1.0482603
       6578.2436       1.0485015
       6578.2610       1.0483195
       6578.2784       1.0476724
       6578.2959       1.0465597
       6578.3133       1.0450267
       6578.3307       1.0431631
       6578.3481       1.0411046
       6578.3655       1.0390161
       6578.3829       1.0370767
       6578.4003       1.0354537
       6578.4177       1.0342751
       6578.4351       1.0336086
       6578.4526       1.0334547
       6578.4700       1.0337560
       6578.4874       1.0344173
       6578.5048       1.0353242
       6578.5222       1.0363546
       6578.5396       1.0373795
       6578.5570       1.0382619
       6578.5744       1.0388633
       6578.5918       1.0390658
       6578.6092       1.0388044
       6578.6267       1.0380981
       6578.6441       1.0370635
       6578.6615       1.0359020
       6578.6789       1.0348596
       6578.6963       1.0341707
       6578.7137       1.0340017
       6578.7311       1.0344106
       6578.7485       1.0353340
       6578.7659       1.0366066
       6578.7833       1.0380080
       6578.8008       1.0393215
       6578.8182       1.0403888
       6578.8356       1.0411403
       6578.8530       1.0415956
       6578.8704       1.0418361
       6578.8878       1.0419656
       6578.9052       1.0420748
       6578.9226       1.0422219
       6578.9400       1.0424330
       6578.9574       1.0427133
       6578.9749       1.0430580
       6578.9923       1.0434528
       6579.0097       1.0438644
       6579.0271       1.0442310
       6579.0445       1.0444648
       6579.0619       1.0444772
       6579.0793       1.0442164
       6579.0967       1.0437019
       6579.1141       1.0430324
       6579.1315       1.0423591
       6579.1490       1.0418310
       6579.1664       1.0415391
       6579.1838       1.0414854
       6579.2012       1.0415912
       6579.2186       1.0417389
       6579.2360       1.0418248
       6579.2534       1.0417957
       6579.2708       1.0416549
       6579.2882       1.0414399
       6579.3056       1.0411882
       6579.3231       1.0409123
       6579.3405       1.0405977
       6579.3579       1.0402232
       6579.3753       1.0397931
       6579.3927       1.0393635
       6579.4101       1.0390475
       6579.4275       1.0389921
       6579.4449       1.0393317
       6579.4623       1.0401361
       6579.4798       1.0413716
       6579.4972       1.0428962
       6579.5146       1.0444941
       6579.5320       1.0459403
       6579.5494       1.0470698
       6579.5668       1.0478247
       6579.5842       1.0482562
       6579.6016       1.0484859
       6579.6190       1.0486438
       6579.6364       1.0488147
       6579.6539       1.0490122
       6579.6713       1.0491904
       6579.6887       1.0492759
       6579.7061       1.0492011
       6579.7235       1.0489245
       6579.7409       1.0484361
       6579.7583       1.0477529
       6579.7757       1.0469116
       6579.7931       1.0459642
       6579.8105       1.0449743
       6579.8280       1.0440128
       6579.8454       1.0431489
       6579.8628       1.0424346
       6579.8802       1.0418864
       6579.8976       1.0414707
       6579.9150       1.0411011
       6579.9324       1.0406560
       6579.9498       1.0400145
       6579.9672       1.0390995
       6579.9846       1.0379117
       6580.0021       1.0365369
       6580.0195       1.0351204
       6580.0369       1.0338182
       6580.0543       1.0327420
       6580.0717       1.0319193
       6580.0891       1.0312823
       6580.1065       1.0306864
       6580.1239       1.0299492
       6580.1413       1.0288979
       6580.1587       1.0274118
       6580.1762       1.0254518
       6580.1936       1.0230714
       6580.2110       1.0204096
       6580.2284       1.0176663
       6580.2458       1.0150681
       6580.2632       1.0128305
       6580.2806       1.0111309
       6580.2980       1.0100816
       6580.3154       1.0097270
       6580.3328       1.0100490
       6580.3503       1.0109772
       6580.3677       1.0124035
       6580.3851       1.0142009
       6580.4025       1.0162433
       6580.4199       1.0184230
       6580.4373       1.0206583
       6580.4547       1.0228910
       6580.4721       1.0250756
       6580.4895       1.0271690
       6580.5069       1.0291305
       6580.5244       1.0309327
       6580.5418       1.0325799
       6580.5592       1.0341185
       6580.5766       1.0356311
       6580.5940       1.0372097
       6580.6114       1.0389190
       6580.6288       1.0407654
       6580.6462       1.0426885
       6580.6636       1.0445791
       6580.6811       1.0463165
       6580.6985       1.0478078
       6580.7159       1.0490124
       6580.7333       1.0499407
       6580.7507       1.0506333
       6580.7681       1.0511280
       6580.7855       1.0514314
       6580.8029       1.0515056
       6580.8203       1.0512752
       6580.8377       1.0506526
       6580.8552       1.0495723
       6580.8726       1.0480236
       6580.8900       1.0460675
       6580.9074       1.0438320
       6580.9248       1.0414853
       6580.9422       1.0392002
       6580.9596       1.0371183
       6580.9770       1.0353365
       6580.9944       1.0339097
       6581.0118       1.0328625
       6581.0293       1.0321968
       6581.0467       1.0318902
       6581.0641       1.0318866
       6581.0815       1.0320921
       6581.0989       1.0323817
       6581.1163       1.0326201
       6581.1337       1.0326883
       6581.1511       1.0325079
       6581.1685       1.0320557
       6581.1859       1.0313677
       6581.2034       1.0305313
       6581.2208       1.0296693
       6581.2382       1.0289168
       6581.2556       1.0283943
       6581.2730       1.0281858
       6581.2904       1.0283269
       6581.3078       1.0288067
       6581.3252       1.0295811
       6581.3426       1.0305888
       6581.3600       1.0317643
       6581.3775       1.0330431
       6581.3949       1.0343610
       6581.4123       1.0356528
       6581.4297       1.0368520
       6581.4471       1.0378935
       6581.4645       1.0387157
       6581.4819       1.0392607
       6581.4993       1.0394748
       6581.5167       1.0393125
       6581.5341       1.0387470
       6581.5516       1.0377869
       6581.5690       1.0364912
       6581.5864       1.0349734
       6581.6038       1.0333934
       6581.6212       1.0319256
       6581.6386       1.0307274
       6581.6560       1.0299123
       6581.6734       1.0295365
       6581.6908       1.0296020
       6581.7083       1.0300695
       6581.7257       1.0308743
       6581.7431       1.0319363
       6581.7605       1.0331632
       6581.7779       1.0344497
       6581.7953       1.0356804
       6581.8127       1.0367416
       6581.8301       1.0375432
       6581.8475       1.0380428
       6581.8649       1.0382611
       6581.8824       1.0382755
       6581.8998       1.0381902
       6581.9172       1.0380916
       6581.9346       1.0380091
       6581.9520       1.0379020
       6581.9694       1.0376836
       6581.9868       1.0372730
       6582.0042       1.0366493
       6582.0216       1.0358810
       6582.0390       1.0351124
       6582.0565       1.0345136
       6582.0739       1.0342187
       6582.0913       1.0342795
       6582.1087       1.0346546
       6582.1261       1.0352321
       6582.1435       1.0358707
       6582.1609       1.0364367
       6582.1783       1.0368260
       6582.1957       1.0369691
       6582.2131       1.0368280
       6582.2306       1.0363899
       6582.2480       1.0356681
       6582.2654       1.0347032
       6582.2828       1.0335599
       6582.3002       1.0323267
       6582.3176       1.0311108
       6582.3350       1.0300326
       6582.3524       1.0292136
       6582.3698       1.0287606
       6582.3872       1.0287452
       6582.4047       1.0291867
       6582.4221       1.0300438
       6582.4395       1.0312190
       6582.4569       1.0325737
       6582.4743       1.0339512
       6582.4917       1.0352002
       6582.5091       1.0361986
       6582.5265       1.0368746
       6582.5439       1.0372210
       6582.5613       1.0372972
       6582.5788       1.0372113
       6582.5962       1.0370847
       6582.6136       1.0370084
       6582.6310       1.0370065
       6582.6484       1.0370245
       6582.6658       1.0369491
       6582.6832       1.0366518
       6582.7006       1.0360406
       6582.7180       1.0350986
       6582.7355       1.0338974
       6582.7529       1.0325828
       6582.7703       1.0313422
       6582.7877       1.0303668
       6582.8051       1.0298211
       6582.8225       1.0298193
       6582.8399       1.0304107
       6582.8573       1.0315670
       6582.8747       1.0331758
       6582.8921       1.0350451
       6582.9096       1.0369259
       6582.9270       1.0385655
       6582.9444       1.0397647
       6582.9618       1.0404305
       6582.9792       1.0406047
       6582.9966       1.0404530
       6583.0140       1.0402180
       6583.0314       1.0401496
       6583.0488       1.0404357
       6583.0662       1.0411554
       6583.0837       1.0422676
       6583.1011       1.0436363
       6583.1185       1.0450804
       6583.1359       1.0464295
       6583.1533       1.0475641
       6583.1707       1.0484332
       6583.1881       1.0490460
       6583.2055       1.0494504
       6583.2229       1.0497092
       6583.2403       1.0498822
       6583.2578       1.0500159
       6583.2752       1.0501369
       6583.2926       1.0502486
       6583.3100       1.0503293
       6583.3274       1.0503362
       6583.3448       1.0502132
       6583.3622       1.0499024
       6583.3796       1.0493554
       6583.3970       1.0485422
       6583.4144       1.0474571
       6583.4319       1.0461193
       6583.4493       1.0445687
       6583.4667       1.0428538
       6583.4841       1.0410165
       6583.5015       1.0390802
       6583.5189       1.0370528
       6583.5363       1.0349447
       6583.5537       1.0327983
       6583.5711       1.0307087
       6583.5885       1.0288219
       6583.6060       1.0273064
       6583.6234       1.0263063
       6583.6408       1.0258935
       6583.6582       1.0260373
       6583.6756       1.0266037
       6583.6930       1.0273836
       6583.7104       1.0281382
       6583.7278       1.0286482
       6583.7452       1.0287551
       6583.7626       1.0283868
       6583.7801       1.0275667
       6583.7975       1.0264064
       6583.8149       1.0250827
       6583.8323       1.0238006
       6583.8497       1.0227484
       6583.8671       1.0220546
       6583.8845       1.0217602
       6583.9019       1.0218160
       6583.9193       1.0221074
       6583.9368       1.0225023
       6583.9542       1.0229043
       6583.9716       1.0232930
       6583.9890       1.0237365
       6584.0064       1.0243673
       6584.0238       1.0253313
       6584.0412       1.0267262
       6584.0586       1.0285542
       6584.0760       1.0307067
       6584.0934       1.0329864
       6584.1109       1.0351568
       6584.1283       1.0369997
       6584.1457       1.0383591
       6584.1631       1.0391597
       6584.1805       1.0394001
       6584.1979       1.0391288
       6584.2153       1.0384311
       6584.2327       1.0374064
       6584.2501       1.0361683
       6584.2675       1.0348396
       6584.2850       1.0335382
       6584.3024       1.0323555
       6584.3198       1.0313353
       6584.3372       1.0304693
       6584.3546       1.0297129
       6584.3720       1.0290169
       6584.3894       1.0283573
       6584.4068       1.0277500
       6584.4242       1.0272442
       6584.4416       1.0269025
       6584.4591       1.0267775
       6584.4765       1.0268973
       6584.4939       1.0272589
       6584.5113       1.0278281
       6584.5287       1.0285410
       6584.5461       1.0293065
       6584.5635       1.0300125
       6584.5809       1.0305378
       6584.5983       1.0307706
       6584.6157       1.0306300
       6584.6332       1.0300858
       6584.6506       1.0291702
       6584.6680       1.0279797
       6584.6854       1.0266653
       6584.7028       1.0254116
       6584.7202       1.0244089
       6584.7376       1.0238217
       6584.7550       1.0237595
       6584.7724       1.0242570
       6584.7898       1.0252687
       6584.8073       1.0266801
       6584.8247       1.0283315
       6584.8421       1.0300470
       6584.8595       1.0316570
       6584.8769       1.0330149
       6584.8943       1.0339992
       6584.9117       1.0345163
       6584.9291       1.0345069
       6584.9465       1.0339573
       6584.9640       1.0329072
       6584.9814       1.0314474
       6584.9988       1.0297031
