# Angstrom [air],  flux [abs.cor.cont.sub+1]
       6544.9914       1.0162064
       6545.0088       1.0164090
       6545.0262       1.0170112
       6545.0436       1.0178819
       6545.0611       1.0188256
       6545.0785       1.0196400
       6545.0959       1.0201743
       6545.1133       1.0203712
       6545.1307       1.0202696
       6545.1481       1.0199747
       6545.1655       1.0196199
       6545.1829       1.0193289
       6545.2003       1.0191894
       6545.2177       1.0192438
       6545.2352       1.0194923
       6545.2526       1.0199064
       6545.2700       1.0204451
       6545.2874       1.0210683
       6545.3048       1.0217453
       6545.3222       1.0224593
       6545.3396       1.0232122
       6545.3570       1.0240316
       6545.3744       1.0249805
       6545.3918       1.0261680
       6545.4093       1.0277529
       6545.4267       1.0299374
       6545.4441       1.0329486
       6545.4615       1.0370076
       6545.4789       1.0422951
       6545.4963       1.0489184
       6545.5137       1.0568868
       6545.5311       1.0661007
       6545.5485       1.0763569
       6545.5660       1.0873711
       6545.5834       1.0988164
       6545.6008       1.1103709
       6545.6182       1.1217609
       6545.6356       1.1327868
       6545.6530       1.1433231
       6545.6704       1.1532936
       6545.6878       1.1626365
       6545.7052       1.1712719
       6545.7226       1.1790860
       6545.7401       1.1859328
       6545.7575       1.1916466
       6545.7749       1.1960579
       6545.7923       1.1990078
       6545.8097       1.2003582
       6545.8271       1.2000036
       6545.8445       1.1978859
       6545.8619       1.1940070
       6545.8793       1.1884338
       6545.8967       1.1812885
       6545.9142       1.1727234
       6545.9316       1.1628917
       6545.9490       1.1519231
       6545.9664       1.1399170
       6545.9838       1.1269533
       6546.0012       1.1131154
       6546.0186       1.0985132
       6546.0360       1.0832961
       6546.0534       1.0676516
       6546.0708       1.0517915
       6546.0883       1.0359322
       6546.1057       1.0202777
       6546.1231       1.0050075
       6546.1405      0.99027404
       6546.1579      0.97620838
       6546.1753      0.96293107
       6546.1927      0.95056415
       6546.2101      0.93923778
       6546.2275      0.92908663
       6546.2449      0.92023505
       6546.2624      0.91277665
       6546.2798      0.90675756
       6546.2972      0.90217269
       6546.3146      0.89897843
       6546.3320      0.89711776
       6546.3494      0.89654715
       6546.3668      0.89725366
       6546.3842      0.89925426
       6546.4016      0.90258251
       6546.4191      0.90724168
       6546.4365      0.91318106
       6546.4539      0.92027766
       6546.4713      0.92833154
       6546.4887      0.93708377
       6546.5061      0.94624793
       6546.5235      0.95554481
       6546.5409      0.96472919
       6546.5583      0.97360223
       6546.5757      0.98200882
       6546.5932      0.98982617
       6546.6106      0.99695322
       6546.6280       1.0033090
       6546.6454       1.0088417
       6546.6628       1.0135416
       6546.6802       1.0174471
       6546.6976       1.0206351
       6546.7150       1.0231984
       6546.7324       1.0252200
       6546.7498       1.0267594
       6546.7673       1.0278582
       6546.7847       1.0285596
       6546.8021       1.0289292
       6546.8195       1.0290639
       6546.8369       1.0290854
       6546.8543       1.0291209
       6546.8717       1.0292813
       6546.8891       1.0296427
       6546.9065       1.0302339
       6546.9239       1.0310334
       6546.9414       1.0319756
       6546.9588       1.0329675
       6546.9762       1.0339102
       6546.9936       1.0347204
       6547.0110       1.0353429
       6547.0284       1.0357510
       6547.0458       1.0359375
       6547.0632       1.0359028
       6547.0806       1.0356500
       6547.0980       1.0351808
       6547.1155       1.0345023
       6547.1329       1.0336316
       6547.1503       1.0325973
       6547.1677       1.0314366
       6547.1851       1.0301930
       6547.2025       1.0289178
       6547.2199       1.0276790
       6547.2373       1.0265693
       6547.2547       1.0257058
       6547.2722       1.0252129
       6547.2896       1.0251925
       6547.3070       1.0256899
       6547.3244       1.0266716
       6547.3418       1.0280235
       6547.3592       1.0295709
       6547.3766       1.0311100
       6547.3940       1.0324447
       6547.4114       1.0334192
       6547.4288       1.0339452
       6547.4463       1.0340205
       6547.4637       1.0337337
       6547.4811       1.0332478
       6547.4985       1.0327607
       6547.5159       1.0324504
       6547.5333       1.0324256
       6547.5507       1.0327009
       6547.5681       1.0332077
       6547.5855       1.0338358
       6547.6029       1.0344826
       6547.6204       1.0350899
       6547.6378       1.0356521
       6547.6552       1.0362008
       6547.6726       1.0367753
       6547.6900       1.0373941
       6547.7074       1.0380369
       6547.7248       1.0386413
       6547.7422       1.0391193
       6547.7596       1.0393872
       6547.7770       1.0394043
       6547.7945       1.0392039
       6547.8119       1.0389036
       6547.8293       1.0386808
       6547.8467       1.0387208
       6547.8641       1.0391527
       6547.8815       1.0400004
       6547.8989       1.0411673
       6547.9163       1.0424612
       6547.9337       1.0436467
       6547.9511       1.0445017
       6547.9686       1.0448567
       6547.9860       1.0446060
       6548.0034       1.0436937
       6548.0208       1.0420912
       6548.0382       1.0397858
       6548.0556       1.0367912
       6548.0730       1.0331798
       6548.0904       1.0291193
       6548.1078       1.0248900
       6548.1253       1.0208637
       6548.1427       1.0174412
       6548.1601       1.0149658
       6548.1775       1.0136437
       6548.1949       1.0135004
       6548.2123       1.0143885
       6548.2297       1.0160384
       6548.2471       1.0181322
       6548.2645       1.0203741
       6548.2819       1.0225406
       6548.2994       1.0244999
       6548.3168       1.0262067
       6548.3342       1.0276768
       6548.3516       1.0289529
       6548.3690       1.0300738
       6548.3864       1.0310535
       6548.4038       1.0318754
       6548.4212       1.0325049
       6548.4386       1.0329106
       6548.4560       1.0330855
       6548.4735       1.0330617
       6548.4909       1.0329156
       6548.5083       1.0327634
       6548.5257       1.0327476
       6548.5431       1.0330128
       6548.5605       1.0336719
       6548.5779       1.0347697
       6548.5953       1.0362561
       6548.6127       1.0379847
       6548.6301       1.0397424
       6548.6476       1.0413051
       6548.6650       1.0425024
       6548.6824       1.0432702
       6548.6998       1.0436721
       6548.7172       1.0438842
       6548.7346       1.0441447
       6548.7520       1.0446840
       6548.7694       1.0456538
       6548.7868       1.0470766
       6548.8042       1.0488326
       6548.8217       1.0506890
       6548.8391       1.0523628
       6548.8565       1.0535981
       6548.8739       1.0542314
       6548.8913       1.0542257
       6548.9087       1.0536665
       6548.9261       1.0527243
       6548.9435       1.0516027
       6548.9609       1.0504870
       6548.9784       1.0495096
       6548.9958       1.0487361
       6549.0132       1.0481720
       6549.0306       1.0477761
       6549.0480       1.0474908
       6549.0654       1.0472653
       6549.0828       1.0470742
       6549.1002       1.0469267
       6549.1176       1.0468638
       6549.1350       1.0469418
       6549.1525       1.0472091
       6549.1699       1.0476830
       6549.1873       1.0483368
       6549.2047       1.0491030
       6549.2221       1.0498899
       6549.2395       1.0506046
       6549.2569       1.0511736
       6549.2743       1.0515529
       6549.2917       1.0517280
       6549.3091       1.0517052
       6549.3266       1.0515022
       6549.3440       1.0511401
       6549.3614       1.0506410
       6549.3788       1.0500295
       6549.3962       1.0493361
       6549.4136       1.0485986
       6549.4310       1.0478624
       6549.4484       1.0471767
       6549.4658       1.0465916
       6549.4832       1.0461530
       6549.5007       1.0458988
       6549.5181       1.0458541
       6549.5355       1.0460261
       6549.5529       1.0464005
       6549.5703       1.0469404
       6549.5877       1.0475883
       6549.6051       1.0482722
       6549.6225       1.0489143
       6549.6399       1.0494418
       6549.6573       1.0497975
       6549.6748       1.0499489
       6549.6922       1.0498943
       6549.7096       1.0496593
       6549.7270       1.0492920
       6549.7444       1.0488551
       6549.7618       1.0484154
       6549.7792       1.0480315
       6549.7966       1.0477385
       6549.8140       1.0475336
       6549.8315       1.0473673
       6549.8489       1.0471484
       6549.8663       1.0467643
       6549.8837       1.0461141
       6549.9011       1.0451435
       6549.9185       1.0438725
       6549.9359       1.0424051
       6549.9533       1.0409188
       6549.9707       1.0396337
       6549.9881       1.0387675
       6550.0056       1.0384873
       6550.0230       1.0388698
       6550.0404       1.0398832
       6550.0578       1.0413947
       6550.0752       1.0432007
       6550.0926       1.0450689
       6550.1100       1.0467800
       6550.1274       1.0481610
       6550.1448       1.0491048
       6550.1622       1.0495786
       6550.1797       1.0496185
       6550.1971       1.0493136
       6550.2145       1.0487804
       6550.2319       1.0481319
       6550.2493       1.0474520
       6550.2667       1.0467829
       6550.2841       1.0461309
       6550.3015       1.0454861
       6550.3189       1.0448457
       6550.3363       1.0442275
       6550.3538       1.0436678
       6550.3712       1.0432057
       6550.3886       1.0428646
       6550.4060       1.0426390
       6550.4234       1.0424935
       6550.4408       1.0423730
       6550.4582       1.0422184
       6550.4756       1.0419825
       6550.4930       1.0416416
       6550.5104       1.0411997
       6550.5279       1.0406861
       6550.5453       1.0401483
       6550.5627       1.0396429
       6550.5801       1.0392248
       6550.5975       1.0389388
       6550.6149       1.0388124
       6550.6323       1.0388551
       6550.6497       1.0390644
       6550.6671       1.0394381
       6550.6846       1.0399874
       6550.7020       1.0407430
       6550.7194       1.0417483
       6550.7368       1.0430400
       6550.7542       1.0446251
       6550.7716       1.0464627
       6550.7890       1.0484599
       6550.8064       1.0504857
       6550.8238       1.0523991
       6550.8412       1.0540842
       6550.8587       1.0554771
       6550.8761       1.0565765
       6550.8935       1.0574296
       6550.9109       1.0581031
       6550.9283       1.0586525
       6550.9457       1.0591078
       6550.9631       1.0594816
       6550.9805       1.0597932
       6550.9979       1.0600877
       6551.0153       1.0604320
       6551.0328       1.0608877
       6551.0502       1.0614739
       6551.0676       1.0621417
       6551.0850       1.0627801
       6551.1024       1.0632522
       6551.1198       1.0634476
       6551.1372       1.0633267
       6551.1546       1.0629367
       6551.1720       1.0623938
       6551.1894       1.0618375
       6551.2069       1.0613786
       6551.2243       1.0610565
       6551.2417       1.0608234
       6551.2591       1.0605576
       6551.2765       1.0601058
       6551.2939       1.0593413
       6551.3113       1.0582216
       6551.3287       1.0568239
       6551.3461       1.0553374
       6551.3635       1.0540088
       6551.3810       1.0530562
       6551.3984       1.0525865
       6551.4158       1.0525552
       6551.4332       1.0527889
       6551.4506       1.0530617
       6551.4680       1.0531900
       6551.4854       1.0531012
       6551.5028       1.0528506
       6551.5202       1.0525843
       6551.5377       1.0524724
       6551.5551       1.0526488
       6551.5725       1.0531795
       6551.5899       1.0540667
       6551.6073       1.0552739
       6551.6247       1.0567499
       6551.6421       1.0584318
       6551.6595       1.0602384
       6551.6769       1.0620537
       6551.6943       1.0637264
       6551.7118       1.0650927
       6551.7292       1.0660177
       6551.7466       1.0664375
       6551.7640       1.0663826
       6551.7814       1.0659690
       6551.7988       1.0653590
       6551.8162       1.0647063
       6551.8336       1.0641067
       6551.8510       1.0635737
       6551.8684       1.0630490
       6551.8859       1.0624425
       6551.9033       1.0616819
       6551.9207       1.0607499
       6551.9381       1.0596908
       6551.9555       1.0585848
       6551.9729       1.0575042
       6551.9903       1.0564745
       6552.0077       1.0554626
       6552.0251       1.0543968
       6552.0425       1.0532085
       6552.0600       1.0518754
       6552.0774       1.0504463
       6552.0948       1.0490403
       6552.1122       1.0478240
       6552.1296       1.0469781
       6552.1470       1.0466652
       6552.1644       1.0470041
       6552.1818       1.0480525
       6552.1992       1.0497999
       6552.2167       1.0521679
       6552.2341       1.0550199
       6552.2515       1.0581770
       6552.2689       1.0614378
       6552.2863       1.0645989
       6552.3037       1.0674802
       6552.3211       1.0699419
       6552.3385       1.0718978
       6552.3559       1.0733215
       6552.3733       1.0742430
       6552.3908       1.0747380
       6552.4082       1.0749120
       6552.4256       1.0748818
       6552.4430       1.0747618
       6552.4604       1.0746527
       6552.4778       1.0746358
       6552.4952       1.0747705
       6552.5126       1.0750920
       6552.5300       1.0756119
       6552.5474       1.0763184
       6552.5649       1.0771799
       6552.5823       1.0781498
       6552.5997       1.0791746
       6552.6171       1.0802033
       6552.6345       1.0811974
       6552.6519       1.0821384
       6552.6693       1.0830304
       6552.6867       1.0838939
       6552.7041       1.0847563
       6552.7215       1.0856425
       6552.7390       1.0865712
       6552.7564       1.0875585
       6552.7738       1.0886210
       6552.7912       1.0897722
       6552.8086       1.0910069
       6552.8260       1.0922819
       6552.8434       1.0935038
       6552.8608       1.0945365
       6552.8782       1.0952299
       6552.8956       1.0954601
       6552.9131       1.0951634
       6552.9305       1.0943514
       6552.9479       1.0931063
       6552.9653       1.0915471
       6552.9827       1.0898007
       6553.0001       1.0879768
       6553.0175       1.0861561
       6553.0349       1.0843927
       6553.0523       1.0827263
       6553.0698       1.0811960
       6553.0872       1.0798464
       6553.1046       1.0787213
       6553.1220       1.0778439
       6553.1394       1.0771933
       6553.1568       1.0766904
       6553.1742       1.0762045
       6553.1916       1.0755853
       6553.2090       1.0747144
       6553.2264       1.0735575
       6553.2439       1.0721983
       6553.2613       1.0708343
       6553.2787       1.0697292
       6553.2961       1.0691345
       6553.3135       1.0692048
       6553.3309       1.0699404
       6553.3483       1.0711801
       6553.3657       1.0726478
       6553.3831       1.0740351
       6553.4005       1.0750897
       6553.4180       1.0756796
       6553.4354       1.0758153
       6553.4528       1.0756327
       6553.4702       1.0753470
       6553.4876       1.0751956
       6553.5050       1.0753813
       6553.5224       1.0760254
       6553.5398       1.0771352
       6553.5572       1.0785936
       6553.5746       1.0801751
       6553.5921       1.0815947
       6553.6095       1.0825856
       6553.6269       1.0829752
       6553.6443       1.0827444
       6553.6617       1.0820449
       6553.6791       1.0811685
       6553.6965       1.0804736
       6553.7139       1.0802938
       6553.7313       1.0808559
       6553.7487       1.0822311
       6553.7662       1.0843297
       6553.7836       1.0869367
       6553.8010       1.0897719
       6553.8184       1.0925567
       6553.8358       1.0950686
       6553.8532       1.0971708
       6553.8706       1.0988114
       6553.8880       1.0999965
       6553.9054       1.1007494
       6553.9229       1.1010740
       6553.9403       1.1009388
       6553.9577       1.1002900
       6553.9751       1.0990894
       6553.9925       1.0973591
       6554.0099       1.0952124
       6554.0273       1.0928536
       6554.0447       1.0905440
       6554.0621       1.0885437
       6554.0795       1.0870498
       6554.0970       1.0861506
       6554.1144       1.0858098
       6554.1318       1.0858839
       6554.1492       1.0861655
       6554.1666       1.0864387
       6554.1840       1.0865302
       6554.2014       1.0863431
       6554.2188       1.0858665
       6554.2362       1.0851668
       6554.2536       1.0843623
       6554.2711       1.0835903
       6554.2885       1.0829828
       6554.3059       1.0826472
       6554.3233       1.0826541
       6554.3407       1.0830315
       6554.3581       1.0837651
       6554.3755       1.0848052
       6554.3929       1.0860812
       6554.4103       1.0875187
       6554.4277       1.0890570
       6554.4452       1.0906573
       6554.4626       1.0922998
       6554.4800       1.0939706
       6554.4974       1.0956448
       6554.5148       1.0972749
       6554.5322       1.0987900
       6554.5496       1.1001082
       6554.5670       1.1011562
       6554.5844       1.1018919
       6554.6018       1.1023216
       6554.6193       1.1025080
       6554.6367       1.1025638
       6554.6541       1.1026318
       6554.6715       1.1028544
       6554.6889       1.1033418
       6554.7063       1.1041497
       6554.7237       1.1052728
       6554.7411       1.1066587
       6554.7585       1.1082369
       6554.7760       1.1099550
       6554.7934       1.1118124
       6554.8108       1.1138789
       6554.8282       1.1162900
       6554.8456       1.1192138
       6554.8630       1.1227969
       6554.8804       1.1271077
       6554.8978       1.1320705
       6554.9152       1.1374664
       6554.9326       1.1429554
       6554.9501       1.1481352
       6554.9675       1.1526165
       6554.9849       1.1560940
       6555.0023       1.1583941
       6555.0197       1.1594886
       6555.0371       1.1594735
       6555.0545       1.1585233
       6555.0719       1.1568362
       6555.0893       1.1545912
       6555.1067       1.1519287
       6555.1242       1.1489540
       6555.1416       1.1457505
       6555.1590       1.1423865
       6555.1764       1.1389087
       6555.1938       1.1353264
       6555.2112       1.1316028
       6555.2286       1.1276664
       6555.2460       1.1234416
       6555.2634       1.1188877
       6555.2808       1.1140261
       6555.2983       1.1089445
       6555.3157       1.1037794
       6555.3331       1.0986864
       6555.3505       1.0938131
       6555.3679       1.0892814
       6555.3853       1.0851786
       6555.4027       1.0815549
       6555.4201       1.0784239
       6555.4375       1.0757669
       6555.4549       1.0735410
       6555.4724       1.0716908
       6555.4898       1.0701598
       6555.5072       1.0688978
       6555.5246       1.0678643
       6555.5420       1.0670284
       6555.5594       1.0663716
       6555.5768       1.0658925
       6555.5942       1.0656096
       6555.6116       1.0655601
       6555.6291       1.0657920
       6555.6465       1.0663523
       6555.6639       1.0672751
       6555.6813       1.0685724
       6555.6987       1.0702279
       6555.7161       1.0721933
       6555.7335       1.0743896
       6555.7509       1.0767141
       6555.7683       1.0790548
       6555.7857       1.0813109
       6555.8032       1.0834115
       6555.8206       1.0853270
       6555.8380       1.0870661
       6555.8554       1.0886593
       6555.8728       1.0901356
       6555.8902       1.0915021
       6555.9076       1.0927357
       6555.9250       1.0937912
       6555.9424       1.0946209
       6555.9598       1.0951969
       6555.9773       1.0955272
       6555.9947       1.0956604
       6556.0121       1.0956799
       6556.0295       1.0956927
       6556.0469       1.0958161
       6556.0643       1.0961631
       6556.0817       1.0968265
       6556.0991       1.0978611
       6556.1165       1.0992705
       6556.1339       1.1009998
       6556.1514       1.1029406
       6556.1688       1.1049463
       6556.1862       1.1068554
       6556.2036       1.1085245
       6556.2210       1.1098542
       6556.2384       1.1108069
       6556.2558       1.1114090
       6556.2732       1.1117381
       6556.2906       1.1118973
       6556.3080       1.1119863
       6556.3255       1.1120739
       6556.3429       1.1121811
       6556.3603       1.1122768
       6556.3777       1.1122905
       6556.3951       1.1121420
       6556.4125       1.1117781
       6556.4299       1.1112019
       6556.4473       1.1104779
       6556.4647       1.1097060
       6556.4822       1.1089721
       6556.4996       1.1082993
       6556.5170       1.1076241
       6556.5344       1.1068129
       6556.5518       1.1057147
       6556.5692       1.1042287
       6556.5866       1.1023569
       6556.6040       1.1002202
       6556.6214       1.0980318
       6556.6388       1.0960367
       6556.6563       1.0944409
       6556.6737       1.0933548
       6556.6911       1.0927692
       6556.7085       1.0925724
       6556.7259       1.0926014
       6556.7433       1.0927072
       6556.7607       1.0928105
       6556.7781       1.0929252
       6556.7955       1.0931425
       6556.8129       1.0935834
       6556.8304       1.0943437
       6556.8478       1.0954470
       6556.8652       1.0968351
       6556.8826       1.0983903
       6556.9000       1.0999747
       6556.9174       1.1014706
       6556.9348       1.1028056
       6556.9522       1.1039578
       6556.9696       1.1049395
       6556.9870       1.1057734
       6557.0045       1.1064694
       6557.0219       1.1070160
       6557.0393       1.1073885
       6557.0567       1.1075726
       6557.0741       1.1075901
       6557.0915       1.1075118
       6557.1089       1.1074469
       6557.1263       1.1075106
       6557.1437       1.1077820
       6557.1611       1.1082743
       6557.1786       1.1089318
       6557.1960       1.1096579
       6557.2134       1.1103602
       6557.2308       1.1109922
       6557.2482       1.1115726
       6557.2656       1.1121741
       6557.2830       1.1128879
       6557.3004       1.1137806
       6557.3178       1.1148629
       6557.3353       1.1160828
       6557.3527       1.1173439
       6557.3701       1.1185404
       6557.3875       1.1195899
       6557.4049       1.1204527
       6557.4223       1.1211294
       6557.4397       1.1216423
       6557.4571       1.1220119
       6557.4745       1.1222397
       6557.4919       1.1223041
       6557.5094       1.1221716
       6557.5268       1.1218114
       6557.5442       1.1212111
       6557.5616       1.1203869
       6557.5790       1.1193879
       6557.5964       1.1182957
       6557.6138       1.1172188
       6557.6312       1.1162812
       6557.6486       1.1156037
       6557.6660       1.1152793
       6557.6835       1.1153497
       6557.7009       1.1157914
       6557.7183       1.1165192
       6557.7357       1.1174097
       6557.7531       1.1183402
       6557.7705       1.1192282
       6557.7879       1.1200567
       6557.8053       1.1208735
       6557.8227       1.1217634
       6557.8401       1.1228059
       6557.8576       1.1240367
       6557.8750       1.1254295
       6557.8924       1.1269044
       6557.9098       1.1283556
       6557.9272       1.1296837
       6557.9446       1.1308175
       6557.9620       1.1317174
       6557.9794       1.1323650
       6557.9968       1.1327473
       6558.0142       1.1328485
       6558.0317       1.1326501
       6558.0491       1.1321423
       6558.0665       1.1313368
       6558.0839       1.1302775
       6558.1013       1.1290443
       6558.1187       1.1277467
       6558.1361       1.1265110
       6558.1535       1.1254587
       6558.1709       1.1246853
       6558.1884       1.1242475
       6558.2058       1.1241595
       6558.2232       1.1243975
       6558.2406       1.1249086
       6558.2580       1.1256188
       6558.2754       1.1264399
       6558.2928       1.1272784
       6558.3102       1.1280501
       6558.3276       1.1286998
       6558.3450       1.1292214
       6558.3625       1.1296675
       6558.3799       1.1301402
       6558.3973       1.1307625
       6558.4147       1.1316371
       6558.4321       1.1328085
       6558.4495       1.1342415
       6558.4669       1.1358273
       6558.4843       1.1374150
       6558.5017       1.1388569
       6558.5191       1.1400522
       6558.5366       1.1409743
       6558.5540       1.1416727
       6558.5714       1.1422502
       6558.5888       1.1428262
       6558.6062       1.1434966
       6558.6236       1.1443033
       6558.6410       1.1452213
       6558.6584       1.1461666
       6558.6758       1.1470223
       6558.6932       1.1476767
       6558.7107       1.1480627
       6558.7281       1.1481883
       6558.7455       1.1481474
       6558.7629       1.1481071
       6558.7803       1.1482778
       6558.7977       1.1488739
       6558.8151       1.1500709
       6558.8325       1.1519794
       6558.8499       1.1546287
       6558.8674       1.1579612
       6558.8848       1.1618381
       6558.9022       1.1660550
       6558.9196       1.1703682
       6558.9370       1.1745269
       6558.9544       1.1783080
       6558.9718       1.1815469
       6558.9892       1.1841605
       6559.0066       1.1861600
       6559.0240       1.1876508
       6559.0415       1.1888132
       6559.0589       1.1898640
       6559.0763       1.1910009
       6559.0937       1.1923439
       6559.1111       1.1938941
       6559.1285       1.1955252
       6559.1459       1.1970147
       6559.1633       1.1981028
       6559.1807       1.1985567
       6559.1981       1.1982186
       6559.2156       1.1970256
       6559.2330       1.1950011
       6559.2504       1.1922329
       6559.2678       1.1888504
       6559.2852       1.1850100
       6559.3026       1.1808889
       6559.3200       1.1766769
       6559.3374       1.1725605
       6559.3548       1.1686950
       6559.3722       1.1651732
       6559.3897       1.1620046
       6559.4071       1.1591160
       6559.4245       1.1563785
       6559.4419       1.1536531
       6559.4593       1.1508463
       6559.4767       1.1479466
       6559.4941       1.1450339
       6559.5115       1.1422613
       6559.5289       1.1398154
       6559.5463       1.1378712
       6559.5638       1.1365550
       6559.5812       1.1359274
       6559.5986       1.1359859
       6559.6160       1.1366838
       6559.6334       1.1379535
       6559.6508       1.1397272
       6559.6682       1.1419474
       6559.6856       1.1445683
       6559.7030       1.1475498
       6559.7205       1.1508511
       6559.7379       1.1544283
       6559.7553       1.1582366
       6559.7727       1.1622351
       6559.7901       1.1663881
       6559.8075       1.1706602
       6559.8249       1.1750064
       6559.8423       1.1793614
       6559.8597       1.1836365
       6559.8771       1.1877275
       6559.8946       1.1915323
       6559.9120       1.1949737
       6559.9294       1.1980188
       6559.9468       1.2006893
       6559.9642       1.2030592
       6559.9816       1.2052421
       6559.9990       1.2073711
       6560.0164       1.2095733
       6560.0338       1.2119450
       6560.0512       1.2145304
       6560.0687       1.2173099
       6560.0861       1.2202041
       6560.1035       1.2230910
       6560.1209       1.2258403
       6560.1383       1.2283486
       6560.1557       1.2305644
       6560.1731       1.2324948
       6560.1905       1.2341927
       6560.2079       1.2357297
       6560.2253       1.2371674
       6560.2428       1.2385404
       6560.2602       1.2398578
       6560.2776       1.2411202
       6560.2950       1.2423403
       6560.3124       1.2435541
       6560.3298       1.2448147
       6560.3472       1.2461713
       6560.3646       1.2476439
       6560.3820       1.2492042
       6560.3994       1.2507728
       6560.4169       1.2522317
       6560.4343       1.2534492
       6560.4517       1.2543119
       6560.4691       1.2547553
       6560.4865       1.2547868
       6560.5039       1.2544953
       6560.5213       1.2540424
       6560.5387       1.2536349
       6560.5561       1.2534842
       6560.5736       1.2537620
       6560.5910       1.2545660
       6560.6084       1.2559077
       6560.6258       1.2577278
       6560.6432       1.2599370
       6560.6606       1.2624661
       6560.6780       1.2653048
       6560.6954       1.2685114
       6560.7128       1.2721895
       6560.7302       1.2764426
       6560.7477       1.2813326
       6560.7651       1.2868406
       6560.7825       1.2928809
       6560.7999       1.2993196
       6560.8173       1.3060037
       6560.8347       1.3127870
       6560.8521       1.3195464
       6560.8695       1.3261926
       6560.8869       1.3326776
       6560.9043       1.3390020
       6560.9218       1.3452223
       6560.9392       1.3514513
       6560.9566       1.3578457
       6560.9740       1.3645766
       6560.9914       1.3717853
       6561.0088       1.3795372
       6561.0262       1.3877913
       6561.0436       1.3964004
       6561.0610       1.4051463
       6561.0784       1.4138002
       6561.0959       1.4221867
       6561.1133       1.4302308
       6561.1307       1.4379723
       6561.1481       1.4455480
       6561.1655       1.4531500
       6561.1829       1.4609771
       6561.2003       1.4691936
       6561.2177       1.4779086
       6561.2351       1.4871785
       6561.2525       1.4970289
       6561.2700       1.5074838
       6561.2874       1.5185854
       6561.3048       1.5303937
       6561.3222       1.5429646
       6561.3396       1.5563190
       6561.3570       1.5704206
       6561.3744       1.5851759
       6561.3918       1.6004612
       6561.4092       1.6161616
       6561.4267       1.6322132
       6561.4441       1.6486234
       6561.4615       1.6654638
       6561.4789       1.6828420
       6561.4963       1.7008628
       6561.5137       1.7195973
       6561.5311       1.7390702
       6561.5485       1.7592688
       6561.5659       1.7801645
       6561.5833       1.8017319
       6561.6008       1.8239522
       6561.6182       1.8467991
       6561.6356       1.8702147
       6561.6530       1.8940873
       6561.6704       1.9182464
       6561.6878       1.9424768
       6561.7052       1.9665487
       6561.7226       1.9902514
       6561.7400       2.0134166
       6561.7574       2.0359231
       6561.7749       2.0576874
       6561.7923       2.0786471
       6561.8097       2.0987494
       6561.8271       2.1179461
       6561.8445       2.1361921
       6561.8619       2.1534379
       6561.8793       2.1696154
       6561.8967       2.1846243
       6561.9141       2.1983334
       6561.9315       2.2106101
       6561.9490       2.2213738
       6561.9664       2.2306556
       6561.9838       2.2386365
       6562.0012       2.2456399
       6562.0186       2.2520751
       6562.0360       2.2583457
       6562.0534       2.2647578
       6562.0708       2.2714390
       6562.0882       2.2783282
       6562.1056       2.2852050
       6562.1231       2.2917561
       6562.1405       2.2976588
       6562.1579       2.3026621
       6562.1753       2.3066471
       6562.1927       2.3096557
       6562.2101       2.3118837
       6562.2275       2.3136422
       6562.2449       2.3153015
       6562.2623       2.3172332
       6562.2798       2.3197655
       6562.2972       2.3231566
       6562.3146       2.3275840
       6562.3320       2.3331439
       6562.3494       2.3398557
       6562.3668       2.3476733
       6562.3842       2.3565050
       6562.4016       2.3662428
       6562.4190       2.3767973
       6562.4364       2.3881276
       6562.4539       2.4002539
       6562.4713       2.4132481
       6562.4887       2.4272034
       6562.5061       2.4421936
       6562.5235       2.4582364
       6562.5409       2.4752725
       6562.5583       2.4931651
       6562.5757       2.5117193
       6562.5931       2.5307118
       6562.6105       2.5499225
       6562.6280       2.5691570
       6562.6454       2.5882529
       6562.6628       2.6070677
       6562.6802       2.6254499
       6562.6976       2.6431973
       6562.7150       2.6600230
       6562.7324       2.6755396
       6562.7498       2.6892730
       6562.7672       2.7007204
       6562.7846       2.7094379
       6562.8021       2.7151318
       6562.8195       2.7177138
       6562.8369       2.7172933
       6562.8543       2.7141013
       6562.8717       2.7083770
       6562.8891       2.7002668
       6562.9065       2.6897804
       6562.9239       2.6768238
       6562.9413       2.6612891
       6562.9587       2.6431558
       6562.9762       2.6225530
       6562.9936       2.5997563
       6563.0110       2.5751228
       6563.0284       2.5490020
       6563.0458       2.5216674
       6563.0632       2.4932994
       6563.0806       2.4640230
       6563.0980       2.4339735
       6563.1154       2.4033531
       6563.1329       2.3724487
       6563.1503       2.3416050
       6563.1677       2.3111686
       6563.1851       2.2814298
       6563.2025       2.2525867
       6563.2199       2.2247417
       6563.2373       2.1979252
       6563.2547       2.1721337
       6563.2721       2.1473650
       6563.2895       2.1236419
       6563.3070       2.1010166
       6563.3244       2.0795607
       6563.3418       2.0593469
       6563.3592       2.0404298
       6563.3766       2.0228174
       6563.3940       2.0064742
       6563.4114       1.9913073
       6563.4288       1.9771591
       6563.4462       1.9638072
       6563.4636       1.9509811
       6563.4811       1.9384043
       6563.4985       1.9258568
       6563.5159       1.9132429
       6563.5333       1.9006374
       6563.5507       1.8882854
       6563.5681       1.8765467
       6563.5855       1.8657944
       6563.6029       1.8562990
       6563.6203       1.8481338
       6563.6377       1.8411366
       6563.6552       1.8349397
       6563.6726       1.8290570
       6563.6900       1.8229988
       6563.7074       1.8163784
       6563.7248       1.8089802
       6563.7422       1.8007785
       6563.7596       1.7919074
       6563.7770       1.7825983
       6563.7944       1.7731035
       6563.8118       1.7636261
       6563.8293       1.7542714
       6563.8467       1.7450295
       6563.8641       1.7357873
       6563.8815       1.7263644
       6563.8989       1.7165606
       6563.9163       1.7062021
       6563.9337       1.6951763
       6563.9511       1.6834457
       6563.9685       1.6710392
       6563.9860       1.6580264
       6564.0034       1.6444844
       6564.0208       1.6304825
       6564.0382       1.6160702
       6564.0556       1.6012891
       6564.0730       1.5861959
       6564.0904       1.5708835
       6564.1078       1.5554922
       6564.1252       1.5402061
       6564.1426       1.5252302
       6564.1601       1.5107504
       6564.1775       1.4968853
       6564.1949       1.4836464
       6564.2123       1.4709241
       6564.2297       1.4585110
       6564.2471       1.4461595
       6564.2645       1.4336559
       6564.2819       1.4208865
       6564.2993       1.4078731
       6564.3167       1.3947671
       6564.3342       1.3818080
       6564.3516       1.3692629
       6564.3690       1.3573683
       6564.3864       1.3462945
       6564.4038       1.3361383
       6564.4212       1.3269382
       6564.4386       1.3186957
       6564.4560       1.3113845
       6564.4734       1.3049409
       6564.4908       1.2992430
       6564.5083       1.2940970
       6564.5257       1.2892455
       6564.5431       1.2844029
       6564.5605       1.2793084
       6564.5779       1.2737785
       6564.5953       1.2677461
       6564.6127       1.2612776
       6564.6301       1.2545660
       6564.6475       1.2479017
       6564.6649       1.2416219
       6564.6824       1.2360347
       6564.6998       1.2313542
       6564.7172       1.2276514
       6564.7346       1.2248420
       6564.7520       1.2227174
       6564.7694       1.2210062
       6564.7868       1.2194465
       6564.8042       1.2178435
       6564.8216       1.2160972
       6564.8391       1.2141979
       6564.8565       1.2121976
       6564.8739       1.2101761
       6564.8913       1.2082142
       6564.9087       1.2063831
       6564.9261       1.2047458
       6564.9435       1.2033616
       6564.9609       1.2022807
       6564.9783       1.2015296
       6564.9957       1.2010902
       6565.0132       1.2008902
       6565.0306       1.2008117
       6565.0480       1.2007200
       6565.0654       1.2004982
       6565.0828       1.2000728
       6565.1002       1.1994169
       6565.1176       1.1985334
       6565.1350       1.1974339
       6565.1524       1.1961271
       6565.1698       1.1946268
       6565.1873       1.1929719
       6565.2047       1.1912416
       6565.2221       1.1895515
       6565.2395       1.1880284
       6565.2569       1.1867740
       6565.2743       1.1858377
       6565.2917       1.1852102
       6565.3091       1.1848366
       6565.3265       1.1846327
       6565.3439       1.1845037
       6565.3614       1.1843467
       6565.3788       1.1840516
       6565.3962       1.1835113
       6565.4136       1.1826426
       6565.4310       1.1814145
       6565.4484       1.1798670
       6565.4658       1.1781079
       6565.4832       1.1762865
       6565.5006       1.1745519
       6565.5181       1.1730173
       6565.5355       1.1717440
       6565.5529       1.1707526
       6565.5703       1.1700513
       6565.5877       1.1696658
       6565.6051       1.1696506
       6565.6225       1.1700765
       6565.6399       1.1709948
       6565.6573       1.1723930
       6565.6747       1.1741600
       6565.6922       1.1760773
       6565.7096       1.1778482
       6565.7270       1.1791596
       6565.7444       1.1797639
       6565.7618       1.1795511
       6565.7792       1.1785871
       6565.7966       1.1770999
       6565.8140       1.1754198
       6565.8314       1.1738924
       6565.8488       1.1727955
       6565.8663       1.1722825
       6565.8837       1.1723631
       6565.9011       1.1729182
       6565.9185       1.1737343
       6565.9359       1.1745479
       6565.9533       1.1750884
       6565.9707       1.1751231
       6565.9881       1.1745003
       6566.0055       1.1731726
       6566.0229       1.1712096
       6566.0404       1.1687872
       6566.0578       1.1661543
       6566.0752       1.1635804
       6566.0926       1.1612972
       6566.1100       1.1594471
       6566.1274       1.1580531
       6566.1448       1.1570220
       6566.1622       1.1561801
       6566.1796       1.1553341
       6566.1970       1.1543385
       6566.2145       1.1531444
       6566.2319       1.1518154
       6566.2493       1.1505030
       6566.2667       1.1493931
       6566.2841       1.1486424
       6566.3015       1.1483294
       6566.3189       1.1484349
       6566.3363       1.1488565
       6566.3537       1.1494495
       6566.3712       1.1500765
       6566.3886       1.1506476
       6566.4060       1.1511369
       6566.4234       1.1515717
       6566.4408       1.1519997
       6566.4582       1.1524493
       6566.4756       1.1528996
       6566.4930       1.1532723
       6566.5104       1.1534487
       6566.5278       1.1533045
       6566.5453       1.1527500
       6566.5627       1.1517597
       6566.5801       1.1503826
       6566.5975       1.1487320
       6566.6149       1.1469608
       6566.6323       1.1452309
       6566.6497       1.1436828
       6566.6671       1.1424200
       6566.6845       1.1415045
       6566.7019       1.1409633
       6566.7194       1.1407991
       6566.7368       1.1409990
       6566.7542       1.1415357
       6566.7716       1.1423606
       6566.7890       1.1433951
       6566.8064       1.1445272
       6566.8238       1.1456183
       6566.8412       1.1465201
       6566.8586       1.1470954
       6566.8760       1.1472371
       6566.8935       1.1468815
       6566.9109       1.1460150
       6566.9283       1.1446746
       6566.9457       1.1429440
       6566.9631       1.1409467
       6566.9805       1.1388357
       6566.9979       1.1367810
       6567.0153       1.1349558
       6567.0327       1.1335227
       6567.0501       1.1326193
       6567.0676       1.1323425
       6567.0850       1.1327320
       6567.1024       1.1337551
       6567.1198       1.1352974
       6567.1372       1.1371678
       6567.1546       1.1391189
       6567.1720       1.1408836
       6567.1894       1.1422209
       6567.2068       1.1429620
       6567.2243       1.1430462
       6567.2417       1.1425368
       6567.2591       1.1416065
       6567.2765       1.1405000
       6567.2939       1.1394633
       6567.3113       1.1386807
       6567.3287       1.1382376
       6567.3461       1.1381214
       6567.3635       1.1382578
       6567.3809       1.1385593
       6567.3984       1.1389566
       6567.4158       1.1393982
       6567.4332       1.1398242
       6567.4506       1.1401392
       6567.4680       1.1402096
       6567.4854       1.1398929
       6567.5028       1.1390866
       6567.5202       1.1377720
       6567.5376       1.1360299
       6567.5550       1.1340206
       6567.5725       1.1319382
       6567.5899       1.1299601
       6567.6073       1.1282109
       6567.6247       1.1267513
       6567.6421       1.1255866
       6567.6595       1.1246822
       6567.6769       1.1239762
       6567.6943       1.1233870
       6567.7117       1.1228246
       6567.7291       1.1222134
       6567.7466       1.1215229
       6567.7640       1.1207931
       6567.7814       1.1201345
       6567.7988       1.1196970
       6567.8162       1.1196155
       6567.8336       1.1199577
       6567.8510       1.1206988
       6567.8684       1.1217335
       6567.8858       1.1229194
       6567.9032       1.1241286
       6567.9207       1.1252839
       6567.9381       1.1263667
       6567.9555       1.1273916
       6567.9729       1.1283725
       6567.9903       1.1292970
       6568.0077       1.1301235
       6568.0251       1.1307992
       6568.0425       1.1312836
       6568.0599       1.1315621
       6568.0774       1.1316411
       6568.0948       1.1315287
       6568.1122       1.1312145
       6568.1296       1.1306647
       6568.1470       1.1298368
       6568.1644       1.1287069
       6568.1818       1.1272953
       6568.1992       1.1256748
       6568.2166       1.1239545
       6568.2340       1.1222487
       6568.2515       1.1206486
       6568.2689       1.1192119
       6568.2863       1.1179768
       6568.3037       1.1169884
       6568.3211       1.1163191
       6568.3385       1.1160680
       6568.3559       1.1163395
       6568.3733       1.1172140
       6568.3907       1.1187298
       6568.4081       1.1208851
       6568.4256       1.1236550
       6568.4430       1.1270099
       6568.4604       1.1309185
       6568.4778       1.1353351
       6568.4952       1.1401773
       6568.5126       1.1453137
       6568.5300       1.1505737
       6568.5474       1.1557803
       6568.5648       1.1607920
       6568.5822       1.1655436
       6568.5997       1.1700482
       6568.6171       1.1743714
       6568.6345       1.1785891
       6568.6519       1.1827460
       6568.6693       1.1868352
       6568.6867       1.1908048
       6568.7041       1.1945825
       6568.7215       1.1981000
       6568.7389       1.2012996
       6568.7563       1.2041174
       6568.7738       1.2064549
       6568.7912       1.2081609
       6568.8086       1.2090420
       6568.8260       1.2089057
       6568.8434       1.2076183
       6568.8608       1.2051502
       6568.8782       1.2015833
       6568.8956       1.1970758
       6568.9130       1.1918009
       6568.9305       1.1858871
       6568.9479       1.1793874
       6568.9653       1.1722884
       6568.9827       1.1645529
       6569.0001       1.1561743
       6569.0175       1.1472193
       6569.0349       1.1378412
       6569.0523       1.1282580
       6569.0697       1.1187050
       6569.0871       1.1093828
       6569.1046       1.1004241
       6569.1220       1.0918949
       6569.1394       1.0838271
       6569.1568       1.0762652
       6569.1742       1.0692990
       6569.1916       1.0630645
       6569.2090       1.0577122
       6569.2264       1.0533577
       6569.2438       1.0500296
       6569.2612       1.0476680
       6569.2787       1.0461429
       6569.2961       1.0452988
       6569.3135       1.0450019
       6569.3309       1.0451717
       6569.3483       1.0457891
       6569.3657       1.0468827
       6569.3831       1.0485028
       6569.4005       1.0506975
       6569.4179       1.0534949
       6569.4353       1.0568939
       6569.4528       1.0608585
       6569.4702       1.0653114
       6569.4876       1.0701261
       6569.5050       1.0751230
       6569.5224       1.0800754
       6569.5398       1.0847291
       6569.5572       1.0888373
       6569.5746       1.0922026
       6569.5920       1.0947167
       6569.6094       1.0963854
       6569.6269       1.0973298
       6569.6443       1.0977618
       6569.6617       1.0979387
       6569.6791       1.0981084
       6569.6965       1.0984606
       6569.7139       1.0990964
       6569.7313       1.1000222
       6569.7487       1.1011652
       6569.7661       1.1024042
       6569.7836       1.1036004
       6569.8010       1.1046234
       6569.8184       1.1053644
       6569.8358       1.1057433
       6569.8532       1.1057126
       6569.8706       1.1052630
       6569.8880       1.1044407
       6569.9054       1.1033463
       6569.9228       1.1021261
       6569.9402       1.1009471
       6569.9577       1.0999603
       6569.9751       1.0992688
       6569.9925       1.0989127
       6570.0099       1.0988760
       6570.0273       1.0991088
       6570.0447       1.0995522
       6570.0621       1.1001545
       6570.0795       1.1008741
       6570.0969       1.1016731
       6570.1143       1.1025086
       6570.1318       1.1033274
       6570.1492       1.1040697
       6570.1666       1.1046774
       6570.1840       1.1051063
       6570.2014       1.1053353
       6570.2188       1.1053711
       6570.2362       1.1052479
       6570.2536       1.1050201
       6570.2710       1.1047507
       6570.2884       1.1044954
       6570.3059       1.1042856
       6570.3233       1.1041167
       6570.3407       1.1039464
       6570.3581       1.1037049
       6570.3755       1.1033134
       6570.3929       1.1027040
       6570.4103       1.1018342
       6570.4277       1.1006924
       6570.4451       1.0992977
       6570.4625       1.0976933
       6570.4800       1.0959392
       6570.4974       1.0941041
       6570.5148       1.0922581
       6570.5322       1.0904693
       6570.5496       1.0888011
       6570.5670       1.0873140
       6570.5844       1.0860641
       6570.6018       1.0850984
       6570.6192       1.0844482
       6570.6367       1.0841216
       6570.6541       1.0841001
       6570.6715       1.0843380
       6570.6889       1.0847657
       6570.7063       1.0852943
       6570.7237       1.0858239
       6570.7411       1.0862546
       6570.7585       1.0865027
       6570.7759       1.0865173
       6570.7933       1.0862945
       6570.8108       1.0858808
       6570.8282       1.0853643
       6570.8456       1.0848536
       6570.8630       1.0844499
       6570.8804       1.0842228
       6570.8978       1.0841956
       6570.9152       1.0843488
       6570.9326       1.0846359
       6570.9500       1.0850078
       6570.9674       1.0854321
       6570.9849       1.0858980
       6571.0023       1.0864063
       6571.0197       1.0869502
       6571.0371       1.0874995
       6571.0545       1.0880025
       6571.0719       1.0884032
       6571.0893       1.0886669
       6571.1067       1.0887939
       6571.1241       1.0888122
       6571.1415       1.0887488
       6571.1590       1.0885972
       6571.1764       1.0883010
       6571.1938       1.0877749
       6571.2112       1.0869492
       6571.2286       1.0858228
       6571.2460       1.0844953
       6571.2634       1.0831575
       6571.2808       1.0820410
       6571.2982       1.0813445
       6571.3156       1.0811656
       6571.3331       1.0814672
       6571.3505       1.0820887
       6571.3679       1.0827965
       6571.3853       1.0833505
       6571.4027       1.0835599
       6571.4201       1.0833118
       6571.4375       1.0825719
       6571.4549       1.0813672
       6571.4723       1.0797671
       6571.4898       1.0778692
       6571.5072       1.0757890
       6571.5246       1.0736521
       6571.5420       1.0715838
       6571.5594       1.0697010
       6571.5768       1.0681069
       6571.5942       1.0668916
       6571.6116       1.0661335
       6571.6290       1.0658974
       6571.6464       1.0662275
       6571.6639       1.0671354
       6571.6813       1.0685848
       6571.6987       1.0704793
       6571.7161       1.0726576
       6571.7335       1.0749049
       6571.7509       1.0769824
       6571.7683       1.0786714
       6571.7857       1.0798224
       6571.8031       1.0803915
       6571.8205       1.0804494
       6571.8380       1.0801655
       6571.8554       1.0797584
       6571.8728       1.0794385
       6571.8902       1.0793628
       6571.9076       1.0796078
       6571.9250       1.0801659
       6571.9424       1.0809624
       6571.9598       1.0818851
       6571.9772       1.0828178
       6571.9946       1.0836709
       6572.0121       1.0844011
       6572.0295       1.0850165
       6572.0469       1.0855670
       6572.0643       1.0861225
       6572.0817       1.0867476
       6572.0991       1.0874828
       6572.1165       1.0883378
       6572.1339       1.0892992
       6572.1513       1.0903444
       6572.1688       1.0914537
       6572.1862       1.0926129
       6572.2036       1.0938061
       6572.2210       1.0950077
       6572.2384       1.0961800
       6572.2558       1.0972812
       6572.2732       1.0982793
       6572.2906       1.0991591
       6572.3080       1.0999175
       6572.3254       1.1005453
       6572.3429       1.1010073
       6572.3603       1.1012338
       6572.3777       1.1011316
       6572.3951       1.1006099
       6572.4125       1.0996084
       6572.4299       1.0981142
       6572.4473       1.0961603
       6572.4647       1.0938113
       6572.4821       1.0911477
       6572.4995       1.0882628
       6572.5170       1.0852647
       6572.5344       1.0822876
       6572.5518       1.0794916
       6572.5692       1.0770437
       6572.5866       1.0750809
       6572.6040       1.0736675
       6572.6214       1.0727651
       6572.6388       1.0722319
       6572.6562       1.0718530
       6572.6736       1.0713944
       6572.6911       1.0706590
       6572.7085       1.0695295
       6572.7259       1.0679873
       6572.7433       1.0661065
       6572.7607       1.0640293
       6572.7781       1.0619306
       6572.7955       1.0599798
       6572.8129       1.0583073
       6572.8303       1.0569818
       6572.8477       1.0560038
       6572.8652       1.0553166
       6572.8826       1.0548300
       6572.9000       1.0544520
       6572.9174       1.0541200
       6572.9348       1.0538231
       6572.9522       1.0536094
       6572.9696       1.0535739
       6572.9870       1.0538265
       6573.0044       1.0544508
       6573.0219       1.0554650
       6573.0393       1.0568029
       6573.0567       1.0583225
       6573.0741       1.0598404
       6573.0915       1.0611803
       6573.1089       1.0622174
       6573.1263       1.0629036
       6573.1437       1.0632713
       6573.1611       1.0634091
       6573.1785       1.0634256
       6573.1960       1.0634199
       6573.2134       1.0634649
       6573.2308       1.0636068
       6573.2482       1.0638730
       6573.2656       1.0642784
       6573.2830       1.0648241
       6573.3004       1.0654912
       6573.3178       1.0662351
       6573.3352       1.0669912
       6573.3526       1.0676884
       6573.3701       1.0682661
       6573.3875       1.0686848
       6573.4049       1.0689250
       6573.4223       1.0689768
       6573.4397       1.0688286
       6573.4571       1.0684632
       6573.4745       1.0678640
       6573.4919       1.0670301
       6573.5093       1.0659923
       6573.5267       1.0648226
       6573.5442       1.0636346
       6573.5616       1.0625723
       6573.5790       1.0617909
       6573.5964       1.0614314
       6573.6138       1.0615945
       6573.6312       1.0623161
       6573.6486       1.0635531
       6573.6660       1.0651830
       6573.6834       1.0670230
       6573.7008       1.0688665
       6573.7183       1.0705272
       6573.7357       1.0718786
       6573.7531       1.0728748
       6573.7705       1.0735487
       6573.7879       1.0739904
       6573.8053       1.0743158
       6573.8227       1.0746298
       6573.8401       1.0750008
       6573.8575       1.0754426
       6573.8750       1.0759102
       6573.8924       1.0763101
       6573.9098       1.0765258
       6573.9272       1.0764529
       6573.9446       1.0760314
       6573.9620       1.0752639
       6573.9794       1.0742124
       6573.9968       1.0729773
       6574.0142       1.0716669
       6574.0316       1.0703706
       6574.0491       1.0691405
       6574.0665       1.0679854
       6574.0839       1.0668721
       6574.1013       1.0657359
       6574.1187       1.0644978
       6574.1361       1.0630892
       6574.1535       1.0614786
       6574.1709       1.0596922
       6574.1883       1.0578176
       6574.2057       1.0559860
       6574.2232       1.0543363
       6574.2406       1.0529773
       6574.2580       1.0519639
       6574.2754       1.0513011
       6574.2928       1.0509751
       6574.3102       1.0509971
       6574.3276       1.0514365
       6574.3450       1.0524261
       6574.3624       1.0541318
       6574.3798       1.0567000
       6574.3973       1.0602022
       6574.4147       1.0645997
       6574.4321       1.0697447
       6574.4495       1.0753975
       6574.4669       1.0812828
       6574.4843       1.0871365
       6574.5017       1.0927355
       6574.5191       1.0979095
       6574.5365       1.1025355
       6574.5539       1.1065232
       6574.5714       1.1097999
       6574.5888       1.1123004
       6574.6062       1.1139637
       6574.6236       1.1147375
       6574.6410       1.1145913
       6574.6584       1.1135327
       6574.6758       1.1116231
       6574.6932       1.1089812
       6574.7106       1.1057695
       6574.7281       1.1021630
       6574.7455       1.0983128
       6574.7629       1.0943170
       6574.7803       1.0902127
       6574.7977       1.0859911
       6574.8151       1.0816286
       6574.8325       1.0771208
       6574.8499       1.0725031
       6574.8673       1.0678539
       6574.8847       1.0632798
       6574.9022       1.0588910
       6574.9196       1.0547779
       6574.9370       1.0509970
       6574.9544       1.0475698
       6574.9718       1.0444915
       6574.9892       1.0417440
       6575.0066       1.0393052
       6575.0240       1.0371497
       6575.0414       1.0352434
       6575.0588       1.0335400
       6575.0763       1.0319846
       6575.0937       1.0305277
       6575.1111       1.0291437
       6575.1285       1.0278488
       6575.1459       1.0267035
       6575.1633       1.0258042
       6575.1807       1.0252644
       6575.1981       1.0251927
       6575.2155       1.0256716
       6575.2329       1.0267418
       6575.2504       1.0283910
       6575.2678       1.0305493
       6575.2852       1.0330891
       6575.3026       1.0358337
       6575.3200       1.0385741
       6575.3374       1.0410966
       6575.3548       1.0432207
       6575.3722       1.0448378
       6575.3896       1.0459411
       6575.4070       1.0466315
       6575.4245       1.0470940
       6575.4419       1.0475471
       6575.4593       1.0481817
       6575.4767       1.0491093
       6575.4941       1.0503365
       6575.5115       1.0517736
       6575.5289       1.0532691
       6575.5463       1.0546572
       6575.5637       1.0557990
       6575.5812       1.0566088
       6575.5986       1.0570614
       6575.6160       1.0571838
       6575.6334       1.0570403
       6575.6508       1.0567152
       6575.6682       1.0562983
       6575.6856       1.0558766
       6575.7030       1.0555287
       6575.7204       1.0553218
       6575.7378       1.0553074
       6575.7553       1.0555087
       6575.7727       1.0559114
       6575.7901       1.0564569
       6575.8075       1.0570432
       6575.8249       1.0575391
       6575.8423       1.0578076
       6575.8597       1.0577364
       6575.8771       1.0572680
       6575.8945       1.0564239
       6575.9119       1.0553133
       6575.9294       1.0541215
       6575.9468       1.0530740
       6575.9642       1.0523829
       6575.9816       1.0521890
       6575.9990       1.0525186
       6576.0164       1.0532697
       6576.0338       1.0542325
       6576.0512       1.0551397
       6576.0686       1.0557301
       6576.0860       1.0558092
       6576.1035       1.0552918
       6576.1209       1.0542158
       6576.1383       1.0527281
       6576.1557       1.0510434
       6576.1731       1.0493911
       6576.1905       1.0479603
       6576.2079       1.0468601
       6576.2253       1.0461047
       6576.2427       1.0456277
       6576.2601       1.0453199
       6576.2776       1.0450753
       6576.2950       1.0448311
       6576.3124       1.0445847
       6576.3298       1.0443889
       6576.3472       1.0443256
       6576.3646       1.0444723
       6576.3820       1.0448718
       6576.3994       1.0455104
       6576.4168       1.0463123
       6576.4343       1.0471561
       6576.4517       1.0479014
       6576.4691       1.0484246
       6576.4865       1.0486509
       6576.5039       1.0485714
       6576.5213       1.0482388
       6576.5387       1.0477439
       6576.5561       1.0471842
       6576.5735       1.0466393
       6576.5909       1.0461591
       6576.6084       1.0457655
       6576.6258       1.0454589
       6576.6432       1.0452217
       6576.6606       1.0450176
       6576.6780       1.0447916
       6576.6954       1.0444803
       6576.7128       1.0440329
       6576.7302       1.0434398
       6576.7476       1.0427521
       6576.7650       1.0420797
       6576.7825       1.0415626
       6576.7999       1.0413229
       6576.8173       1.0414171
       6576.8347       1.0418092
       6576.8521       1.0423765
       6576.8695       1.0429452
       6576.8869       1.0433417
       6576.9043       1.0434395
       6576.9217       1.0431888
       6576.9391       1.0426230
       6576.9566       1.0418432
       6576.9740       1.0409895
       6576.9914       1.0402065
       6577.0088       1.0396103
       6577.0262       1.0392641
       6577.0436       1.0391703
       6577.0610       1.0392717
       6577.0784       1.0394817
       6577.0958       1.0397152
       6577.1132       1.0399189
       6577.1307       1.0400834
       6577.1481       1.0402316
       6577.1655       1.0403861
       6577.1829       1.0405350
       6577.2003       1.0406172
       6577.2177       1.0405407
       6577.2351       1.0402263
       6577.2525       1.0396545
       6577.2699       1.0388904
       6577.2874       1.0380721
       6577.3048       1.0373678
       6577.3222       1.0369216
       6577.3396       1.0368122
       6577.3570       1.0370374
       6577.3744       1.0375277
       6577.3918       1.0381770
       6577.4092       1.0388793
       6577.4266       1.0395594
       6577.4440       1.0401899
       6577.4615       1.0407928
       6577.4789       1.0414228
       6577.4963       1.0421363
       6577.5137       1.0429569
       6577.5311       1.0438490
       6577.5485       1.0447163
       6577.5659       1.0454283
       6577.5833       1.0458687
       6577.6007       1.0459842
       6577.6181       1.0458128
       6577.6356       1.0454767
       6577.6530       1.0451399
       6577.6704       1.0449487
       6577.6878       1.0449780
       6577.7052       1.0452029
       6577.7226       1.0455139
       6577.7400       1.0457637
       6577.7574       1.0458246
       6577.7748       1.0456340
       6577.7922       1.0452130
       6577.8097       1.0446538
       6577.8271       1.0440846
       6577.8445       1.0436258
       6577.8619       1.0433530
       6577.8793       1.0432720
       6577.8967       1.0433134
       6577.9141       1.0433484
       6577.9315       1.0432240
       6577.9489       1.0428130
       6577.9663       1.0420634
       6577.9838       1.0410301
       6578.0012       1.0398743
       6578.0186       1.0388278
       6578.0360       1.0381340
       6578.0534       1.0379847
       6578.0708       1.0384722
       6578.0882       1.0395681
       6578.1056       1.0411305
       6578.1230       1.0429332
       6578.1405       1.0447113
       6578.1579       1.0462136
       6578.1753       1.0472541
       6578.1927       1.0477499
       6578.2101       1.0477324
       6578.2275       1.0473251
       6578.2449       1.0466931
       6578.2623       1.0459842
       6578.2797       1.0452865
       6578.2971       1.0446209
       6578.3146       1.0439666
       6578.3320       1.0433021
       6578.3494       1.0426358
       6578.3668       1.0420094
       6578.3842       1.0414767
       6578.4016       1.0410771
       6578.4190       1.0408175
       6578.4364       1.0406725
       6578.4538       1.0405968
       6578.4712       1.0405401
       6578.4887       1.0404590
       6578.5061       1.0403231
       6578.5235       1.0401148
       6578.5409       1.0398267
       6578.5583       1.0394569
       6578.5757       1.0390055
       6578.5931       1.0384753
       6578.6105       1.0378770
       6578.6279       1.0372375
       6578.6453       1.0366052
       6578.6628       1.0360498
       6578.6802       1.0356515
       6578.6976       1.0354825
       6578.7150       1.0355841
       6578.7324       1.0359498
       6578.7498       1.0365189
       6578.7672       1.0371879
       6578.7846       1.0378357
       6578.8020       1.0383540
       6578.8195       1.0386723
       6578.8369       1.0387687
       6578.8543       1.0386667
       6578.8717       1.0384227
       6578.8891       1.0381119
       6578.9065       1.0378162
       6578.9239       1.0376162
       6578.9413       1.0375819
       6578.9587       1.0377619
       6578.9761       1.0381738
       6578.9936       1.0387987
       6579.0110       1.0395829
       6579.0284       1.0404517
       6579.0458       1.0413267
       6579.0632       1.0421362
       6579.0806       1.0428212
       6579.0980       1.0433361
       6579.1154       1.0436512
       6579.1328       1.0437603
       6579.1502       1.0436911
       6579.1677       1.0435090
       6579.1851       1.0433061
       6579.2025       1.0431735
       6579.2199       1.0431668
       6579.2373       1.0432820
       6579.2547       1.0434547
       6579.2721       1.0435847
       6579.2895       1.0435753
       6579.3069       1.0433664
       6579.3243       1.0429495
       6579.3418       1.0423599
       6579.3592       1.0416566
       6579.3766       1.0409029
       6579.3940       1.0401564
       6579.4114       1.0394704
       6579.4288       1.0389001
       6579.4462       1.0385040
       6579.4636       1.0383361
       6579.4810       1.0384289
       6579.4984       1.0387758
       6579.5159       1.0393242
       6579.5333       1.0399859
       6579.5507       1.0406646
       6579.5681       1.0412888
       6579.5855       1.0418347
       6579.6029       1.0423282
       6579.6203       1.0428238
       6579.6377       1.0433725
       6579.6551       1.0439936
       6579.6726       1.0446622
       6579.6900       1.0453207
       6579.7074       1.0458992
       6579.7248       1.0463381
       6579.7422       1.0466019
       6579.7596       1.0466852
       6579.7770       1.0466112
       6579.7944       1.0464282
       6579.8118       1.0462003
       6579.8292       1.0459937
       6579.8467       1.0458576
       6579.8641       1.0458071
       6579.8815       1.0458157
       6579.8989       1.0458219
       6579.9163       1.0457478
       6579.9337       1.0455208
       6579.9511       1.0450889
       6579.9685       1.0444259
       6579.9859       1.0435299
       6580.0033       1.0424194
       6580.0208       1.0411317
       6580.0382       1.0397205
       6580.0556       1.0382482
       6580.0730       1.0367706
       6580.0904       1.0353196
       6580.1078       1.0338914
       6580.1252       1.0324489
       6580.1426       1.0309384
       6580.1600       1.0293166
       6580.1774       1.0275755
       6580.1949       1.0257578
       6580.2123       1.0239576
       6580.2297       1.0223053
       6580.2471       1.0209442
       6580.2645       1.0200051
       6580.2819       1.0195874
       6580.2993       1.0197505
       6580.3167       1.0205023
       6580.3341       1.0218054
       6580.3515       1.0235786
       6580.3690       1.0257010
       6580.3864       1.0280211
       6580.4038       1.0303722
       6580.4212       1.0325923
       6580.4386       1.0345429
       6580.4560       1.0361226
       6580.4734       1.0372736
       6580.4908       1.0379848
       6580.5082       1.0382920
       6580.5257       1.0382776
       6580.5431       1.0380656
       6580.5605       1.0378073
       6580.5779       1.0376574
       6580.5953       1.0377448
       6580.6127       1.0381462
       6580.6301       1.0388724
       6580.6475       1.0398719
       6580.6649       1.0410494
       6580.6823       1.0422941
       6580.6998       1.0435048
       6580.7172       1.0446061
       6580.7346       1.0455491
       6580.7520       1.0463005
       6580.7694       1.0468264
       6580.7868       1.0470806
       6580.8042       1.0470057
       6580.8216       1.0465473
       6580.8390       1.0456789
       6580.8564       1.0444284
       6580.8739       1.0428927
       6580.8913       1.0412328
       6580.9087       1.0396464
       6580.9261       1.0383249
       6580.9435       1.0374112
       6580.9609       1.0369726
       6580.9783       1.0369937
       6580.9957       1.0374047
       6581.0131       1.0381070
       6581.0305       1.0389946
       6581.0480       1.0399620
       6581.0654       1.0409016
       6581.0828       1.0416995
       6581.1002       1.0422392
       6581.1176       1.0424155
       6581.1350       1.0421564
       6581.1524       1.0414455
       6581.1698       1.0403343
       6581.1872       1.0389389
       6581.2046       1.0374181
       6581.2221       1.0359431
       6581.2395       1.0346670
       6581.2569       1.0337059
       6581.2743       1.0331336
       6581.2917       1.0329834
       6581.3091       1.0332512
       6581.3265       1.0338940
       6581.3439       1.0348270
       6581.3613       1.0359271
       6581.3788       1.0370463
       6581.3962       1.0380349
       6581.4136       1.0387698
       6581.4310       1.0391762
       6581.4484       1.0392401
       6581.4658       1.0390056
       6581.4832       1.0385598
       6581.5006       1.0380092
       6581.5180       1.0374524
       6581.5354       1.0369563
       6581.5529       1.0365429
       6581.5703       1.0361884
       6581.5877       1.0358389
       6581.6051       1.0354364
       6581.6225       1.0349510
       6581.6399       1.0344026
       6581.6573       1.0338644
       6581.6747       1.0334430
       6581.6921       1.0332404
       6581.7095       1.0333143
       6581.7270       1.0336534
       6581.7444       1.0341837
       6581.7618       1.0348006
       6581.7792       1.0354143
       6581.7966       1.0359845
       6581.8140       1.0365277
       6581.8314       1.0370923
       6581.8488       1.0377155
       6581.8662       1.0383840
       6581.8836       1.0390209
       6581.9011       1.0395037
       6581.9185       1.0397071
       6581.9359       1.0395467
       6581.9533       1.0390056
       6581.9707       1.0381352
       6581.9881       1.0370377
       6582.0055       1.0358431
       6582.0229       1.0346916
       6582.0403       1.0337216
       6582.0577       1.0330578
       6582.0752       1.0327932
       6582.0926       1.0329652
       6582.1100       1.0335351
       6582.1274       1.0343821
       6582.1448       1.0353190
       6582.1622       1.0361288
       6582.1796       1.0366122
       6582.1970       1.0366322
       6582.2144       1.0361415
       6582.2319       1.0351864
       6582.2493       1.0338871
       6582.2667       1.0324070
       6582.2841       1.0309150
       6582.3015       1.0295562
       6582.3189       1.0284366
       6582.3363       1.0276144
       6582.3537       1.0270992
       6582.3711       1.0268549
       6582.3885       1.0268122
       6582.4060       1.0268874
       6582.4234       1.0270053
       6582.4408       1.0271164
       6582.4582       1.0272027
       6582.4756       1.0272721
       6582.4930       1.0273491
       6582.5104       1.0274697
       6582.5278       1.0276822
       6582.5452       1.0280495
       6582.5626       1.0286433
       6582.5801       1.0295243
       6582.5975       1.0307140
       6582.6149       1.0321718
       6582.6323       1.0337887
       6582.6497       1.0354061
       6582.6671       1.0368526
       6582.6845       1.0379848
       6582.7019       1.0387173
       6582.7193       1.0390319
       6582.7367       1.0389692
       6582.7542       1.0386083
       6582.7716       1.0380465
       6582.7890       1.0373859
       6582.8064       1.0367297
       6582.8238       1.0361834
       6582.8412       1.0358550
       6582.8586       1.0358470
       6582.8760       1.0362404
       6582.8934       1.0370723
       6582.9108       1.0383195
       6582.9283       1.0398859
       6582.9457       1.0416223
       6582.9631       1.0433526
       6582.9805       1.0449085
       6582.9979       1.0461620
       6583.0153       1.0470426
       6583.0327       1.0475376
       6583.0501       1.0476775
       6583.0675       1.0475147
       6583.0850       1.0471052
       6583.1024       1.0465004
       6583.1198       1.0457505
       6583.1372       1.0449166
       6583.1546       1.0440823
       6583.1720       1.0433581
       6583.1894       1.0428711
       6583.2068       1.0427415
       6583.2242       1.0430521
       6583.2416       1.0438215
       6583.2591       1.0449921
       6583.2765       1.0464358
       6583.2939       1.0479764
       6583.3113       1.0494184
       6583.3287       1.0505747
       6583.3461       1.0512887
       6583.3635       1.0514490
       6583.3809       1.0510019
       6583.3983       1.0499583
       6583.4157       1.0483926
       6583.4332       1.0464295
       6583.4506       1.0442175
       6583.4680       1.0418991
       6583.4854       1.0395875
       6583.5028       1.0373596
       6583.5202       1.0352617
       6583.5376       1.0333218
       6583.5550       1.0315547
       6583.5724       1.0299577
       6583.5898       1.0285017
       6583.6073       1.0271298
       6583.6247       1.0257692
       6583.6421       1.0243585
       6583.6595       1.0228802
       6583.6769       1.0213827
       6583.6943       1.0199831
       6583.7117       1.0188425
       6583.7291       1.0181252
       6583.7465       1.0179520
       6583.7639       1.0183663
       6583.7814       1.0193228
       6583.7988       1.0207021
       6583.8162       1.0223434
       6583.8336       1.0240824
       6583.8510       1.0257800
       6583.8684       1.0273328
       6583.8858       1.0286694
       6583.9032       1.0297401
       6583.9206       1.0305109
       6583.9381       1.0309682
       6583.9555       1.0311297
       6583.9729       1.0310536
       6583.9903       1.0308382
       6584.0077       1.0306102
       6584.0251       1.0305029
       6584.0425       1.0306328
       6584.0599       1.0310767
       6584.0773       1.0318563
       6584.0947       1.0329299
       6584.1122       1.0341952
       6584.1296       1.0355006
       6584.1470       1.0366681
       6584.1644       1.0375228
       6584.1818       1.0379244
       6584.1992       1.0377944
       6584.2166       1.0371296
       6584.2340       1.0360093
       6584.2514       1.0345704
       6584.2688       1.0329861
       6584.2863       1.0314402
       6584.3037       1.0301050
       6584.3211       1.0291209
       6584.3385       1.0285815
       6584.3559       1.0285213
       6584.3733       1.0289090
       6584.3907       1.0296498
       6584.4081       1.0305944
       6584.4255       1.0315569
       6584.4429       1.0323405
       6584.4604       1.0327691
       6584.4778       1.0327222
       6584.4952       1.0321627
       6584.5126       1.0311485
       6584.5300       1.0298198
       6584.5474       1.0283658
       6584.5648       1.0269803
       6584.5822       1.0258218
       6584.5996       1.0249867
       6584.6170       1.0245002
       6584.6345       1.0243204
       6584.6519       1.0243533
       6584.6693       1.0244748
       6584.6867       1.0245595
       6584.7041       1.0245124
       6584.7215       1.0242939
       6584.7389       1.0239316
       6584.7563       1.0235123
       6584.7737       1.0231585
       6584.7912       1.0229962
       6584.8086       1.0231265
       6584.8260       1.0236062
       6584.8434       1.0244385
       6584.8608       1.0255737
       6584.8782       1.0269093
       6584.8956       1.0283068
       6584.9130       1.0296132
       6584.9304       1.0306882
       6584.9478       1.0314340
       6584.9653       1.0318164
       6584.9827       1.0318712
       6585.0001       1.0316933
