# Angstrom [air],  flux [abs.cor.cont.sub+1]
       6544.9914       1.0205792
       6545.0088       1.0211651
       6545.0262       1.0219164
       6545.0436       1.0226876
       6545.0611       1.0233412
       6545.0785       1.0237794
       6545.0959       1.0239652
       6545.1133       1.0239304
       6545.1307       1.0237643
       6545.1481       1.0235892
       6545.1655       1.0235323
       6545.1829       1.0236978
       6545.2003       1.0241459
       6545.2177       1.0248865
       6545.2352       1.0258858
       6545.2526       1.0270847
       6545.2700       1.0284207
       6545.2874       1.0298461
       6545.3048       1.0313359
       6545.3222       1.0328873
       6545.3396       1.0345132
       6545.3570       1.0362378
       6545.3744       1.0380986
       6545.3918       1.0401554
       6545.4093       1.0425012
       6545.4267       1.0452661
       6545.4441       1.0486059
       6545.4615       1.0526772
       6545.4789       1.0576036
       6545.4963       1.0634477
       6545.5137       1.0702004
       6545.5311       1.0777893
       6545.5485       1.0861023
       6545.5660       1.0950100
       6545.5834       1.1043794
       6545.6008       1.1140736
       6545.6182       1.1239454
       6545.6356       1.1338334
       6545.6530       1.1435672
       6545.6704       1.1529786
       6545.6878       1.1619130
       6545.7052       1.1702317
       6545.7226       1.1778047
       6545.7401       1.1844967
       6545.7575       1.1901561
       6545.7749       1.1946108
       6545.7923       1.1976805
       6545.8097       1.1991952
       6545.8271       1.1990170
       6545.8445       1.1970615
       6545.8619       1.1933111
       6545.8793       1.1878195
       6545.8967       1.1807038
       6545.9142       1.1721270
       6545.9316       1.1622716
       6545.9490       1.1513095
       6545.9664       1.1393754
       6545.9838       1.1265527
       6546.0012       1.1128793
       6546.0186       1.0983748
       6546.0360       1.0830860
       6546.0534       1.0671329
       6546.0708       1.0507374
       6546.0883       1.0342214
       6546.1057       1.0179687
       6546.1231       1.0023653
       6546.1405      0.98773653
       6546.1579      0.97430696
       6546.1753      0.96219123
       6546.1927      0.95141524
       6546.2101      0.94195161
       6546.2275      0.93375290
       6546.2449      0.92677292
       6546.2624      0.92097683
       6546.2798      0.91634611
       6546.2972      0.91288290
       6546.3146      0.91061207
       6546.3320      0.90957586
       6546.3494      0.90981837
       6546.3668      0.91136361
       6546.3842      0.91419633
       6546.4016      0.91825859
       6546.4191      0.92344001
       6546.4365      0.92959789
       6546.4539      0.93656441
       6546.4713      0.94414011
       6546.4887      0.95208454
       6546.5061      0.96011502
       6546.5235      0.96792644
       6546.5409      0.97523570
       6546.5583      0.98183868
       6546.5757      0.98765633
       6546.5932      0.99274664
       6546.6106      0.99727154
       6546.6280       1.0014280
       6546.6454       1.0053692
       6546.6628       1.0091467
       6546.6802       1.0126975
       6546.6976       1.0158792
       6546.7150       1.0185388
       6546.7324       1.0205844
       6546.7498       1.0220332
       6546.7673       1.0230159
       6546.7847       1.0237388
       6546.8021       1.0244204
       6546.8195       1.0252265
       6546.8369       1.0262280
       6546.8543       1.0273936
       6546.8717       1.0286153
       6546.8891       1.0297561
       6546.9065       1.0306992
       6546.9239       1.0313817
       6546.9414       1.0318062
       6546.9588       1.0320265
       6546.9762       1.0321191
       6546.9936       1.0321494
       6547.0110       1.0321447
       6547.0284       1.0320811
       6547.0458       1.0318872
       6547.0632       1.0314644
       6547.0806       1.0307231
       6547.0980       1.0296143
       6547.1155       1.0281560
       6547.1329       1.0264413
       6547.1503       1.0246255
       6547.1677       1.0228973
       6547.1851       1.0214424
       6547.2025       1.0204147
       6547.2199       1.0199193
       6547.2373       1.0200114
       6547.2547       1.0207011
       6547.2722       1.0219561
       6547.2896       1.0236968
       6547.3070       1.0257890
       6547.3244       1.0280441
       6547.3418       1.0302371
       6547.3592       1.0321443
       6547.3766       1.0335910
       6547.3940       1.0344904
       6547.4114       1.0348592
       6547.4288       1.0348036
       6547.4463       1.0344825
       6547.4637       1.0340636
       6547.4811       1.0336882
       6547.4985       1.0334547
       6547.5159       1.0334206
       6547.5333       1.0336144
       6547.5507       1.0340485
       6547.5681       1.0347242
       6547.5855       1.0356283
       6547.6029       1.0367254
       6547.6204       1.0379524
       6547.6378       1.0392212
       6547.6552       1.0404327
       6547.6726       1.0414975
       6547.6900       1.0423591
       6547.7074       1.0430094
       6547.7248       1.0434961
       6547.7422       1.0439059
       6547.7596       1.0443371
       6547.7770       1.0448668
       6547.7945       1.0455229
       6547.8119       1.0462727
       6547.8293       1.0470319
       6547.8467       1.0476888
       6547.8641       1.0481331
       6547.8815       1.0482743
       6547.8989       1.0480468
       6547.9163       1.0474046
       6547.9337       1.0463180
       6547.9511       1.0447802
       6547.9686       1.0428223
       6547.9860       1.0405267
       6548.0034       1.0380262
       6548.0208       1.0354854
       6548.0382       1.0330712
       6548.0556       1.0309260
       6548.0730       1.0291574
       6548.0904       1.0278424
       6548.1078       1.0270381
       6548.1253       1.0267840
       6548.1427       1.0270908
       6548.1601       1.0279182
       6548.1775       1.0291601
       6548.1949       1.0306483
       6548.2123       1.0321814
       6548.2297       1.0335679
       6548.2471       1.0346676
       6548.2645       1.0354133
       6548.2819       1.0358082
       6548.2994       1.0359053
       6548.3168       1.0357814
       6548.3342       1.0355183
       6548.3516       1.0351926
       6548.3690       1.0348717
       6548.3864       1.0346054
       6548.4038       1.0344162
       6548.4212       1.0342928
       6548.4386       1.0341939
       6548.4560       1.0340682
       6548.4735       1.0338843
       6548.4909       1.0336596
       6548.5083       1.0334748
       6548.5257       1.0334659
       6548.5431       1.0337941
       6548.5605       1.0346015
       6548.5779       1.0359662
       6548.5953       1.0378721
       6548.6127       1.0402034
       6548.6301       1.0427680
       6548.6476       1.0453437
       6548.6650       1.0477307
       6548.6824       1.0497933
       6548.6998       1.0514774
       6548.7172       1.0527986
       6548.7346       1.0538100
       6548.7520       1.0545636
       6548.7694       1.0550814
       6548.7868       1.0553461
       6548.8042       1.0553122
       6548.8217       1.0549327
       6548.8391       1.0541865
       6548.8565       1.0530971
       6548.8739       1.0517336
       6548.8913       1.0501953
       6548.9087       1.0485864
       6548.9261       1.0469928
       6548.9435       1.0454706
       6548.9609       1.0440511
       6548.9784       1.0427603
       6548.9958       1.0416398
       6549.0132       1.0407599
       6549.0306       1.0402061
       6549.0480       1.0400602
       6549.0654       1.0403690
       6549.0828       1.0411224
       6549.1002       1.0422462
       6549.1176       1.0436137
       6549.1350       1.0450697
       6549.1525       1.0464605
       6549.1699       1.0476586
       6549.1873       1.0485750
       6549.2047       1.0491585
       6549.2221       1.0493850
       6549.2395       1.0492462
       6549.2569       1.0487456
       6549.2743       1.0479072
       6549.2917       1.0467902
       6549.3091       1.0455028
       6549.3266       1.0441996
       6549.3440       1.0430582
       6549.3614       1.0422374
       6549.3788       1.0418312
       6549.3962       1.0418354
       6549.4136       1.0421443
       6549.4310       1.0425783
       6549.4484       1.0429351
       6549.4658       1.0430463
       6549.4832       1.0428201
       6549.5007       1.0422611
       6549.5181       1.0414634
       6549.5355       1.0405846
       6549.5529       1.0398083
       6549.5703       1.0393060
       6549.5877       1.0392026
       6549.6051       1.0395521
       6549.6225       1.0403293
       6549.6399       1.0414402
       6549.6573       1.0427503
       6549.6748       1.0441192
       6549.6922       1.0454340
       6549.7096       1.0466237
       6549.7270       1.0476524
       6549.7444       1.0485035
       6549.7618       1.0491640
       6549.7792       1.0496175
       6549.7966       1.0498453
       6549.8140       1.0498303
       6549.8315       1.0495592
       6549.8489       1.0490242
       6549.8663       1.0482305
       6549.8837       1.0472087
       6549.9011       1.0460304
       6549.9185       1.0448122
       6549.9359       1.0436997
       6549.9533       1.0428307
       6549.9707       1.0422889
       6549.9881       1.0420716
       6550.0056       1.0420901
       6550.0230       1.0422066
       6550.0404       1.0422948
       6550.0578       1.0422981
       6550.0752       1.0422582
       6550.0926       1.0423005
       6550.1100       1.0425810
       6550.1274       1.0432156
       6550.1448       1.0442217
       6550.1622       1.0454958
       6550.1797       1.0468370
       6550.1971       1.0480039
       6550.2145       1.0487841
       6550.2319       1.0490498
       6550.2493       1.0487834
       6550.2667       1.0480691
       6550.2841       1.0470580
       6550.3015       1.0459210
       6550.3189       1.0448069
       6550.3363       1.0438139
       6550.3538       1.0429882
       6550.3712       1.0423413
       6550.3886       1.0418745
       6550.4060       1.0415949
       6550.4234       1.0415139
       6550.4408       1.0416323
       6550.4582       1.0419243
       6550.4756       1.0423349
       6550.4930       1.0427973
       6550.5104       1.0432643
       6550.5279       1.0437351
       6550.5453       1.0442633
       6550.5627       1.0449388
       6550.5801       1.0458519
       6550.5975       1.0470545
       6550.6149       1.0485374
       6550.6323       1.0502288
       6550.6497       1.0520137
       6550.6671       1.0537616
       6550.6846       1.0553514
       6550.7020       1.0566866
       6550.7194       1.0576993
       6550.7368       1.0583474
       6550.7542       1.0586091
       6550.7716       1.0584805
       6550.7890       1.0579779
       6550.8064       1.0571438
       6550.8238       1.0560570
       6550.8412       1.0548373
       6550.8587       1.0536415
       6550.8761       1.0526453
       6550.8935       1.0520110
       6550.9109       1.0518498
       6550.9283       1.0521896
       6550.9457       1.0529597
       6550.9631       1.0540011
       6550.9805       1.0550985
       6550.9979       1.0560352
       6551.0153       1.0566417
       6551.0328       1.0568284
       6551.0502       1.0565963
       6551.0676       1.0560249
       6551.0850       1.0552474
       6551.1024       1.0544220
       6551.1198       1.0537080
       6551.1372       1.0532482
       6551.1546       1.0531546
       6551.1720       1.0534963
       6551.1894       1.0542879
       6551.2069       1.0554856
       6551.2243       1.0569913
       6551.2417       1.0586681
       6551.2591       1.0603574
       6551.2765       1.0618937
       6551.2939       1.0631149
       6551.3113       1.0638737
       6551.3287       1.0640589
       6551.3461       1.0636268
       6551.3635       1.0626311
       6551.3810       1.0612313
       6551.3984       1.0596632
       6551.4158       1.0581739
       6551.4332       1.0569425
       6551.4506       1.0560237
       6551.4680       1.0553417
       6551.4854       1.0547440
       6551.5028       1.0540903
       6551.5202       1.0533358
       6551.5377       1.0525653
       6551.5551       1.0519634
       6551.5725       1.0517333
       6551.5899       1.0520081
       6551.6073       1.0527939
       6551.6247       1.0539692
       6551.6421       1.0553282
       6551.6595       1.0566583
       6551.6769       1.0577931
       6551.6943       1.0586408
       6551.7118       1.0591837
       6551.7292       1.0594591
       6551.7466       1.0595328
       6551.7640       1.0594755
       6551.7814       1.0593446
       6551.7988       1.0591778
       6551.8162       1.0589986
       6551.8336       1.0588298
       6551.8510       1.0587051
       6551.8684       1.0586705
       6551.8859       1.0587714
       6551.9033       1.0590364
       6551.9207       1.0594688
       6551.9381       1.0600541
       6551.9555       1.0607782
       6551.9729       1.0616409
       6551.9903       1.0626521
       6552.0077       1.0638099
       6552.0251       1.0650734
       6552.0425       1.0663470
       6552.0600       1.0674876
       6552.0774       1.0683336
       6552.0948       1.0687448
       6552.1122       1.0686405
       6552.1296       1.0680261
       6552.1470       1.0670018
       6552.1644       1.0657498
       6552.1818       1.0644998
       6552.1992       1.0634793
       6552.2167       1.0628610
       6552.2341       1.0627249
       6552.2515       1.0630502
       6552.2689       1.0637398
       6552.2863       1.0646611
       6552.3037       1.0656969
       6552.3211       1.0667703
       6552.3385       1.0678390
       6552.3559       1.0688680
       6552.3733       1.0697992
       6552.3908       1.0705387
       6552.4082       1.0709719
       6552.4256       1.0710041
       6552.4430       1.0706039
       6552.4604       1.0698294
       6552.4778       1.0688226
       6552.4952       1.0677712
       6552.5126       1.0668548
       6552.5300       1.0661962
       6552.5474       1.0658366
       6552.5649       1.0657429
       6552.5823       1.0658411
       6552.5997       1.0660603
       6552.6171       1.0663689
       6552.6345       1.0667888
       6552.6519       1.0673850
       6552.6693       1.0682397
       6552.6867       1.0694218
       6552.7041       1.0709632
       6552.7215       1.0728485
       6552.7390       1.0750166
       6552.7564       1.0773730
       6552.7738       1.0798080
       6552.7912       1.0822149
       6552.8086       1.0845026
       6552.8260       1.0865997
       6552.8434       1.0884504
       6552.8608       1.0900102
       6552.8782       1.0912465
       6552.8956       1.0921456
       6552.9131       1.0927223
       6552.9305       1.0930228
       6552.9479       1.0931139
       6552.9653       1.0930579
       6552.9827       1.0928863
       6553.0001       1.0925833
       6553.0175       1.0920895
       6553.0349       1.0913278
       6553.0523       1.0902429
       6553.0698       1.0888355
       6553.0872       1.0871724
       6553.1046       1.0853641
       6553.1220       1.0835197
       6553.1394       1.0817021
       6553.1568       1.0799106
       6553.1742       1.0781043
       6553.1916       1.0762535
       6553.2090       1.0743938
       6553.2264       1.0726508
       6553.2439       1.0712214
       6553.2613       1.0703176
       6553.2787       1.0700987
       6553.2961       1.0706185
       6553.3135       1.0718055
       6553.3309       1.0734803
       6553.3483       1.0753975
       6553.3657       1.0772961
       6553.3831       1.0789434
       6553.4005       1.0801653
       6553.4180       1.0808610
       6553.4354       1.0810088
       6553.4528       1.0806636
       6553.4702       1.0799492
       6553.4876       1.0790419
       6553.5050       1.0781434
       6553.5224       1.0774488
       6553.5398       1.0771147
       6553.5572       1.0772381
       6553.5746       1.0778505
       6553.5921       1.0789161
       6553.6095       1.0803525
       6553.6269       1.0820453
       6553.6443       1.0838636
       6553.6617       1.0856766
       6553.6791       1.0873715
       6553.6965       1.0888726
       6553.7139       1.0901558
       6553.7313       1.0912521
       6553.7487       1.0922348
       6553.7662       1.0931921
       6553.7836       1.0941939
       6553.8010       1.0952643
       6553.8184       1.0963705
       6553.8358       1.0974334
       6553.8532       1.0983565
       6553.8706       1.0990622
       6553.8880       1.0995217
       6553.9054       1.0997648
       6553.9229       1.0998665
       6553.9403       1.0999118
       6553.9577       1.0999561
       6553.9751       1.0999963
       6553.9925       1.0999644
       6554.0099       1.0997465
       6554.0273       1.0992192
       6554.0447       1.0982880
       6554.0621       1.0969172
       6554.0795       1.0951408
       6554.0970       1.0930546
       6554.1144       1.0907943
       6554.1318       1.0885072
       6554.1492       1.0863253
       6554.1666       1.0843472
       6554.1840       1.0826308
       6554.2014       1.0811984
       6554.2188       1.0800501
       6554.2362       1.0791769
       6554.2536       1.0785708
       6554.2711       1.0782316
       6554.2885       1.0781642
       6554.3059       1.0783727
       6554.3233       1.0788538
       6554.3407       1.0795886
       6554.3581       1.0805371
       6554.3755       1.0816346
       6554.3929       1.0827960
       6554.4103       1.0839264
       6554.4277       1.0849359
       6554.4452       1.0857536
       6554.4626       1.0863357
       6554.4800       1.0866695
       6554.4974       1.0867740
       6554.5148       1.0867015
       6554.5322       1.0865387
       6554.5496       1.0864024
       6554.5670       1.0864250
       6554.5844       1.0867285
       6554.6018       1.0873977
       6554.6193       1.0884625
       6554.6367       1.0899012
       6554.6541       1.0916597
       6554.6715       1.0936785
       6554.6889       1.0959106
       6554.7063       1.0983241
       6554.7237       1.1008923
       6554.7411       1.1035816
       6554.7585       1.1063472
       6554.7760       1.1091379
       6554.7934       1.1119075
       6554.8108       1.1146274
       6554.8282       1.1172951
       6554.8456       1.1199392
       6554.8630       1.1226177
       6554.8804       1.1254104
       6554.8978       1.1283929
       6554.9152       1.1316089
       6554.9326       1.1350417
       6554.9501       1.1385981
       6554.9675       1.1421146
       6554.9849       1.1453858
       6555.0023       1.1482051
       6555.0197       1.1504037
       6555.0371       1.1518746
       6555.0545       1.1525765
       6555.0719       1.1525196
       6555.0893       1.1517426
       6555.1067       1.1502907
       6555.1242       1.1482035
       6555.1416       1.1455179
       6555.1590       1.1422812
       6555.1764       1.1385669
       6555.1938       1.1344804
       6555.2112       1.1301475
       6555.2286       1.1256869
       6555.2460       1.1211783
       6555.2634       1.1166407
       6555.2808       1.1120329
       6555.2983       1.1072793
       6555.3157       1.1023149
       6555.3331       1.0971347
       6555.3505       1.0918295
       6555.3679       1.0865931
       6555.3853       1.0816926
       6555.4027       1.0774048
       6555.4201       1.0739375
       6555.4375       1.0713635
       6555.4549       1.0695929
       6555.4724       1.0684016
       6555.4898       1.0675053
       6555.5072       1.0666554
       6555.5246       1.0657186
       6555.5420       1.0647135
       6555.5594       1.0637894
       6555.5768       1.0631596
       6555.5942       1.0630254
       6555.6116       1.0635146
       6555.6291       1.0646542
       6555.6465       1.0663788
       6555.6639       1.0685618
       6555.6813       1.0710500
       6555.6987       1.0736864
       6555.7161       1.0763171
       6555.7335       1.0787918
       6555.7509       1.0809672
       6555.7683       1.0827226
       6555.7857       1.0839818
       6555.8032       1.0847309
       6555.8206       1.0850223
       6555.8380       1.0849609
       6555.8554       1.0846806
       6555.8728       1.0843212
       6555.8902       1.0840122
       6555.9076       1.0838621
       6555.9250       1.0839492
       6555.9424       1.0843107
       6555.9598       1.0849341
       6555.9773       1.0857588
       6555.9947       1.0866919
       6556.0121       1.0876352
       6556.0295       1.0885118
       6556.0469       1.0892811
       6556.0643       1.0899379
       6556.0817       1.0904966
       6556.0991       1.0909730
       6556.1165       1.0913700
       6556.1339       1.0916761
       6556.1514       1.0918749
       6556.1688       1.0919624
       6556.1862       1.0919633
       6556.2036       1.0919395
       6556.2210       1.0919804
       6556.2384       1.0921840
       6556.2558       1.0926326
       6556.2732       1.0933708
       6556.2906       1.0943952
       6556.3080       1.0956558
       6556.3255       1.0970693
       6556.3429       1.0985380
       6556.3603       1.0999700
       6556.3777       1.1012945
       6556.3951       1.1024698
       6556.4125       1.1034792
       6556.4299       1.1043202
       6556.4473       1.1049887
       6556.4647       1.1054671
       6556.4822       1.1057212
       6556.4996       1.1057054
       6556.5170       1.1053754
       6556.5344       1.1047039
       6556.5518       1.1036934
       6556.5692       1.1023827
       6556.5866       1.1008461
       6556.6040       1.0991814
       6556.6214       1.0974927
       6556.6388       1.0958704
       6556.6563       1.0943774
       6556.6737       1.0930462
       6556.6911       1.0918880
       6556.7085       1.0909074
       6556.7259       1.0901178
       6556.7433       1.0895488
       6556.7607       1.0892455
       6556.7781       1.0892581
       6556.7955       1.0896246
       6556.8129       1.0903518
       6556.8304       1.0913992
       6556.8478       1.0926708
       6556.8652       1.0940309
       6556.8826       1.0953335
       6556.9000       1.0964595
       6556.9174       1.0973480
       6556.9348       1.0980086
       6556.9522       1.0985107
       6556.9696       1.0989542
       6556.9870       1.0994344
       6557.0045       1.1000146
       6557.0219       1.1007137
       6557.0393       1.1015102
       6557.0567       1.1023567
       6557.0741       1.1031998
       6557.0915       1.1039990
       6557.1089       1.1047391
       6557.1263       1.1054362
       6557.1437       1.1061353
       6557.1611       1.1069018
       6557.1786       1.1078108
       6557.1960       1.1089332
       6557.2134       1.1103207
       6557.2308       1.1119877
       6557.2482       1.1138934
       6557.2656       1.1159314
       6557.2830       1.1179333
       6557.3004       1.1196943
       6557.3178       1.1210167
       6557.3353       1.1217595
       6557.3527       1.1218762
       6557.3701       1.1214270
       6557.3875       1.1205594
       6557.4049       1.1194661
       6557.4223       1.1183368
       6557.4397       1.1173204
       6557.4571       1.1165083
       6557.4745       1.1159369
       6557.4919       1.1155984
       6557.5094       1.1154458
       6557.5268       1.1154042
       6557.5442       1.1153765
       6557.5616       1.1152620
       6557.5790       1.1149871
       6557.5964       1.1145380
       6557.6138       1.1139827
       6557.6312       1.1134648
       6557.6486       1.1131681
       6557.6660       1.1132578
       6557.6835       1.1138217
       6557.7009       1.1148293
       6557.7183       1.1161291
       6557.7357       1.1174840
       6557.7531       1.1186362
       6557.7705       1.1193793
       6557.7879       1.1196134
       6557.8053       1.1193651
       6557.8227       1.1187676
       6557.8401       1.1180103
       6557.8576       1.1172781
       6557.8750       1.1167014
       6557.8924       1.1163319
       6557.9098       1.1161468
       6557.9272       1.1160745
       6557.9446       1.1160300
       6557.9620       1.1159493
       6557.9794       1.1158138
       6557.9968       1.1156629
       6558.0142       1.1155894
       6558.0317       1.1157188
       6558.0491       1.1161741
       6558.0665       1.1170339
       6558.0839       1.1182972
       6558.1013       1.1198670
       6558.1187       1.1215641
       6558.1361       1.1231675
       6558.1535       1.1244771
       6558.1709       1.1253720
       6558.1884       1.1258439
       6558.2058       1.1259960
       6558.2232       1.1260086
       6558.2406       1.1260819
       6558.2580       1.1263769
       6558.2754       1.1269720
       6558.2928       1.1278493
       6558.3102       1.1289105
       6558.3276       1.1300148
       6558.3450       1.1310249
       6558.3625       1.1318475
       6558.3799       1.1324559
       6558.3973       1.1328908
       6558.4147       1.1332370
       6558.4321       1.1335844
       6558.4495       1.1339882
       6558.4669       1.1344432
       6558.4843       1.1348879
       6558.5017       1.1352353
       6558.5191       1.1354179
       6558.5366       1.1354246
       6558.5540       1.1353125
       6558.5714       1.1351899
       6558.5888       1.1351825
       6558.6062       1.1353966
       6558.6236       1.1358948
       6558.6410       1.1366859
       6558.6584       1.1377266
       6558.6758       1.1389319
       6558.6932       1.1401913
       6558.7107       1.1413902
       6558.7281       1.1424342
       6558.7455       1.1432711
       6558.7629       1.1439043
       6558.7803       1.1443934
       6558.7977       1.1448449
       6558.8151       1.1453925
       6558.8325       1.1461716
       6558.8499       1.1472985
       6558.8674       1.1488515
       6558.8848       1.1508574
       6558.9022       1.1532845
       6558.9196       1.1560470
       6558.9370       1.1590228
       6558.9544       1.1620825
       6558.9718       1.1651213
       6558.9892       1.1680808
       6559.0066       1.1709500
       6559.0240       1.1737459
       6559.0415       1.1764808
       6559.0589       1.1791330
       6559.0763       1.1816329
       6559.0937       1.1838700
       6559.1111       1.1857169
       6559.1285       1.1870602
       6559.1459       1.1878277
       6559.1633       1.1880049
       6559.1807       1.1876365
       6559.1981       1.1868160
       6559.2156       1.1856642
       6559.2330       1.1843035
       6559.2504       1.1828305
       6559.2678       1.1812942
       6559.2852       1.1796826
       6559.3026       1.1779236
       6559.3200       1.1759030
       6559.3374       1.1734948
       6559.3548       1.1706012
       6559.3722       1.1671876
       6559.3897       1.1633053
       6559.4071       1.1590906
       6559.4245       1.1547413
       6559.4419       1.1504772
       6559.4593       1.1464990
       6559.4767       1.1429531
       6559.4941       1.1399237
       6559.5115       1.1374402
       6559.5289       1.1354965
       6559.5463       1.1340719
       6559.5638       1.1331474
       6559.5812       1.1327146
       6559.5986       1.1327786
       6559.6160       1.1333536
       6559.6334       1.1344529
       6559.6508       1.1360744
       6559.6682       1.1381866
       6559.6856       1.1407202
       6559.7030       1.1435721
       6559.7205       1.1466226
       6559.7379       1.1497600
       6559.7553       1.1529079
       6559.7727       1.1560445
       6559.7901       1.1592112
       6559.8075       1.1625051
       6559.8249       1.1660565
       6559.8423       1.1699928
       6559.8597       1.1743956
       6559.8771       1.1792628
       6559.8946       1.1844912
       6559.9120       1.1898886
       6559.9294       1.1952197
       6559.9468       1.2002704
       6559.9642       1.2049100
       6559.9816       1.2091254
       6559.9990       1.2130131
       6560.0164       1.2167297
       6560.0338       1.2204212
       6560.0512       1.2241588
       6560.0687       1.2279079
       6560.0861       1.2315411
       6560.1035       1.2348871
       6560.1209       1.2377979
       6560.1383       1.2401957
       6560.1557       1.2420912
       6560.1731       1.2435671
       6560.1905       1.2447412
       6560.2079       1.2457274
       6560.2253       1.2466101
       6560.2428       1.2474412
       6560.2602       1.2482546
       6560.2776       1.2490864
       6560.2950       1.2499873
       6560.3124       1.2510166
       6560.3298       1.2522195
       6560.3472       1.2535975
       6560.3646       1.2550913
       6560.3820       1.2565896
       6560.3994       1.2579668
       6560.4169       1.2591362
       6560.4343       1.2600953
       6560.4517       1.2609418
       6560.4691       1.2618511
       6560.4865       1.2630209
       6560.5039       1.2646045
       6560.5213       1.2666537
       6560.5387       1.2690911
       6560.5561       1.2717215
       6560.5736       1.2742810
       6560.5910       1.2765131
       6560.6084       1.2782480
       6560.6258       1.2794616
       6560.6432       1.2802912
       6560.6606       1.2810041
       6560.6780       1.2819296
       6560.6954       1.2833802
       6560.7128       1.2855856
       6560.7302       1.2886573
       6560.7477       1.2925881
       6560.7651       1.2972540
       6560.7825       1.3024661
       6560.7999       1.3080050
       6560.8173       1.3136614
       6560.8347       1.3192703
       6560.8521       1.3247332
       6560.8695       1.3300244
       6560.8869       1.3351841
       6560.9043       1.3403059
       6560.9218       1.3455229
       6560.9392       1.3509950
       6560.9566       1.3568921
       6560.9740       1.3633695
       6560.9914       1.3705339
       6561.0088       1.3784062
       6561.0262       1.3868937
       6561.0436       1.3957840
       6561.0610       1.4047731
       6561.0784       1.4135268
       6561.0959       1.4217635
       6561.1133       1.4293350
       6561.1307       1.4362759
       6561.1481       1.4428030
       6561.1655       1.4492617
       6561.1829       1.4560364
       6561.2003       1.4634597
       6561.2177       1.4717489
       6561.2351       1.4809873
       6561.2525       1.4911466
       6561.2700       1.5021314
       6561.2874       1.5138246
       6561.3048       1.5261218
       6561.3222       1.5389503
       6561.3396       1.5522786
       6561.3570       1.5661166
       6561.3744       1.5805073
       6561.3918       1.5955092
       6561.4092       1.6111663
       6561.4267       1.6274832
       6561.4441       1.6444157
       6561.4615       1.6618790
       6561.4789       1.6797716
       6561.4963       1.6980040
       6561.5137       1.7165170
       6561.5311       1.7352850
       6561.5485       1.7543073
       6561.5659       1.7735948
       6561.5833       1.7931591
       6561.6008       1.8130002
       6561.6182       1.8330927
       6561.6356       1.8533693
       6561.6530       1.8737105
       6561.6704       1.8939494
       6561.6878       1.9138945
       6561.7052       1.9333644
       6561.7226       1.9522184
       6561.7400       1.9703750
       6561.7574       1.9878125
       6561.7749       2.0045612
       6561.7923       2.0206941
       6561.8097       2.0363184
       6561.8271       2.0515636
       6561.8445       2.0665582
       6561.8619       2.0813959
       6561.8793       2.0961008
       6561.8967       2.1106094
       6561.9141       2.1247840
       6561.9315       2.1384577
       6561.9490       2.1514938
       6561.9664       2.1638371
       6561.9838       2.1755330
       6562.0012       2.1867099
       6562.0186       2.1975339
       6562.0360       2.2081551
       6562.0534       2.2186672
       6562.0708       2.2290808
       6562.0882       2.2393343
       6562.1056       2.2493173
       6562.1231       2.2589085
       6562.1405       2.2680154
       6562.1579       2.2766051
       6562.1753       2.2847145
       6562.1927       2.2924369
       6562.2101       2.2998911
       6562.2275       2.3071883
       6562.2449       2.3144118
       6562.2623       2.3216127
       6562.2798       2.3288209
       6562.2972       2.3360567
       6562.3146       2.3433383
       6562.3320       2.3506815
       6562.3494       2.3580980
       6562.3668       2.3655959
       6562.3842       2.3731863
       6562.4016       2.3808923
       6562.4190       2.3887587
       6562.4364       2.3968567
       6562.4539       2.4052823
       6562.4713       2.4141436
       6562.4887       2.4235405
       6562.5061       2.4335396
       6562.5235       2.4441568
       6562.5409       2.4553571
       6562.5583       2.4670746
       6562.5757       2.4792443
       6562.5931       2.4918273
       6562.6105       2.5048145
       6562.6280       2.5182007
       6562.6454       2.5319409
       6562.6628       2.5459064
       6562.6802       2.5598588
       6562.6976       2.5734483
       6562.7150       2.5862377
       6562.7324       2.5977495
       6562.7498       2.6075089
       6562.7672       2.6150873
       6562.7846       2.6201360
       6562.8021       2.6224012
       6562.8195       2.6217216
       6562.8369       2.6180097
       6562.8543       2.6112303
       6562.8717       2.6013891
       6562.8891       2.5885376
       6562.9065       2.5727917
       6562.9239       2.5543521
       6562.9413       2.5335088
       6562.9587       2.5106237
       6562.9762       2.4860893
       6562.9936       2.4602788
       6563.0110       2.4335022
       6563.0284       2.4059859
       6563.0458       2.3778792
       6563.0632       2.3492847
       6563.0806       2.3202988
       6563.0980       2.2910463
       6563.1154       2.2616979
       6563.1329       2.2324674
       6563.1503       2.2035928
       6563.1677       2.1753138
       6563.1851       2.1478519
       6563.2025       2.1213996
       6563.2199       2.0961148
       6563.2373       2.0721186
       6563.2547       2.0494924
       6563.2721       2.0282745
       6563.2895       2.0084602
       6563.3070       1.9900064
       6563.3244       1.9728392
       6563.3418       1.9568616
       6563.3592       1.9419538
       6563.3766       1.9279643
       6563.3940       1.9147225
       6563.4114       1.9020485
       6563.4288       1.8897831
       6563.4462       1.8778250
       6563.4636       1.8661598
       6563.4811       1.8548649
       6563.4985       1.8440861
       6563.5159       1.8339944
       6563.5333       1.8247393
       6563.5507       1.8164149
       6563.5681       1.8090461
       6563.5855       1.8025906
       6563.6029       1.7969518
       6563.6203       1.7919947
       6563.6377       1.7875604
       6563.6552       1.7834760
       6563.6726       1.7795590
       6563.6900       1.7756143
       6563.7074       1.7714318
       6563.7248       1.7667897
       6563.7422       1.7614715
       6563.7596       1.7552952
       6563.7770       1.7481490
       6563.7944       1.7400184
       6563.8118       1.7309952
       6563.8293       1.7212596
       6563.8467       1.7110408
       6563.8641       1.7005648
       6563.8815       1.6900032
       6563.8989       1.6794340
       6563.9163       1.6688214
       6563.9337       1.6580186
       6563.9511       1.6467930
       6563.9685       1.6348740
       6563.9860       1.6220164
       6564.0034       1.6080617
       6564.0208       1.5930079
       6564.0382       1.5770104
       6564.0556       1.5603481
       6564.0730       1.5433555
       6564.0904       1.5263415
       6564.1078       1.5095268
       6564.1252       1.4930216
       6564.1426       1.4768439
       6564.1601       1.4609613
       6564.1775       1.4453348
       6564.1949       1.4299446
       6564.2123       1.4147948
       6564.2297       1.3999004
       6564.2471       1.3852709
       6564.2645       1.3709004
       6564.2819       1.3567705
       6564.2993       1.3428656
       6564.3167       1.3291933
       6564.3342       1.3158009
       6564.3516       1.3027819
       6564.3690       1.2902688
       6564.3864       1.2784168
       6564.4038       1.2673814
       6564.4212       1.2572945
       6564.4386       1.2482426
       6564.4560       1.2402478
       6564.4734       1.2332572
       6564.4908       1.2271443
       6564.5083       1.2217267
       6564.5257       1.2167980
       6564.5431       1.2121679
       6564.5605       1.2076972
       6564.5779       1.2033161
       6564.5953       1.1990187
       6564.6127       1.1948376
       6564.6301       1.1908113
       6564.6475       1.1869604
       6564.6649       1.1832807
       6564.6824       1.1797544
       6564.6998       1.1763685
       6564.7172       1.1731271
       6564.7346       1.1700541
       6564.7520       1.1671899
       6564.7694       1.1645878
       6564.7868       1.1623121
       6564.8042       1.1604352
       6564.8216       1.1590289
       6564.8391       1.1581463
       6564.8565       1.1577986
       6564.8739       1.1579342
       6564.8913       1.1584301
       6564.9087       1.1591024
       6564.9261       1.1597369
       6564.9435       1.1601321
       6564.9609       1.1601423
       6564.9783       1.1597061
       6564.9957       1.1588516
       6565.0132       1.1576778
       6565.0306       1.1563205
       6565.0480       1.1549162
       6565.0654       1.1535759
       6565.0828       1.1523748
       6565.1002       1.1513561
       6565.1176       1.1505431
       6565.1350       1.1499496
       6565.1524       1.1495861
       6565.1698       1.1494606
       6565.1873       1.1495776
       6565.2047       1.1499352
       6565.2221       1.1505199
       6565.2395       1.1512973
       6565.2569       1.1522011
       6565.2743       1.1531265
       6565.2917       1.1539350
       6565.3091       1.1544700
       6565.3265       1.1545915
       6565.3439       1.1542038
       6565.3614       1.1532788
       6565.3788       1.1518659
       6565.3962       1.1500857
       6565.4136       1.1481068
       6565.4310       1.1461101
       6565.4484       1.1442510
       6565.4658       1.1426314
       6565.4832       1.1412929
       6565.5006       1.1402329
       6565.5181       1.1394337
       6565.5355       1.1388867
       6565.5529       1.1385985
       6565.5703       1.1385761
       6565.5877       1.1388036
       6565.6051       1.1392266
       6565.6225       1.1397580
       6565.6399       1.1403034
       6565.6573       1.1407933
       6565.6747       1.1412051
       6565.6922       1.1415649
       6565.7096       1.1419274
       6565.7270       1.1423470
       6565.7444       1.1428524
       6565.7618       1.1434345
       6565.7792       1.1440509
       6565.7966       1.1446402
       6565.8140       1.1451423
       6565.8314       1.1455152
       6565.8488       1.1457471
       6565.8663       1.1458597
       6565.8837       1.1459025
       6565.9011       1.1459383
       6565.9185       1.1460233
       6565.9359       1.1461876
       6565.9533       1.1464269
       6565.9707       1.1467080
       6565.9881       1.1469910
       6566.0055       1.1472558
       6566.0229       1.1475162
       6566.0404       1.1478142
       6566.0578       1.1481931
       6566.0752       1.1486649
       6566.0926       1.1491902
       6566.1100       1.1496830
       6566.1274       1.1500409
       6566.1448       1.1501864
       6566.1622       1.1500989
       6566.1796       1.1498226
       6566.1970       1.1494449
       6566.2145       1.1490566
       6566.2319       1.1487115
       6566.2493       1.1484033
       6566.2667       1.1480674
       6566.2841       1.1476075
       6566.3015       1.1469345
       6566.3189       1.1460044
       6566.3363       1.1448431
       6566.3537       1.1435516
       6566.3712       1.1422903
       6566.3886       1.1412480
       6566.4060       1.1406020
       6566.4234       1.1404799
       6566.4408       1.1409292
       6566.4582       1.1419015
       6566.4756       1.1432540
       6566.4930       1.1447685
       6566.5104       1.1461881
       6566.5278       1.1472680
       6566.5453       1.1478299
       6566.5627       1.1478069
       6566.5801       1.1472596
       6566.5975       1.1463556
       6566.6149       1.1453143
       6566.6323       1.1443382
       6566.6497       1.1435526
       6566.6671       1.1429896
       6566.6845       1.1426086
       6566.7019       1.1423427
       6566.7194       1.1421444
       6566.7368       1.1420098
       6566.7542       1.1419719
       6566.7716       1.1420694
       6566.7890       1.1423061
       6566.8064       1.1426193
       6566.8238       1.1428698
       6566.8412       1.1428604
       6566.8586       1.1423778
       6566.8760       1.1412471
       6566.8935       1.1393824
       6566.9109       1.1368180
       6566.9283       1.1337142
       6566.9457       1.1303354
       6566.9631       1.1270106
       6566.9805       1.1240826
       6566.9979       1.1218549
       6567.0153       1.1205423
       6567.0327       1.1202319
       6567.0501       1.1208620
       6567.0676       1.1222272
       6567.0850       1.1240138
       6567.1024       1.1258622
       6567.1198       1.1274421
       6567.1372       1.1285190
       6567.1546       1.1289902
       6567.1720       1.1288814
       6567.1894       1.1283058
       6567.2068       1.1274092
       6567.2243       1.1263233
       6567.2417       1.1251470
       6567.2591       1.1239559
       6567.2765       1.1228264
       6567.2939       1.1218513
       6567.3113       1.1211321
       6567.3287       1.1207483
       6567.3461       1.1207174
       6567.3635       1.1209705
       6567.3809       1.1213600
       6567.3984       1.1217032
       6567.4158       1.1218435
       6567.4332       1.1217039
       6567.4506       1.1213080
       6567.4680       1.1207614
       6567.4854       1.1202027
       6567.5028       1.1197499
       6567.5202       1.1194636
       6567.5376       1.1193402
       6567.5550       1.1193282
       6567.5725       1.1193570
       6567.5899       1.1193593
       6567.6073       1.1192839
       6567.6247       1.1190987
       6567.6421       1.1187919
       6567.6595       1.1183740
       6567.6769       1.1178801
       6567.6943       1.1173652
       6567.7117       1.1168918
       6567.7291       1.1165112
       6567.7466       1.1162466
       6567.7640       1.1160856
       6567.7814       1.1159873
       6567.7988       1.1159003
       6567.8162       1.1157884
       6567.8336       1.1156532
       6567.8510       1.1155465
       6567.8684       1.1155622
       6567.8858       1.1158083
       6567.9032       1.1163649
       6567.9207       1.1172438
       6567.9381       1.1183618
       6567.9555       1.1195568
       6567.9729       1.1206237
       6567.9903       1.1213662
       6568.0077       1.1216454
       6568.0251       1.1214117
       6568.0425       1.1207146
       6568.0599       1.1196891
       6568.0774       1.1185245
       6568.0948       1.1174195
       6568.1122       1.1165357
       6568.1296       1.1159608
       6568.1470       1.1156943
       6568.1644       1.1156588
       6568.1818       1.1157316
       6568.1992       1.1157813
       6568.2166       1.1156993
       6568.2340       1.1154190
       6568.2515       1.1149258
       6568.2689       1.1142619
       6568.2863       1.1135247
       6568.3037       1.1128553
       6568.3211       1.1124136
       6568.3385       1.1123456
       6568.3559       1.1127530
       6568.3733       1.1136793
       6568.3907       1.1151172
       6568.4081       1.1170330
       6568.4256       1.1193944
       6568.4430       1.1221927
       6568.4604       1.1254495
       6568.4778       1.1292101
       6568.4952       1.1335235
       6568.5126       1.1384164
       6568.5300       1.1438651
       6568.5474       1.1497772
       6568.5648       1.1559873
       6568.5822       1.1622729
       6568.5997       1.1683877
       6568.6171       1.1740971
       6568.6345       1.1792109
       6568.6519       1.1836065
       6568.6693       1.1872393
       6568.6867       1.1901408
       6568.7041       1.1924024
       6568.7215       1.1941473
       6568.7389       1.1954940
       6568.7563       1.1965204
       6568.7738       1.1972400
       6568.7912       1.1975995
       6568.8086       1.1974984
       6568.8260       1.1968217
       6568.8434       1.1954696
       6568.8608       1.1933729
       6568.8782       1.1904894
       6568.8956       1.1867909
       6568.9130       1.1822536
       6568.9305       1.1768634
       6568.9479       1.1706350
       6568.9653       1.1636350
       6568.9827       1.1559932
       6569.0001       1.1478940
       6569.0175       1.1395491
       6569.0349       1.1311606
       6569.0523       1.1228902
       6569.0697       1.1148433
       6569.0871       1.1070724
       6569.1046       1.0995920
       6569.1220       1.0924013
       6569.1394       1.0855041
       6569.1568       1.0789242
       6569.1742       1.0727129
       6569.1916       1.0669460
       6569.2090       1.0617106
       6569.2264       1.0570821
       6569.2438       1.0530952
       6569.2612       1.0497338
       6569.2787       1.0469365
       6569.2961       1.0446237
       6569.3135       1.0427358
       6569.3309       1.0412670
       6569.3483       1.0402775
       6569.3657       1.0398802
       6569.3831       1.0402052
       6569.4005       1.0413584
       6569.4179       1.0433886
       6569.4353       1.0462760
       6569.4528       1.0499396
       6569.4702       1.0542560
       6569.4876       1.0590768
       6569.5050       1.0642369
       6569.5224       1.0695531
       6569.5398       1.0748200
       6569.5572       1.0798130
       6569.5746       1.0843048
       6569.5920       1.0880949
       6569.6094       1.0910445
       6569.6269       1.0931053
       6569.6443       1.0943321
       6569.6617       1.0948748
       6569.6791       1.0949506
       6569.6965       1.0948050
       6569.7139       1.0946722
       6569.7313       1.0947432
       6569.7487       1.0951454
       6569.7661       1.0959346
       6569.7836       1.0970961
       6569.8010       1.0985512
       6569.8184       1.1001702
       6569.8358       1.1017889
       6569.8532       1.1032317
       6569.8706       1.1043361
       6569.8880       1.1049879
       6569.9054       1.1051411
       6569.9228       1.1048254
       6569.9402       1.1041365
       6569.9577       1.1032091
       6569.9751       1.1021819
       6569.9925       1.1011678
       6570.0099       1.1002394
       6570.0273       1.0994308
       6570.0447       1.0987498
       6570.0621       1.0981903
       6570.0795       1.0977397
       6570.0969       1.0973815
       6570.1143       1.0970959
       6570.1318       1.0968607
       6570.1492       1.0966528
       6570.1666       1.0964470
       6570.1840       1.0962135
       6570.2014       1.0959168
       6570.2188       1.0955233
       6570.2362       1.0950183
       6570.2536       1.0944290
       6570.2710       1.0938408
       6570.2884       1.0933929
       6570.3059       1.0932446
       6570.3233       1.0935199
       6570.3407       1.0942507
       6570.3581       1.0953457
       6570.3755       1.0966006
       6570.3929       1.0977517
       6570.4103       1.0985508
       6570.4277       1.0988319
       6570.4451       1.0985468
       6570.4625       1.0977590
       6570.4800       1.0966066
       6570.4974       1.0952544
       6570.5148       1.0938562
       6570.5322       1.0925375
       6570.5496       1.0913932
       6570.5670       1.0904958
       6570.5844       1.0898978
       6570.6018       1.0896263
       6570.6192       1.0896737
       6570.6367       1.0899935
       6570.6541       1.0905058
       6570.6715       1.0911114
       6570.6889       1.0917085
       6570.7063       1.0922037
       6570.7237       1.0925177
       6570.7411       1.0925860
       6570.7585       1.0923576
       6570.7759       1.0917957
       6570.7933       1.0908786
       6570.8108       1.0896021
       6570.8282       1.0879845
       6570.8456       1.0860749
       6570.8630       1.0839640
       6570.8804       1.0817907
       6570.8978       1.0797351
       6570.9152       1.0779933
       6570.9326       1.0767397
       6570.9500       1.0760893
       6570.9674       1.0760755
       6570.9849       1.0766508
       6571.0023       1.0777063
       6571.0197       1.0790993
       6571.0371       1.0806751
       6571.0545       1.0822789
       6571.0719       1.0837612
       6571.0893       1.0849841
       6571.1067       1.0858328
       6571.1241       1.0862317
       6571.1415       1.0861585
       6571.1590       1.0856514
       6571.1764       1.0848052
       6571.1938       1.0837648
       6571.2112       1.0826978
       6571.2286       1.0817728
       6571.2460       1.0811322
       6571.2634       1.0808677
       6571.2808       1.0810043
       6571.2982       1.0814962
       6571.3156       1.0822388
       6571.3331       1.0830919
       6571.3505       1.0839069
       6571.3679       1.0845526
       6571.3853       1.0849339
       6571.4027       1.0850028
       6571.4201       1.0847639
       6571.4375       1.0842734
       6571.4549       1.0836297
       6571.4723       1.0829527
       6571.4898       1.0823532
       6571.5072       1.0818999
       6571.5246       1.0816002
       6571.5420       1.0814047
       6571.5594       1.0812381
       6571.5768       1.0810418
       6571.5942       1.0808054
       6571.6116       1.0805692
       6571.6290       1.0803982
       6571.6464       1.0803406
       6571.6639       1.0803973
       6571.6813       1.0805170
       6571.6987       1.0806184
       6571.7161       1.0806252
       6571.7335       1.0804975
       6571.7509       1.0802445
       6571.7683       1.0799161
       6571.7857       1.0795796
       6571.8031       1.0792923
       6571.8205       1.0790823
       6571.8380       1.0789425
       6571.8554       1.0788424
       6571.8728       1.0787515
       6571.8902       1.0786622
       6571.9076       1.0786033
       6571.9250       1.0786362
       6571.9424       1.0788342
       6571.9598       1.0792533
       6571.9772       1.0799074
       6571.9946       1.0807615
       6572.0121       1.0817447
       6572.0295       1.0827801
       6572.0469       1.0838147
       6572.0643       1.0848374
       6572.0817       1.0858774
       6572.0991       1.0869822
       6572.1165       1.0881894
       6572.1339       1.0895013
       6572.1513       1.0908774
       6572.1688       1.0922446
       6572.1862       1.0935225
       6572.2036       1.0946513
       6572.2210       1.0956114
       6572.2384       1.0964260
       6572.2558       1.0971463
       6572.2732       1.0978265
       6572.2906       1.0984974
       6572.3080       1.0991504
       6572.3254       1.0997364
       6572.3429       1.1001808
       6572.3603       1.1004063
       6572.3777       1.1003553
       6572.3951       1.1000028
       6572.4125       1.0993550
       6572.4299       1.0984368
       6572.4473       1.0972747
       6572.4647       1.0958841
       6572.4821       1.0942657
       6572.4995       1.0924160
       6572.5170       1.0903388
       6572.5344       1.0880562
       6572.5518       1.0856134
       6572.5692       1.0830773
       6572.5866       1.0805324
       6572.6040       1.0780757
       6572.6214       1.0758100
       6572.6388       1.0738301
       6572.6562       1.0722024
       6572.6736       1.0709418
       6572.6911       1.0699959
       6572.7085       1.0692435
       6572.7259       1.0685155
       6572.7433       1.0676310
       6572.7607       1.0664423
       6572.7781       1.0648746
       6572.7955       1.0629511
       6572.8129       1.0607938
       6572.8303       1.0586006
       6572.8477       1.0566009
       6572.8652       1.0550044
       6572.8826       1.0539572
       6572.9000       1.0535182
       6572.9174       1.0536609
       6572.9348       1.0542943
       6572.9522       1.0552896
       6572.9696       1.0565017
       6572.9870       1.0577822
       6573.0044       1.0589876
       6573.0219       1.0599901
       6573.0393       1.0606952
       6573.0567       1.0610609
       6573.0741       1.0611116
       6573.0915       1.0609372
       6573.1089       1.0606761
       6573.1263       1.0604847
       6573.1437       1.0604988
       6573.1611       1.0607965
       6573.1785       1.0613784
       6573.1960       1.0621670
       6573.2134       1.0630297
       6573.2308       1.0638199
       6573.2482       1.0644248
       6573.2656       1.0648020
       6573.2830       1.0649919
       6573.3004       1.0651018
       6573.3178       1.0652662
       6573.3352       1.0655992
       6573.3526       1.0661532
       6573.3701       1.0668979
       6573.3875       1.0677240
       6573.4049       1.0684726
       6573.4223       1.0689793
       6573.4397       1.0691230
       6573.4571       1.0688647
       6573.4745       1.0682645
       6573.4919       1.0674710
       6573.5093       1.0666863
       6573.5267       1.0661167
       6573.5442       1.0659238
       6573.5616       1.0661918
       6573.5790       1.0669166
       6573.5964       1.0680185
       6573.6138       1.0693686
       6573.6312       1.0708206
       6573.6486       1.0722379
       6573.6660       1.0735136
       6573.6834       1.0745812
       6573.7008       1.0754166
       6573.7183       1.0760300
       6573.7357       1.0764504
       6573.7531       1.0767069
       6573.7705       1.0768141
       6573.7879       1.0767694
       6573.8053       1.0765642
       6573.8227       1.0761999
       6573.8401       1.0757017
       6573.8575       1.0751186
       6573.8750       1.0745102
       6573.8924       1.0739218
       6573.9098       1.0733617
       6573.9272       1.0727893
       6573.9446       1.0721218
       6573.9620       1.0712582
       6573.9794       1.0701145
       6573.9968       1.0686564
       6574.0142       1.0669204
       6574.0316       1.0650126
       6574.0491       1.0630860
       6574.0665       1.0613035
       6574.0839       1.0597975
       6574.1013       1.0586415
       6574.1187       1.0578433
       6574.1361       1.0573606
       6574.1535       1.0571332
       6574.1709       1.0571156
       6574.1883       1.0572955
       6574.2057       1.0576910
       6574.2232       1.0583273
       6574.2406       1.0592095
       6574.2580       1.0603054
       6574.2754       1.0615514
       6574.2928       1.0628768
       6574.3102       1.0642345
       6574.3276       1.0656230
       6574.3450       1.0670917
       6574.3624       1.0687320
       6574.3798       1.0706623
       6574.3973       1.0730132
       6574.4147       1.0759087
       6574.4321       1.0794431
       6574.4495       1.0836341
       6574.4669       1.0883923
       6574.4843       1.0935095
       6574.5017       1.0986794
       6574.5191       1.1035545
       6574.5365       1.1078182
       6574.5539       1.1112461
       6574.5714       1.1137343
       6574.5888       1.1152917
       6574.6062       1.1160040
       6574.6236       1.1159899
       6574.6410       1.1153611
       6574.6584       1.1141960
       6574.6758       1.1125271
       6574.6932       1.1103450
       6574.7106       1.1076176
       6574.7281       1.1043241
       6574.7455       1.1004925
       6574.7629       1.0962272
       6574.7803       1.0917115
       6574.7977       1.0871769
       6574.8151       1.0828468
       6574.8325       1.0788751
       6574.8499       1.0753056
       6574.8673       1.0720696
       6574.8847       1.0690237
       6574.9022       1.0660108
       6574.9196       1.0629171
       6574.9370       1.0597029
       6574.9544       1.0564004
       6574.9718       1.0530876
       6574.9892       1.0498559
       6575.0066       1.0467876
       6575.0240       1.0439448
       6575.0414       1.0413682
       6575.0588       1.0390752
       6575.0763       1.0370592
       6575.0937       1.0352919
       6575.1111       1.0337334
       6575.1285       1.0323597
       6575.1459       1.0311864
       6575.1633       1.0302816
       6575.1807       1.0297571
       6575.1981       1.0297384
       6575.2155       1.0303228
       6575.2329       1.0315411
       6575.2504       1.0333381
       6575.2678       1.0355778
       6575.2852       1.0380734
       6575.3026       1.0406288
       6575.3200       1.0430798
       6575.3374       1.0453189
       6575.3548       1.0472990
       6575.3722       1.0490162
       6575.3896       1.0504837
       6575.4070       1.0517083
       6575.4245       1.0526797
       6575.4419       1.0533740
       6575.4593       1.0537683
       6575.4767       1.0538579
       6575.4941       1.0536672
       6575.5115       1.0532534
       6575.5289       1.0526994
       6575.5463       1.0521022
       6575.5637       1.0515594
       6575.5812       1.0511566
       6575.5986       1.0509579
       6575.6160       1.0509999
       6575.6334       1.0512891
       6575.6508       1.0518016
       6575.6682       1.0524853
       6575.6856       1.0532651
       6575.7030       1.0540519
       6575.7204       1.0547576
       6575.7378       1.0553107
       6575.7553       1.0556741
       6575.7727       1.0558466
       6575.7901       1.0558546
       6575.8075       1.0557349
       6575.8249       1.0555189
       6575.8423       1.0552276
       6575.8597       1.0548784
       6575.8771       1.0544986
       6575.8945       1.0541329
       6575.9119       1.0538363
       6575.9294       1.0536546
       6575.9468       1.0536016
       6575.9642       1.0536487
       6575.9816       1.0537346
       6575.9990       1.0537908
       6576.0164       1.0537715
       6576.0338       1.0536693
       6576.0512       1.0535121
       6576.0686       1.0533405
       6576.0860       1.0531806
       6576.1035       1.0530250
       6576.1209       1.0528323
       6576.1383       1.0525423
       6576.1557       1.0520998
       6576.1731       1.0514748
       6576.1905       1.0506712
       6576.2079       1.0497250
       6576.2253       1.0486966
       6576.2427       1.0476616
       6576.2601       1.0467031
       6576.2776       1.0459037
       6576.2950       1.0453349
       6576.3124       1.0450477
       6576.3298       1.0450662
       6576.3472       1.0453884
       6576.3646       1.0459911
       6576.3820       1.0468344
       6576.3994       1.0478586
       6576.4168       1.0489793
       6576.4343       1.0500890
       6576.4517       1.0510657
       6576.4691       1.0517964
       6576.4865       1.0522051
       6576.5039       1.0522747
       6576.5213       1.0520502
       6576.5387       1.0516217
       6576.5561       1.0510924
       6576.5735       1.0505461
       6576.5909       1.0500270
       6576.6084       1.0495387
       6576.6258       1.0490590
       6576.6432       1.0485607
       6576.6606       1.0480286
       6576.6780       1.0474672
       6576.6954       1.0469004
       6576.7128       1.0463678
       6576.7302       1.0459188
       6576.7476       1.0456035
       6576.7650       1.0454569
       6576.7825       1.0454806
       6576.7999       1.0456287
       6576.8173       1.0458107
       6576.8347       1.0459154
       6576.8521       1.0458489
       6576.8695       1.0455689
       6576.8869       1.0450990
       6576.9043       1.0445171
       6576.9217       1.0439248
       6576.9391       1.0434162
       6576.9566       1.0430587
       6576.9740       1.0428896
       6576.9914       1.0429200
       6577.0088       1.0431386
       6577.0262       1.0435123
       6577.0436       1.0439873
       6577.0610       1.0444963
       6577.0784       1.0449792
       6577.0958       1.0454014
       6577.1132       1.0457637
       6577.1307       1.0460953
       6577.1481       1.0464303
       6577.1655       1.0467755
       6577.1829       1.0470867
       6577.2003       1.0472657
       6577.2177       1.0471859
       6577.2351       1.0467374
       6577.2525       1.0458755
       6577.2699       1.0446506
       6577.2874       1.0432050
       6577.3048       1.0417370
       6577.3222       1.0404443
       6577.3396       1.0394670
       6577.3570       1.0388507
       6577.3744       1.0385400
       6577.3918       1.0384045
       6577.4092       1.0382872
       6577.4266       1.0380574
       6577.4440       1.0376507
       6577.4615       1.0370825
       6577.4789       1.0364308
       6577.4963       1.0357995
       6577.5137       1.0352780
       6577.5311       1.0349167
       6577.5485       1.0347252
       6577.5659       1.0346916
       6577.5833       1.0348056
       6577.6007       1.0350692
       6577.6181       1.0354875
       6577.6356       1.0360446
       6577.6530       1.0366812
       6577.6704       1.0372932
       6577.6878       1.0377560
       6577.7052       1.0379713
       6577.7226       1.0379120
       6577.7400       1.0376362
       6577.7574       1.0372706
       6577.7748       1.0369654
       6577.7922       1.0368422
       6577.8097       1.0369581
       6577.8271       1.0372971
       6577.8445       1.0377911
       6577.8619       1.0383565
       6577.8793       1.0389313
       6577.8967       1.0394978
       6577.9141       1.0400833
       6577.9315       1.0407413
       6577.9489       1.0415206
       6577.9663       1.0424360
       6577.9838       1.0434506
       6578.0012       1.0444782
       6578.0186       1.0454053
       6578.0360       1.0461234
       6578.0534       1.0465604
       6578.0708       1.0466969
       6578.0882       1.0465617
       6578.1056       1.0462118
       6578.1230       1.0457068
       6578.1405       1.0450920
       6578.1579       1.0443974
       6578.1753       1.0436481
       6578.1927       1.0428799
       6578.2101       1.0421460
       6578.2275       1.0415109
       6578.2449       1.0410330
       6578.2623       1.0407444
       6578.2797       1.0406391
       6578.2971       1.0406748
       6578.3146       1.0407885
       6578.3320       1.0409184
       6578.3494       1.0410232
       6578.3668       1.0410921
       6578.3842       1.0411422
       6578.4016       1.0412082
       6578.4190       1.0413301
       6578.4364       1.0415428
       6578.4538       1.0418674
       6578.4712       1.0423043
       6578.4887       1.0428271
       6578.5061       1.0433781
       6578.5235       1.0438684
       6578.5409       1.0441855
       6578.5583       1.0442108
       6578.5757       1.0438435
       6578.5931       1.0430276
       6578.6105       1.0417733
       6578.6279       1.0401670
       6578.6453       1.0383646
       6578.6628       1.0365722
       6578.6802       1.0350158
       6578.6976       1.0339087
       6578.7150       1.0334195
       6578.7324       1.0336429
       6578.7498       1.0345789
       6578.7672       1.0361238
       6578.7846       1.0380809
       6578.8020       1.0401938
       6578.8195       1.0421965
       6578.8369       1.0438687
       6578.8543       1.0450766
       6578.8717       1.0457845
       6578.8891       1.0460355
       6578.9065       1.0459101
       6578.9239       1.0454826
       6578.9413       1.0447953
       6578.9587       1.0438577
       6578.9761       1.0426681
       6578.9936       1.0412405
       6579.0110       1.0396279
       6579.0284       1.0379218
       6579.0458       1.0362371
       6579.0632       1.0346901
       6579.0806       1.0333773
       6579.0980       1.0323642
       6579.1154       1.0316845
       6579.1328       1.0313478
       6579.1502       1.0313509
       6579.1677       1.0316864
       6579.1851       1.0323459
       6579.2025       1.0333134
       6579.2199       1.0345517
       6579.2373       1.0359855
       6579.2547       1.0374908
       6579.2721       1.0388985
       6579.2895       1.0400150
       6579.3069       1.0406568
       6579.3243       1.0406891
       6579.3418       1.0400572
       6579.3592       1.0388008
       6579.3766       1.0370505
       6579.3940       1.0350074
       6579.4114       1.0329133
       6579.4288       1.0310172
       6579.4462       1.0295439
       6579.4636       1.0286685
       6579.4810       1.0285000
       6579.4984       1.0290735
       6579.5159       1.0303480
       6579.5333       1.0322096
       6579.5507       1.0344795
       6579.5681       1.0369289
       6579.5855       1.0393066
       6579.6029       1.0413763
       6579.6203       1.0429590
       6579.6377       1.0439658
       6579.6551       1.0444124
       6579.6726       1.0444117
       6579.6900       1.0441265
       6579.7074       1.0437234
       6579.7248       1.0433282
       6579.7422       1.0429996
       6579.7596       1.0427287
       6579.7770       1.0424616
       6579.7944       1.0421377
       6579.8118       1.0417273
       6579.8292       1.0412548
       6579.8467       1.0407965
       6579.8641       1.0404518
       6579.8815       1.0403019
       6579.8989       1.0403719
       6579.9163       1.0406160
       6579.9337       1.0409315
       6579.9511       1.0411969
       6579.9685       1.0413143
       6579.9859       1.0412399
       6580.0033       1.0409874
       6580.0208       1.0406064
       6580.0382       1.0401462
       6580.0556       1.0396236
       6580.0730       1.0390090
       6580.0904       1.0382353
       6580.1078       1.0372263
       6580.1252       1.0359301
       6580.1426       1.0343440
       6580.1600       1.0325245
       6580.1774       1.0305801
       6580.1949       1.0286556
       6580.2123       1.0269119
       6580.2297       1.0255088
       6580.2471       1.0245874
       6580.2645       1.0242533
       6580.2819       1.0245602
       6580.2993       1.0255008
       6580.3167       1.0269963
       6580.3341       1.0289138
       6580.3515       1.0310852
       6580.3690       1.0333278
       6580.3864       1.0354650
       6580.4038       1.0373441
       6580.4212       1.0388513
       6580.4386       1.0399222
       6580.4560       1.0405466
       6580.4734       1.0407650
       6580.4908       1.0406588
       6580.5082       1.0403375
       6580.5257       1.0399262
       6580.5431       1.0395524
       6580.5605       1.0393312
       6580.5779       1.0393476
       6580.5953       1.0396397
       6580.6127       1.0401920
       6580.6301       1.0409424
       6580.6475       1.0418057
       6580.6649       1.0427044
       6580.6823       1.0435932
       6580.6998       1.0444676
       6580.7172       1.0453486
       6580.7346       1.0462522
       6580.7520       1.0471546
       6580.7694       1.0479729
       6580.7868       1.0485697
       6580.8042       1.0487872
       6580.8216       1.0484972
       6580.8390       1.0476512
       6580.8564       1.0463108
       6580.8739       1.0446452
       6580.8913       1.0428964
       6580.9087       1.0413211
       6580.9261       1.0401279
       6580.9435       1.0394282
       6580.9609       1.0392093
       6580.9783       1.0393388
       6580.9957       1.0396111
       6581.0131       1.0398019
       6581.0305       1.0397303
       6581.0480       1.0393041
       6581.0654       1.0385369
       6581.0828       1.0375300
       6581.1002       1.0364302
       6581.1176       1.0353834
       6581.1350       1.0345026
       6581.1524       1.0338609
       6581.1698       1.0335011
       6581.1872       1.0334505
       6581.2046       1.0337243
       6581.2221       1.0343148
       6581.2395       1.0351731
       6581.2569       1.0361951
       6581.2743       1.0372259
       6581.2917       1.0380833
       6581.3091       1.0385972
       6581.3265       1.0386489
       6581.3439       1.0381954
       6581.3613       1.0372703
       6581.3788       1.0359635
       6581.3962       1.0343944
       6581.4136       1.0326926
       6581.4310       1.0309941
       6581.4484       1.0294472
       6581.4658       1.0282131
       6581.4832       1.0274508
       6581.5006       1.0272842
       6581.5180       1.0277649
       6581.5354       1.0288466
       6581.5529       1.0303867
       6581.5703       1.0321752
       6581.5877       1.0339808
       6581.6051       1.0355972
       6581.6225       1.0368804
       6581.6399       1.0377593
       6581.6573       1.0382262
       6581.6747       1.0383205
       6581.6921       1.0381125
       6581.7095       1.0376922
       6581.7270       1.0371619
       6581.7444       1.0366252
       6581.7618       1.0361714
       6581.7792       1.0358566
       6581.7966       1.0356910
       6581.8140       1.0356375
       6581.8314       1.0356271
       6581.8488       1.0355839
       6581.8662       1.0354543
       6581.8836       1.0352262
       6581.9011       1.0349332
       6581.9185       1.0346372
       6581.9359       1.0343975
       6581.9533       1.0342368
       6581.9707       1.0341224
       6581.9881       1.0339736
       6582.0055       1.0336952
       6582.0229       1.0332255
       6582.0403       1.0325734
       6582.0577       1.0318278
       6582.0752       1.0311330
       6582.0926       1.0306401
       6582.1100       1.0304586
       6582.1274       1.0306278
       6582.1448       1.0311172
       6582.1622       1.0318506
       6582.1796       1.0327364
       6582.1970       1.0336873
       6582.2144       1.0346241
       6582.2319       1.0354675
       6582.2493       1.0361306
       6582.2667       1.0365256
       6582.2841       1.0365898
       6582.3015       1.0363093
       6582.3189       1.0357374
       6582.3363       1.0349873
       6582.3537       1.0342015
       6582.3711       1.0335098
       6582.3885       1.0329955
       6582.4060       1.0326848
       6582.4234       1.0325633
       6582.4408       1.0326049
       6582.4582       1.0327983
       6582.4756       1.0331524
       6582.4930       1.0336816
       6582.5104       1.0343786
       6582.5278       1.0351931
       6582.5452       1.0360308
       6582.5626       1.0367749
       6582.5801       1.0373228
       6582.5975       1.0376199
       6582.6149       1.0376744
       6582.6323       1.0375464
       6582.6497       1.0373166
       6582.6671       1.0370508
       6582.6845       1.0367776
       6582.7019       1.0364893
       6582.7193       1.0361618
       6582.7367       1.0357810
       6582.7542       1.0353622
       6582.7716       1.0349516
       6582.7890       1.0346136
       6582.8064       1.0344118
       6582.8238       1.0343948
       6582.8412       1.0345915
       6582.8586       1.0350141
       6582.8760       1.0356620
       6582.8934       1.0365219
       6582.9108       1.0375653
       6582.9283       1.0387482
       6582.9457       1.0400227
       6582.9631       1.0413533
       6582.9805       1.0427312
       6582.9979       1.0441768
       6583.0153       1.0457250
       6583.0327       1.0473967
       6583.0501       1.0491690
       6583.0675       1.0509566
       6583.0850       1.0526159
       6583.1024       1.0539715
       6583.1198       1.0548600
       6583.1372       1.0551753
       6583.1546       1.0549016
       6583.1720       1.0541244
       6583.1894       1.0530160
       6583.2068       1.0518011
       6583.2242       1.0507081
       6583.2416       1.0499172
       6583.2591       1.0495169
       6583.2765       1.0494815
       6583.2939       1.0496796
       6583.3113       1.0499145
       6583.3287       1.0499816
       6583.3461       1.0497229
       6583.3635       1.0490575
       6583.3809       1.0479797
       6583.3983       1.0465340
       6583.4157       1.0447845
       6583.4332       1.0427948
       6583.4506       1.0406277
       6583.4680       1.0383566
       6583.4854       1.0360760
       6583.5028       1.0339016
       6583.5202       1.0319569
       6583.5376       1.0303506
       6583.5550       1.0291578
       6583.5724       1.0284035
       6583.5898       1.0280594
       6583.6073       1.0280504
       6583.6247       1.0282624
       6583.6421       1.0285550
       6583.6595       1.0287796
       6583.6769       1.0288026
       6583.6943       1.0285297
       6583.7117       1.0279259
       6583.7291       1.0270235
       6583.7465       1.0259154
       6583.7639       1.0247348
       6583.7814       1.0236269
       6583.7988       1.0227210
       6583.8162       1.0221095
       6583.8336       1.0218392
       6583.8510       1.0219116
       6583.8684       1.0222894
       6583.8858       1.0229038
       6583.9032       1.0236592
       6583.9206       1.0244388
       6583.9381       1.0251160
       6583.9555       1.0255744
       6583.9729       1.0257343
       6583.9903       1.0255766
       6584.0077       1.0251530
       6584.0251       1.0245764
       6584.0425       1.0239960
       6584.0599       1.0235653
       6584.0773       1.0234148
       6584.0947       1.0236325
       6584.1122       1.0242507
       6584.1296       1.0252377
       6584.1470       1.0264962
       6584.1644       1.0278757
       6584.1818       1.0292025
       6584.1992       1.0303204
       6584.2166       1.0311278
       6584.2340       1.0316017
       6584.2514       1.0317809
       6584.2688       1.0317339
       6584.2863       1.0315203
       6584.3037       1.0311660
       6584.3211       1.0306616
       6584.3385       1.0299818
       6584.3559       1.0291118
       6584.3733       1.0280680
       6584.3907       1.0269051
       6584.4081       1.0257115
       6584.4255       1.0245985
       6584.4429       1.0236871
       6584.4604       1.0230938
       6584.4778       1.0229115
       6584.4952       1.0231849
       6584.5126       1.0238847
       6584.5300       1.0248922
       6584.5474       1.0260041
       6584.5648       1.0269657
       6584.5822       1.0275238
       6584.5996       1.0274860
       6584.6170       1.0267665
       6584.6345       1.0254036
       6584.6519       1.0235471
       6584.6693       1.0214232
       6584.6867       1.0192922
       6584.7041       1.0174096
       6584.7215       1.0159985
       6584.7389       1.0152312
       6584.7563       1.0152160
       6584.7737       1.0159860
       6584.7912       1.0174904
       6584.8086       1.0195934
       6584.8260       1.0220874
       6584.8434       1.0247210
       6584.8608       1.0272382
       6584.8782       1.0294222
       6584.8956       1.0311294
       6584.9130       1.0322959
       6584.9304       1.0329264
       6584.9478       1.0330671
       6584.9653       1.0327783
       6584.9827       1.0321161
       6585.0001       1.0311296
