# Angstrom [air],  flux [abs.cor.cont.sub+1]
       6545.0076       1.0222817
       6545.0250       1.0216308
       6545.0425       1.0207824
       6545.0599       1.0196475
       6545.0773       1.0182188
       6545.0947       1.0166064
       6545.1121       1.0150251
       6545.1295       1.0137390
       6545.1469       1.0129822
       6545.1643       1.0128843
       6545.1817       1.0134337
       6545.1991       1.0144921
       6545.2166       1.0158515
       6545.2340       1.0173040
       6545.2514       1.0186961
       6545.2688       1.0199550
       6545.2862       1.0210887
       6545.3036       1.0221749
       6545.3210       1.0233471
       6545.3384       1.0247796
       6545.3558       1.0266660
       6545.3732       1.0291911
       6545.3907       1.0324998
       6545.4081       1.0366756
       6545.4255       1.0417336
       6545.4429       1.0476300
       6545.4603       1.0542804
       6545.4777       1.0615794
       6545.4951       1.0694171
       6545.5125       1.0776910
       6545.5299       1.0863141
       6545.5473       1.0952180
       6545.5648       1.1043508
       6545.5822       1.1136682
       6545.5996       1.1231205
       6545.6170       1.1326386
       6545.6344       1.1421236
       6545.6518       1.1514449
       6545.6692       1.1604464
       6545.6866       1.1689607
       6545.7040       1.1768240
       6545.7215       1.1838842
       6545.7389       1.1899978
       6545.7563       1.1950145
       6545.7737       1.1987693
       6545.7911       1.2010810
       6545.8085       1.2017674
       6545.8259       1.2006686
       6545.8433       1.1976703
       6545.8607       1.1927165
       6545.8781       1.1858118
       6545.8956       1.1770166
       6545.9130       1.1664426
       6545.9304       1.1542489
       6545.9478       1.1406400
       6545.9652       1.1258618
       6545.9826       1.1101949
       6546.0000       1.0939458
       6546.0174       1.0774351
       6546.0348       1.0609797
       6546.0522       1.0448701
       6546.0697       1.0293426
       6546.0871       1.0145564
       6546.1045       1.0005852
       6546.1219      0.98743140
       6546.1393      0.97506180
       6546.1567      0.96345299
       6546.1741      0.95262929
       6546.1915      0.94267750
       6546.2089      0.93373399
       6546.2263      0.92595212
       6546.2438      0.91946667
       6546.2612      0.91437075
       6546.2786      0.91071202
       6546.2960      0.90850320
       6546.3134      0.90773497
       6546.3308      0.90838045
       6546.3482      0.91038811
       6546.3656      0.91366977
       6546.3830      0.91809890
       6546.4004      0.92350596
       6546.4179      0.92970950
       6546.4353      0.93654010
       6546.4527      0.94385138
       6546.4701      0.95151764
       6546.4875      0.95941935
       6546.5049      0.96742664
       6546.5223      0.97539024
       6546.5397      0.98314430
       6546.5571      0.99051932
       6546.5745      0.99735993
       6546.5920       1.0035423
       6546.6094       1.0089872
       6546.6268       1.0136649
       6546.6442       1.0175919
       6546.6616       1.0208212
       6546.6790       1.0234284
       6546.6964       1.0255013
       6546.7138       1.0271323
       6546.7312       1.0284129
       6546.7486       1.0294273
       6546.7661       1.0302429
       6546.7835       1.0309024
       6546.8009       1.0314215
       6546.8183       1.0317985
       6546.8357       1.0320298
       6546.8531       1.0321255
       6546.8705       1.0321155
       6546.8879       1.0320405
       6546.9053       1.0319343
       6546.9228       1.0318060
       6546.9402       1.0316332
       6546.9576       1.0313686
       6546.9750       1.0309576
       6546.9924       1.0303576
       6547.0098       1.0295529
       6547.0272       1.0285592
       6547.0446       1.0274208
       6547.0620       1.0262012
       6547.0794       1.0249661
       6547.0969       1.0237710
       6547.1143       1.0226524
       6547.1317       1.0216279
       6547.1491       1.0207076
       6547.1665       1.0199106
       6547.1839       1.0192787
       6547.2013       1.0188808
       6547.2187       1.0188026
       6547.2361       1.0191260
       6547.2535       1.0199055
       6547.2710       1.0211486
       6547.2884       1.0228047
       6547.3058       1.0247658
       6547.3232       1.0268767
       6547.3406       1.0289568
       6547.3580       1.0308277
       6547.3754       1.0323466
       6547.3928       1.0334359
       6547.4102       1.0341038
       6547.4276       1.0344466
       6547.4451       1.0346277
       6547.4625       1.0348343
       6547.4799       1.0352235
       6547.4973       1.0358735
       6547.5147       1.0367614
       6547.5321       1.0377762
       6547.5495       1.0387646
       6547.5669       1.0395916
       6547.5843       1.0401920
       6547.6017       1.0405930
       6547.6192       1.0409019
       6547.6366       1.0412630
       6547.6540       1.0418016
       6547.6714       1.0425761
       6547.6888       1.0435531
       6547.7062       1.0446119
       6547.7236       1.0455866
       6547.7410       1.0463200
       6547.7584       1.0467159
       6547.7758       1.0467730
       6547.7933       1.0465873
       6547.8107       1.0463236
       6547.8281       1.0461631
       6547.8455       1.0462467
       6547.8629       1.0466297
       6547.8803       1.0472611
       6547.8977       1.0479889
       6547.9151       1.0485837
       6547.9325       1.0487723
       6547.9500       1.0482720
       6547.9674       1.0468250
       6547.9848       1.0442350
       6548.0022       1.0404058
       6548.0196       1.0353785
       6548.0370       1.0293550
       6548.0544       1.0226972
       6548.0718       1.0158919
       6548.0892       1.0094870
       6548.1066       1.0040117
       6548.1241      0.99989798
       6548.1415      0.99742037
       6548.1589      0.99666315
       6548.1763      0.99751756
       6548.1937      0.99970887
       6548.2111       1.0028498
       6548.2285       1.0065134
       6548.2459       1.0103113
       6548.2633       1.0139602
       6548.2807       1.0173163
       6548.2982       1.0203677
       6548.3156       1.0231902
       6548.3330       1.0258819
       6548.3504       1.0285058
       6548.3678       1.0310590
       6548.3852       1.0334779
       6548.4026       1.0356688
       6548.4200       1.0375448
       6548.4374       1.0390512
       6548.4548       1.0401715
       6548.4723       1.0409210
       6548.4897       1.0413371
       6548.5071       1.0414769
       6548.5245       1.0414232
       6548.5419       1.0412881
       6548.5593       1.0412037
       6548.5767       1.0412945
       6548.5941       1.0416387
       6548.6115       1.0422376
       6548.6289       1.0430118
       6548.6464       1.0438314
       6548.6638       1.0445690
       6548.6812       1.0451516
       6548.6986       1.0455847
       6548.7160       1.0459414
       6548.7334       1.0463246
       6548.7508       1.0468252
       6548.7682       1.0474979
       6548.7856       1.0483584
       6548.8030       1.0493941
       6548.8205       1.0505712
       6548.8379       1.0518315
       6548.8553       1.0530819
       6548.8727       1.0541925
       6548.8901       1.0550140
       6548.9075       1.0554127
       6548.9249       1.0553105
       6548.9423       1.0547112
       6548.9597       1.0536990
       6548.9772       1.0524110
       6548.9946       1.0509973
       6549.0120       1.0495849
       6549.0294       1.0482625
       6549.0468       1.0470894
       6549.0642       1.0461149
       6549.0816       1.0453909
       6549.0990       1.0449667
       6549.1164       1.0448658
       6549.1338       1.0450589
       6549.1513       1.0454493
       6549.1687       1.0458816
       6549.1861       1.0461728
       6549.2035       1.0461549
       6549.2209       1.0457158
       6549.2383       1.0448263
       6549.2557       1.0435495
       6549.2731       1.0420293
       6549.2905       1.0404608
       6549.3079       1.0390481
       6549.3254       1.0379614
       6549.3428       1.0373044
       6549.3602       1.0371043
       6549.3776       1.0373252
       6549.3950       1.0378961
       6549.4124       1.0387372
       6549.4298       1.0397721
       6549.4472       1.0409229
       6549.4646       1.0420990
       6549.4820       1.0431945
       6549.4995       1.0441040
       6549.5169       1.0447520
       6549.5343       1.0451193
       6549.5517       1.0452500
       6549.5691       1.0452319
       6549.5865       1.0451590
       6549.6039       1.0450959
       6549.6213       1.0450608
       6549.6387       1.0450331
       6549.6561       1.0449787
       6549.6736       1.0448772
       6549.6910       1.0447348
       6549.7084       1.0445791
       6549.7258       1.0444416
       6549.7432       1.0443376
       6549.7606       1.0442558
       6549.7780       1.0441623
       6549.7954       1.0440177
       6549.8128       1.0438015
       6549.8302       1.0435309
       6549.8477       1.0432674
       6549.8651       1.0431063
       6549.8825       1.0431517
       6549.8999       1.0434844
       6549.9173       1.0441366
       6549.9347       1.0450794
       6549.9521       1.0462290
       6549.9695       1.0474678
       6549.9869       1.0486710
       6550.0043       1.0497301
       6550.0218       1.0505676
       6550.0392       1.0511406
       6550.0566       1.0514389
       6550.0740       1.0514826
       6550.0914       1.0513202
       6550.1088       1.0510253
       6550.1262       1.0506879
       6550.1436       1.0503973
       6550.1610       1.0502223
       6550.1785       1.0501950
       6550.1959       1.0503084
       6550.2133       1.0505285
       6550.2307       1.0508174
       6550.2481       1.0511540
       6550.2655       1.0515442
       6550.2829       1.0520136
       6550.3003       1.0525884
       6550.3177       1.0532685
       6550.3351       1.0540129
       6550.3526       1.0547395
       6550.3700       1.0553422
       6550.3874       1.0557183
       6550.4048       1.0557955
       6550.4222       1.0555463
       6550.4396       1.0549860
       6550.4570       1.0541583
       6550.4744       1.0531194
       6550.4918       1.0519286
       6550.5092       1.0506519
       6550.5267       1.0493722
       6550.5441       1.0481975
       6550.5615       1.0472554
       6550.5789       1.0466702
       6550.5963       1.0465292
       6550.6137       1.0468509
       6550.6311       1.0475709
       6550.6485       1.0485559
       6550.6659       1.0496412
       6550.6833       1.0506771
       6550.7008       1.0515672
       6550.7182       1.0522803
       6550.7356       1.0528362
       6550.7530       1.0532747
       6550.7704       1.0536257
       6550.7878       1.0538966
       6550.8052       1.0540816
       6550.8226       1.0541856
       6550.8400       1.0542440
       6550.8574       1.0543254
       6550.8749       1.0545098
       6550.8923       1.0548516
       6550.9097       1.0553449
       6550.9271       1.0559100
       6550.9445       1.0564115
       6550.9619       1.0567076
       6550.9793       1.0567117
       6550.9967       1.0564350
       6551.0141       1.0559919
       6551.0315       1.0555624
       6551.0490       1.0553232
       6551.0664       1.0553797
       6551.0838       1.0557292
       6551.1012       1.0562721
       6551.1186       1.0568652
       6551.1360       1.0573895
       6551.1534       1.0578014
       6551.1708       1.0581460
       6551.1882       1.0585317
       6551.2057       1.0590830
       6551.2231       1.0598919
       6551.2405       1.0609844
       6551.2579       1.0623071
       6551.2753       1.0637335
       6551.2927       1.0650850
       6551.3101       1.0661651
       6551.3275       1.0668008
       6551.3449       1.0668842
       6551.3623       1.0664007
       6551.3798       1.0654305
       6551.3972       1.0641211
       6551.4146       1.0626369
       6551.4320       1.0611064
       6551.4494       1.0595903
       6551.4668       1.0580840
       6551.4842       1.0565524
       6551.5016       1.0549793
       6551.5190       1.0534089
       6551.5364       1.0519593
       6551.5539       1.0508036
       6551.5713       1.0501251
       6551.5887       1.0500648
       6551.6061       1.0506754
       6551.6235       1.0518858
       6551.6409       1.0535180
       6551.6583       1.0553181
       6551.6757       1.0570121
       6551.6931       1.0583672
       6551.7105       1.0592401
       6551.7280       1.0595972
       6551.7454       1.0595046
       6551.7628       1.0590965
       6551.7802       1.0585395
       6551.7976       1.0580032
       6551.8150       1.0576411
       6551.8324       1.0575780
       6551.8498       1.0578961
       6551.8672       1.0586180
       6551.8846       1.0596915
       6551.9021       1.0609833
       6551.9195       1.0622867
       6551.9369       1.0633418
       6551.9543       1.0638641
       6551.9717       1.0635754
       6551.9891       1.0622345
       6552.0065       1.0596708
       6552.0239       1.0558222
       6552.0413       1.0507740
       6552.0587       1.0447884
       6552.0762       1.0383091
       6552.0936       1.0319275
       6552.1110       1.0263048
       6552.1284       1.0220622
       6552.1458       1.0196629
       6552.1632       1.0193186
       6552.1806       1.0209512
       6552.1980       1.0242226
       6552.2154       1.0286260
       6552.2329       1.0336101
       6552.2503       1.0386954
       6552.2677       1.0435528
       6552.2851       1.0480267
       6552.3025       1.0520959
       6552.3199       1.0558083
       6552.3373       1.0592140
       6552.3547       1.0623190
       6552.3721       1.0650713
       6552.3895       1.0673794
       6552.4070       1.0691518
       6552.4244       1.0703421
       6552.4418       1.0709821
       6552.4592       1.0711898
       6552.4766       1.0711489
       6552.4940       1.0710659
       6552.5114       1.0711211
       6552.5288       1.0714300
       6552.5462       1.0720281
       6552.5636       1.0728800
       6552.5811       1.0739047
       6552.5985       1.0750047
       6552.6159       1.0760878
       6552.6333       1.0770762
       6552.6507       1.0779071
       6552.6681       1.0785301
       6552.6855       1.0789103
       6552.7029       1.0790402
       6552.7203       1.0789572
       6552.7377       1.0787561
       6552.7552       1.0785867
       6552.7726       1.0786303
       6552.7900       1.0790570
       6552.8074       1.0799774
       6552.8248       1.0814062
       6552.8422       1.0832522
       6552.8596       1.0853398
       6552.8770       1.0874518
       6552.8944       1.0893776
       6552.9118       1.0909472
       6552.9293       1.0920482
       6552.9467       1.0926162
       6552.9641       1.0926224
       6552.9815       1.0920672
       6552.9989       1.0909840
       6553.0163       1.0894494
       6553.0337       1.0875848
       6553.0511       1.0855423
       6553.0685       1.0834713
       6553.0859       1.0814791
       6553.1034       1.0796001
       6553.1208       1.0777893
       6553.1382       1.0759426
       6553.1556       1.0739345
       6553.1730       1.0716607
       6553.1904       1.0690715
       6553.2078       1.0661926
       6553.2252       1.0631319
       6553.2426       1.0600762
       6553.2600       1.0572746
       6553.2775       1.0550070
       6553.2949       1.0535397
       6553.3123       1.0530731
       6553.3297       1.0536986
       6553.3471       1.0553759
       6553.3645       1.0579412
       6553.3819       1.0611404
       6553.3993       1.0646778
       6553.4167       1.0682630
       6553.4342       1.0716477
       6553.4516       1.0746470
       6553.4690       1.0771471
       6553.4864       1.0791038
       6553.5038       1.0805325
       6553.5212       1.0814907
       6553.5386       1.0820555
       6553.5560       1.0822996
       6553.5734       1.0822842
       6553.5908       1.0820555
       6553.6083       1.0816629
       6553.6257       1.0811787
       6553.6431       1.0807085
       6553.6605       1.0803848
       6553.6779       1.0803453
       6553.6953       1.0807060
       6553.7127       1.0815375
       6553.7301       1.0828504
       6553.7475       1.0845922
       6553.7649       1.0866550
       6553.7824       1.0888953
       6553.7998       1.0911636
       6553.8172       1.0933334
       6553.8346       1.0953211
       6553.8520       1.0970842
       6553.8694       1.0986029
       6553.8868       1.0998540
       6553.9042       1.1007935
       6553.9216       1.1013572
       6553.9390       1.1014791
       6553.9565       1.1011151
       6553.9739       1.1002628
       6553.9913       1.0989702
       6554.0087       1.0973316
       6554.0261       1.0954756
       6554.0435       1.0935472
       6554.0609       1.0916864
       6554.0783       1.0900080
       6554.0957       1.0885860
       6554.1131       1.0874487
       6554.1306       1.0865828
       6554.1480       1.0859437
       6554.1654       1.0854640
       6554.1828       1.0850594
       6554.2002       1.0846342
       6554.2176       1.0840954
       6554.2350       1.0833801
       6554.2524       1.0824838
       6554.2698       1.0814792
       6554.2872       1.0805121
       6554.3047       1.0797705
       6554.3221       1.0794377
       6554.3395       1.0796472
       6554.3569       1.0804545
       6554.3743       1.0818291
       6554.3917       1.0836651
       6554.4091       1.0857997
       6554.4265       1.0880362
       6554.4439       1.0901706
       6554.4614       1.0920210
       6554.4788       1.0934592
       6554.4962       1.0944356
       6554.5136       1.0949887
       6554.5310       1.0952343
       6554.5484       1.0953331
       6554.5658       1.0954471
       6554.5832       1.0956992
       6554.6006       1.0961518
       6554.6180       1.0968125
       6554.6355       1.0976657
       6554.6529       1.0987123
       6554.6703       1.0999974
       6554.6877       1.1016093
       6554.7051       1.1036488
       6554.7225       1.1061839
       6554.7399       1.1092141
       6554.7573       1.1126612
       6554.7747       1.1163907
       6554.7921       1.1202503
       6554.8096       1.1241061
       6554.8270       1.1278634
       6554.8444       1.1314669
       6554.8618       1.1348889
       6554.8792       1.1381163
       6554.8966       1.1411395
       6554.9140       1.1439508
       6554.9314       1.1465436
       6554.9488       1.1489110
       6554.9662       1.1510407
       6554.9837       1.1529087
       6555.0011       1.1544750
       6555.0185       1.1556829
       6555.0359       1.1564620
       6555.0533       1.1567338
       6555.0707       1.1564176
       6555.0881       1.1554372
       6555.1055       1.1537272
       6555.1229       1.1512387
       6555.1403       1.1479421
       6555.1578       1.1438296
       6555.1752       1.1389182
       6555.1926       1.1332610
       6555.2100       1.1269639
       6555.2274       1.1202055
       6555.2448       1.1132431
       6555.2622       1.1063940
       6555.2796       1.0999867
       6555.2970       1.0942924
       6555.3144       1.0894608
       6555.3319       1.0854833
       6555.3493       1.0822014
       6555.3667       1.0793578
       6555.3841       1.0766793
       6555.4015       1.0739646
       6555.4189       1.0711531
       6555.4363       1.0683496
       6555.4537       1.0657940
       6555.4711       1.0637811
       6555.4885       1.0625558
       6555.5060       1.0622250
       6555.5234       1.0627124
       6555.5408       1.0637921
       6555.5582       1.0651843
       6555.5756       1.0666577
       6555.5930       1.0681059
       6555.6104       1.0695662
       6555.6278       1.0711765
       6555.6452       1.0730942
       6555.6627       1.0754117
       6555.6801       1.0781021
       6555.6975       1.0810130
       6555.7149       1.0839064
       6555.7323       1.0865291
       6555.7497       1.0886856
       6555.7671       1.0902883
       6555.7845       1.0913678
       6555.8019       1.0920441
       6555.8193       1.0924717
       6555.8368       1.0927844
       6555.8542       1.0930602
       6555.8716       1.0933188
       6555.8890       1.0935468
       6555.9064       1.0937339
       6555.9238       1.0938994
       6555.9412       1.0940979
       6555.9586       1.0944006
       6555.9760       1.0948653
       6555.9934       1.0955119
       6556.0109       1.0963129
       6556.0283       1.0972039
       6556.0457       1.0981036
       6556.0631       1.0989341
       6556.0805       1.0996329
       6556.0979       1.1001576
       6556.1153       1.1004885
       6556.1327       1.1006318
       6556.1501       1.1006262
       6556.1675       1.1005441
       6556.1850       1.1004871
       6556.2024       1.1005639
       6556.2198       1.1008660
       6556.2372       1.1014409
       6556.2546       1.1022754
       6556.2720       1.1032958
       6556.2894       1.1043887
       6556.3068       1.1054370
       6556.3242       1.1063594
       6556.3416       1.1071364
       6556.3591       1.1078090
       6556.3765       1.1084477
       6556.3939       1.1091006
       6556.4113       1.1097457
       6556.4287       1.1102683
       6556.4461       1.1104792
       6556.4635       1.1101659
       6556.4809       1.1091569
       6556.4983       1.1073707
       6556.5157       1.1048302
       6556.5332       1.1016422
       6556.5506       1.0979543
       6556.5680       1.0939136
       6556.5854       1.0896445
       6556.6028       1.0852537
       6556.6202       1.0808553
       6556.6376       1.0766017
       6556.6550       1.0726994
       6556.6724       1.0694003
       6556.6899       1.0669660
       6556.7073       1.0656177
       6556.7247       1.0654890
       6556.7421       1.0665968
       6556.7595       1.0688397
       6556.7769       1.0720202
       6556.7943       1.0758815
       6556.8117       1.0801473
       6556.8291       1.0845526
       6556.8465       1.0888743
       6556.8640       1.0929418
       6556.8814       1.0966362
       6556.8988       1.0998790
       6556.9162       1.1026155
       6556.9336       1.1048037
       6556.9510       1.1064162
       6556.9684       1.1074588
       6556.9858       1.1079951
       6557.0032       1.1081592
       6557.0206       1.1081412
       6557.0381       1.1081434
       6557.0555       1.1083230
       6557.0729       1.1087477
       6557.0903       1.1093870
       6557.1077       1.1101443
       6557.1251       1.1109138
       6557.1425       1.1116355
       6557.1599       1.1123216
       6557.1773       1.1130436
       6557.1947       1.1138896
       6557.2122       1.1149126
       6557.2296       1.1160959
       6557.2470       1.1173483
       6557.2644       1.1185290
       6557.2818       1.1194894
       6557.2992       1.1201127
       6557.3166       1.1203401
       6557.3340       1.1201773
       6557.3514       1.1196853
       6557.3688       1.1189622
       6557.3863       1.1181193
       6557.4037       1.1172570
       6557.4211       1.1164431
       6557.4385       1.1156986
       6557.4559       1.1149954
       6557.4733       1.1142638
       6557.4907       1.1134105
       6557.5081       1.1123398
       6557.5255       1.1109733
       6557.5429       1.1092703
       6557.5604       1.1072509
       6557.5778       1.1050194
       6557.5952       1.1027770
       6557.6126       1.1008130
       6557.6300       1.0994619
       6557.6474       1.0990332
       6557.6648       1.0997279
       6557.6822       1.1015697
       6557.6996       1.1043737
       6557.7171       1.1077690
       6557.7345       1.1112727
       6557.7519       1.1144009
       6557.7693       1.1167869
       6557.7867       1.1182722
       6557.8041       1.1189431
       6557.8215       1.1190987
       6557.8389       1.1191600
       6557.8563       1.1195461
       6557.8737       1.1205557
       6557.8912       1.1222880
       6557.9086       1.1246233
       6557.9260       1.1272634
       6557.9434       1.1298172
       6557.9608       1.1319021
       6557.9782       1.1332342
       6557.9956       1.1336851
       6558.0130       1.1332974
       6558.0304       1.1322595
       6558.0478       1.1308540
       6558.0653       1.1293926
       6558.0827       1.1281523
       6558.1001       1.1273235
       6558.1175       1.1269817
       6558.1349       1.1270771
       6558.1523       1.1274664
       6558.1697       1.1279621
       6558.1871       1.1283880
       6558.2045       1.1286272
       6558.2219       1.1286461
       6558.2394       1.1284906
       6558.2568       1.1282591
       6558.2742       1.1280660
       6558.2916       1.1280088
       6558.3090       1.1281508
       6558.3264       1.1285203
       6558.3438       1.1291230
       6558.3612       1.1299555
       6558.3786       1.1310106
       6558.3960       1.1322679
       6558.4135       1.1336741
       6558.4309       1.1351274
       6558.4483       1.1364798
       6558.4657       1.1375670
       6558.4831       1.1382577
       6558.5005       1.1385028
       6558.5179       1.1383609
       6558.5353       1.1379864
       6558.5527       1.1375846
       6558.5701       1.1373522
       6558.5876       1.1374271
       6558.6050       1.1378645
       6558.6224       1.1386413
       6558.6398       1.1396808
       6558.6572       1.1408846
       6558.6746       1.1421596
       6558.6920       1.1434347
       6558.7094       1.1446663
       6558.7268       1.1458362
       6558.7442       1.1469478
       6558.7617       1.1480246
       6558.7791       1.1491130
       6558.7965       1.1502865
       6558.8139       1.1516363
       6558.8313       1.1532519
       6558.8487       1.1551879
       6558.8661       1.1574314
       6558.8835       1.1598878
       6558.9009       1.1623995
       6558.9184       1.1647929
       6558.9358       1.1669370
       6558.9532       1.1687882
       6558.9706       1.1704006
       6558.9880       1.1719015
       6559.0054       1.1734422
       6559.0228       1.1751463
       6559.0402       1.1770709
       6559.0576       1.1791884
       6559.0750       1.1813888
       6559.0925       1.1834994
       6559.1099       1.1853162
       6559.1273       1.1866451
       6559.1447       1.1873462
       6559.1621       1.1873684
       6559.1795       1.1867632
       6559.1969       1.1856692
       6559.2143       1.1842690
       6559.2317       1.1827344
       6559.2491       1.1811764
       6559.2666       1.1796206
       6559.2840       1.1780119
       6559.3014       1.1762426
       6559.3188       1.1741917
       6559.3362       1.1717570
       6559.3536       1.1688749
       6559.3710       1.1655285
       6559.3884       1.1617525
       6559.4058       1.1576402
       6559.4232       1.1533491
       6559.4407       1.1491024
       6559.4581       1.1451549
       6559.4755       1.1417514
       6559.4929       1.1390777
       6559.5103       1.1372269
       6559.5277       1.1361947
       6559.5451       1.1359005
       6559.5625       1.1362230
       6559.5799       1.1370320
       6559.5973       1.1382073
       6559.6148       1.1396480
       6559.6322       1.1412786
       6559.6496       1.1430594
       6559.6670       1.1449981
       6559.6844       1.1471519
       6559.7018       1.1496121
       6559.7192       1.1524705
       6559.7366       1.1557792
       6559.7540       1.1595204
       6559.7714       1.1636010
       6559.7889       1.1678727
       6559.8063       1.1721684
       6559.8237       1.1763348
       6559.8411       1.1802494
       6559.8585       1.1838184
       6559.8759       1.1869644
       6559.8933       1.1896179
       6559.9107       1.1917242
       6559.9281       1.1932641
       6559.9456       1.1942807
       6559.9630       1.1949000
       6559.9804       1.1953346
       6559.9978       1.1958656
       6560.0152       1.1968032
       6560.0326       1.1984319
       6560.0500       1.2009507
       6560.0674       1.2044252
       6560.0848       1.2087553
       6560.1022       1.2136828
       6560.1197       1.2188501
       6560.1371       1.2238721
       6560.1545       1.2284206
       6560.1719       1.2322934
       6560.1893       1.2354455
       6560.2067       1.2379717
       6560.2241       1.2400484
       6560.2415       1.2418576
       6560.2589       1.2435233
       6560.2763       1.2450806
       6560.2938       1.2464811
       6560.3112       1.2476254
       6560.3286       1.2484020
       6560.3460       1.2487229
       6560.3634       1.2485508
       6560.3808       1.2479187
       6560.3982       1.2469421
       6560.4156       1.2458166
       6560.4330       1.2447934
       6560.4504       1.2441316
       6560.4679       1.2440365
       6560.4853       1.2446042
       6560.5027       1.2457943
       6560.5201       1.2474432
       6560.5375       1.2493150
       6560.5549       1.2511713
       6560.5723       1.2528349
       6560.5897       1.2542304
       6560.6071       1.2553912
       6560.6245       1.2564407
       6560.6420       1.2575578
       6560.6594       1.2589401
       6560.6768       1.2607727
       6560.6942       1.2632061
       6560.7116       1.2663437
       6560.7290       1.2702412
       6560.7464       1.2748888
       6560.7638       1.2802261
       6560.7812       1.2861370
       6560.7986       1.2924511
       6560.8161       1.2989524
       6560.8335       1.3054017
       6560.8509       1.3115711
       6560.8683       1.3172854
       6560.8857       1.3224566
       6560.9031       1.3271016
       6560.9205       1.3313363
       6560.9379       1.3353496
       6560.9553       1.3393658
       6560.9728       1.3436039
       6560.9902       1.3482415
       6561.0076       1.3533898
       6561.0250       1.3590830
       6561.0424       1.3652834
       6561.0598       1.3719010
       6561.0772       1.3788211
       6561.0946       1.3859322
       6561.1120       1.3931475
       6561.1294       1.4004187
       6561.1469       1.4077421
       6561.1643       1.4151609
       6561.1817       1.4227641
       6561.1991       1.4306796
       6561.2165       1.4390571
       6561.2339       1.4480403
       6561.2513       1.4577315
       6561.2687       1.4681611
       6561.2861       1.4792755
       6561.3035       1.4909522
       6561.3210       1.5030411
       6561.3384       1.5154176
       6561.3558       1.5280266
       6561.3732       1.5409000
       6561.3906       1.5541418
       6561.4080       1.5678843
       6561.4254       1.5822384
       6561.4428       1.5972566
       6561.4602       1.6129217
       6561.4776       1.6291642
       6561.4951       1.6459032
       6561.5125       1.6630894
       6561.5299       1.6807332
       6561.5473       1.6989009
       6561.5647       1.7176784
       6561.5821       1.7371192
       6561.5995       1.7571992
       6561.6169       1.7778001
       6561.6343       1.7987282
       6561.6517       1.8197585
       6561.6692       1.8406826
       6561.6866       1.8613421
       6561.7040       1.8816384
       6561.7214       1.9015207
       6561.7388       1.9209633
       6561.7562       1.9399433
       6561.7736       1.9584243
       6561.7910       1.9763525
       6561.8084       1.9936621
       6561.8258       2.0102909
       6561.8433       2.0262000
       6561.8607       2.0413913
       6561.8781       2.0559156
       6561.8955       2.0698663
       6561.9129       2.0833626
       6561.9303       2.0965293
       6561.9477       2.1094829
       6561.9651       2.1223276
       6561.9825       2.1351573
       6561.9999       2.1480530
       6562.0174       2.1610695
       6562.0348       2.1742153
       6562.0522       2.1874209
       6562.0696       2.2005411
       6562.0870       2.2133626
       6562.1044       2.2256349
       6562.1218       2.2371119
       6562.1392       2.2475994
       6562.1566       2.2569996
       6562.1741       2.2653469
       6562.1915       2.2728227
       6562.2089       2.2797425
       6562.2263       2.2865094
       6562.2437       2.2935413
       6562.2611       2.3011884
       6562.2785       2.3096662
       6562.2959       2.3190230
       6562.3133       2.3291531
       6562.3307       2.3398510
       6562.3482       2.3508859
       6562.3656       2.3620707
       6562.3830       2.3733013
       6562.4004       2.3845575
       6562.4178       2.3958766
       6562.4352       2.4073218
       6562.4526       2.4189672
       6562.4700       2.4309037
       6562.4874       2.4432571
       6562.5048       2.4561973
       6562.5223       2.4699277
       6562.5397       2.4846565
       6562.5571       2.5005589
       6562.5745       2.5177431
       6562.5919       2.5362227
       6562.6093       2.5558916
       6562.6267       2.5765003
       6562.6441       2.5976386
       6562.6615       2.6187400
       6562.6789       2.6391126
       6562.6964       2.6580162
       6562.7138       2.6747638
       6562.7312       2.6888018
       6562.7486       2.6997701
       6562.7660       2.7075168
       6562.7834       2.7120678
       6562.8008       2.7135614
       6562.8182       2.7121631
       6562.8356       2.7079858
       6562.8530       2.7010377
       6562.8705       2.6912172
       6562.8879       2.6783593
       6562.9053       2.6623191
       6562.9227       2.6430670
       6562.9401       2.6207601
       6562.9575       2.5957696
       6562.9749       2.5686553
       6562.9923       2.5401009
       6563.0097       2.5108287
       6563.0271       2.4815138
       6563.0446       2.4527104
       6563.0620       2.4247980
       6563.0794       2.3979509
       6563.0968       2.3721370
       6563.1142       2.3471485
       6563.1316       2.3226634
       6563.1490       2.2983284
       6563.1664       2.2738472
       6563.1838       2.2490552
       6563.2013       2.2239645
       6563.2187       2.1987669
       6563.2361       2.1737964
       6563.2535       2.1494574
       6563.2709       2.1261406
       6563.2883       2.1041462
       6563.3057       2.0836376
       6563.3231       2.0646336
       6563.3405       2.0470335
       6563.3579       2.0306468
       6563.3754       2.0152486
       6563.3928       2.0005936
       6563.4102       1.9864217
       6563.4276       1.9724591
       6563.4450       1.9584324
       6563.4624       1.9441024
       6563.4798       1.9293134
       6563.4972       1.9140396
       6563.5146       1.8984078
       6563.5320       1.8826784
       6563.5495       1.8671860
       6563.5669       1.8522540
       6563.5843       1.8381126
       6563.6017       1.8248498
       6563.6191       1.8124132
       6563.6365       1.8006602
       6563.6539       1.7894367
       6563.6713       1.7786512
       6563.6887       1.7683158
       6563.7061       1.7585400
       6563.7236       1.7494839
       6563.7410       1.7412928
       6563.7584       1.7340374
       6563.7758       1.7276793
       6563.7932       1.7220652
       6563.8106       1.7169474
       6563.8280       1.7120177
       6563.8454       1.7069488
       6563.8628       1.7014343
       6563.8802       1.6952236
       6563.8977       1.6881448
       6563.9151       1.6801088
       6563.9325       1.6710938
       6563.9499       1.6611168
       6563.9673       1.6502071
       6563.9847       1.6383920
       6564.0021       1.6257232
       6564.0195       1.6122937
       6564.0369       1.5982632
       6564.0543       1.5838623
       6564.0718       1.5693697
       6564.0892       1.5550669
       6564.1066       1.5411885
       6564.1240       1.5278832
       6564.1414       1.5151982
       6564.1588       1.5030880
       6564.1762       1.4914428
       6564.1936       1.4801261
       6564.2110       1.4690103
       6564.2285       1.4580035
       6564.2459       1.4470631
       6564.2633       1.4361970
       6564.2807       1.4254533
       6564.2981       1.4149028
       6564.3155       1.4046200
       6564.3329       1.3946691
       6564.3503       1.3850992
       6564.3677       1.3759517
       6564.3851       1.3672742
       6564.4026       1.3591316
       6564.4200       1.3516055
       6564.4374       1.3447776
       6564.4548       1.3386983
       6564.4722       1.3333507
       6564.4896       1.3286249
       6564.5070       1.3243144
       6564.5244       1.3201430
       6564.5418       1.3158177
       6564.5592       1.3110939
       6564.5767       1.3058328
       6564.5941       1.3000348
       6564.6115       1.2938386
       6564.6289       1.2874894
       6564.6463       1.2812880
       6564.6637       1.2755235
       6564.6811       1.2704188
       6564.6985       1.2660938
       6564.7159       1.2625529
       6564.7333       1.2596983
       6564.7508       1.2573600
       6564.7682       1.2553321
       6564.7856       1.2534038
       6564.8030       1.2513839
       6564.8204       1.2491218
       6564.8378       1.2465302
       6564.8552       1.2436075
       6564.8726       1.2404509
       6564.8900       1.2372483
       6564.9074       1.2342436
       6564.9249       1.2316815
       6564.9423       1.2297454
       6564.9597       1.2285122
       6564.9771       1.2279347
       6564.9945       1.2278606
       6565.0119       1.2280762
       6565.0293       1.2283616
       6565.0467       1.2285357
       6565.0641       1.2284787
       6565.0815       1.2281268
       6565.0990       1.2274471
       6565.1164       1.2264084
       6565.1338       1.2249649
       6565.1512       1.2230599
       6565.1686       1.2206509
       6565.1860       1.2177413
       6565.2034       1.2144058
       6565.2208       1.2107956
       6565.2382       1.2071207
       6565.2556       1.2036121
       6565.2731       1.2004736
       6565.2905       1.1978395
       6565.3079       1.1957321
       6565.3253       1.1940631
       6565.3427       1.1926535
       6565.3601       1.1912807
       6565.3775       1.1897392
       6565.3949       1.1878979
       6565.4123       1.1857355
       6565.4298       1.1833409
       6565.4472       1.1808818
       6565.4646       1.1785528
       6565.4820       1.1765238
       6565.4994       1.1749064
       6565.5168       1.1737417
       6565.5342       1.1730073
       6565.5516       1.1726316
       6565.5690       1.1725091
       6565.5864       1.1725151
       6565.6039       1.1725222
       6565.6213       1.1724171
       6565.6387       1.1721165
       6565.6561       1.1715732
       6565.6735       1.1707733
       6565.6909       1.1697286
       6565.7083       1.1684711
       6565.7257       1.1670555
       6565.7431       1.1655654
       6565.7605       1.1641152
       6565.7780       1.1628396
       6565.7954       1.1618686
       6565.8128       1.1612947
       6565.8302       1.1611447
       6565.8476       1.1613644
       6565.8650       1.1618245
       6565.8824       1.1623441
       6565.8998       1.1627284
       6565.9172       1.1628091
       6565.9346       1.1624755
       6565.9521       1.1616948
       6565.9695       1.1605092
       6565.9869       1.1590122
       6566.0043       1.1573237
       6566.0217       1.1555674
       6566.0391       1.1538581
       6566.0565       1.1522970
       6566.0739       1.1509692
       6566.0913       1.1499357
       6566.1087       1.1492224
       6566.1262       1.1488089
       6566.1436       1.1486265
       6566.1610       1.1485714
       6566.1784       1.1485281
       6566.1958       1.1483962
       6566.2132       1.1481095
       6566.2306       1.1476438
       6566.2480       1.1470149
       6566.2654       1.1462730
       6566.2828       1.1454973
       6566.3003       1.1447891
       6566.3177       1.1442579
       6566.3351       1.1439994
       6566.3525       1.1440686
       6566.3699       1.1444595
       6566.3873       1.1451027
       6566.4047       1.1458859
       6566.4221       1.1466890
       6566.4395       1.1474185
       6566.4570       1.1480241
       6566.4744       1.1484898
       6566.4918       1.1488056
       6566.5092       1.1489357
       6566.5266       1.1488021
       6566.5440       1.1482959
       6566.5614       1.1473124
       6566.5788       1.1457946
       6566.5962       1.1437657
       6566.6136       1.1413511
       6566.6311       1.1387520
       6566.6485       1.1362193
       6566.6659       1.1340164
       6566.6833       1.1323841
       6566.7007       1.1315083
       6566.7181       1.1314929
       6566.7355       1.1323398
       6566.7529       1.1339427
       6566.7703       1.1361008
       6566.7877       1.1385522
       6566.8052       1.1410200
       6566.8226       1.1432573
       6566.8400       1.1450792
       6566.8574       1.1463739
       6566.8748       1.1470957
       6566.8922       1.1472500
       6566.9096       1.1468785
       6566.9270       1.1460525
       6566.9444       1.1448707
       6566.9618       1.1434556
       6566.9793       1.1419434
       6566.9967       1.1404664
       6567.0141       1.1391312
       6567.0315       1.1379996
       6567.0489       1.1370767
       6567.0663       1.1363112
       6567.0837       1.1356080
       6567.1011       1.1348532
       6567.1185       1.1339460
       6567.1359       1.1328279
       6567.1534       1.1315009
       6567.1708       1.1300282
       6567.1882       1.1285191
       6567.2056       1.1271037
       6567.2230       1.1259066
       6567.2404       1.1250262
       6567.2578       1.1245166
       6567.2752       1.1243783
       6567.2926       1.1245600
       6567.3100       1.1249640
       6567.3275       1.1254622
       6567.3449       1.1259198
       6567.3623       1.1262215
       6567.3797       1.1262955
       6567.3971       1.1261296
       6567.4145       1.1257732
       6567.4319       1.1253256
       6567.4493       1.1249109
       6567.4667       1.1246471
       6567.4842       1.1246172
       6567.5016       1.1248509
       6567.5190       1.1253224
       6567.5364       1.1259602
       6567.5538       1.1266658
       6567.5712       1.1273319
       6567.5886       1.1278604
       6567.6060       1.1281771
       6567.6234       1.1282441
       6567.6408       1.1280679
       6567.6583       1.1276979
       6567.6757       1.1272135
       6567.6931       1.1267009
       6567.7105       1.1262270
       6567.7279       1.1258222
       6567.7453       1.1254793
       6567.7627       1.1251704
       6567.7801       1.1248725
       6567.7975       1.1245900
       6567.8149       1.1243615
       6567.8324       1.1242490
       6567.8498       1.1243118
       6567.8672       1.1245790
       6567.8846       1.1250308
       6567.9020       1.1255963
       6567.9194       1.1261680
       6567.9368       1.1266309
       6567.9542       1.1268888
       6567.9716       1.1268852
       6567.9890       1.1266121
       6568.0065       1.1261076
       6568.0239       1.1254436
       6568.0413       1.1247081
       6568.0587       1.1239859
       6568.0761       1.1233428
       6568.0935       1.1228156
       6568.1109       1.1224078
       6568.1283       1.1220908
       6568.1457       1.1218098
       6568.1631       1.1214951
       6568.1806       1.1210794
       6568.1980       1.1205220
       6568.2154       1.1198350
       6568.2328       1.1191032
       6568.2502       1.1184852
       6568.2676       1.1181889
       6568.2850       1.1184202
       6568.3024       1.1193207
       6568.3198       1.1209169
       6568.3372       1.1231063
       6568.3547       1.1256895
       6568.3721       1.1284407
       6568.3895       1.1311865
       6568.4069       1.1338618
       6568.4243       1.1365176
       6568.4417       1.1392824
       6568.4591       1.1422982
       6568.4765       1.1456624
       6568.4939       1.1493985
       6568.5113       1.1534621
       6568.5288       1.1577698
       6568.5462       1.1622311
       6568.5636       1.1667708
       6568.5810       1.1713331
       6568.5984       1.1758745
       6568.6158       1.1803549
       6568.6332       1.1847313
       6568.6506       1.1889556
       6568.6680       1.1929763
       6568.6855       1.1967415
       6568.7029       1.2001985
       6568.7203       1.2032885
       6568.7377       1.2059362
       6568.7551       1.2080402
       6568.7725       1.2094706
       6568.7899       1.2100798
       6568.8073       1.2097248
       6568.8247       1.2082926
       6568.8421       1.2057181
       6568.8596       1.2019885
       6568.8770       1.1971365
       6568.8944       1.1912315
       6568.9118       1.1843775
       6568.9292       1.1767192
       6568.9466       1.1684495
       6568.9640       1.1598062
       6568.9814       1.1510517
       6568.9988       1.1424386
       6569.0162       1.1341729
       6569.0337       1.1263875
       6569.0511       1.1191368
       6569.0685       1.1124082
       6569.0859       1.1061440
       6569.1033       1.1002644
       6569.1207       1.0946824
       6569.1381       1.0893143
       6569.1555       1.0840869
       6569.1729       1.0789476
       6569.1903       1.0738778
       6569.2078       1.0689104
       6569.2252       1.0641425
       6569.2426       1.0597330
       6569.2600       1.0558885
       6569.2774       1.0528311
       6569.2948       1.0507516
       6569.3122       1.0497625
       6569.3296       1.0498637
       6569.3470       1.0509397
       6569.3644       1.0527933
       6569.3819       1.0552088
       6569.3993       1.0580206
       6569.4167       1.0611584
       6569.4341       1.0646472
       6569.4515       1.0685612
       6569.4689       1.0729495
       6569.4863       1.0777667
       6569.5037       1.0828366
       6569.5211       1.0878641
       6569.5385       1.0924932
       6569.5560       1.0963872
       6569.5734       1.0993080
       6569.5908       1.1011690
       6569.6082       1.1020492
       6569.6256       1.1021690
       6569.6430       1.1018360
       6569.6604       1.1013760
       6569.6778       1.1010672
       6569.6952       1.1010921
       6569.7127       1.1015164
       6569.7301       1.1022980
       6569.7475       1.1033190
       6569.7649       1.1044253
       6569.7823       1.1054617
       6569.7997       1.1062906
       6569.8171       1.1067966
       6569.8345       1.1068837
       6569.8519       1.1064746
       6569.8693       1.1055316
       6569.8868       1.1040701
       6569.9042       1.1021744
       6569.9216       1.0999997
       6569.9390       1.0977545
       6569.9564       1.0956676
       6569.9738       1.0939497
       6569.9912       1.0927603
       6570.0086       1.0921873
       6570.0260       1.0922412
       6570.0434       1.0928630
       6570.0609       1.0939420
       6570.0783       1.0953395
       6570.0957       1.0969135
       6570.1131       1.0985392
       6570.1305       1.1001216
       6570.1479       1.1015944
       6570.1653       1.1029083
       6570.1827       1.1040143
       6570.2001       1.1048523
       6570.2175       1.1053536
       6570.2350       1.1054579
       6570.2524       1.1051383
       6570.2698       1.1044218
       6570.2872       1.1033933
       6570.3046       1.1021818
       6570.3220       1.1009293
       6570.3394       1.0997553
       6570.3568       1.0987294
       6570.3742       1.0978604
       6570.3916       1.0971078
       6570.4091       1.0964111
       6570.4265       1.0957256
       6570.4439       1.0950492
       6570.4613       1.0944297
       6570.4787       1.0939476
       6570.4961       1.0936825
       6570.5135       1.0936758
       6570.5309       1.0939068
       6570.5483       1.0942988
       6570.5657       1.0947433
       6570.5832       1.0951335
       6570.6006       1.0953908
       6570.6180       1.0954706
       6570.6354       1.0953494
       6570.6528       1.0950035
       6570.6702       1.0943963
       6570.6876       1.0934849
       6570.7050       1.0922459
       6570.7224       1.0907093
       6570.7398       1.0889806
       6570.7573       1.0872377
       6570.7747       1.0856982
       6570.7921       1.0845663
       6570.8095       1.0839756
       6570.8269       1.0839480
       6570.8443       1.0843814
       6570.8617       1.0850713
       6570.8791       1.0857636
       6570.8965       1.0862240
       6570.9140       1.0863054
       6570.9314       1.0859898
       6570.9488       1.0853891
       6570.9662       1.0847016
       6570.9836       1.0841417
       6571.0010       1.0838696
       6571.0184       1.0839512
       6571.0358       1.0843594
       6571.0532       1.0850090
       6571.0706       1.0857981
       6571.0881       1.0866329
       6571.1055       1.0874283
       6571.1229       1.0880939
       6571.1403       1.0885284
       6571.1577       1.0886323
       6571.1751       1.0883477
       6571.1925       1.0876849
       6571.2099       1.0867323
       6571.2273       1.0856364
       6571.2447       1.0845594
       6571.2622       1.0836357
       6571.2796       1.0829457
       6571.2970       1.0825135
       6571.3144       1.0823226
       6571.3318       1.0823322
       6571.3492       1.0824824
       6571.3666       1.0826847
       6571.3840       1.0828064
       6571.4014       1.0826646
       6571.4188       1.0820383
       6571.4363       1.0807013
       6571.4537       1.0784671
       6571.4711       1.0752347
       6571.4885       1.0710258
       6571.5059       1.0660057
       6571.5233       1.0604838
       6571.5407       1.0548862
       6571.5581       1.0497016
       6571.5755       1.0454062
       6571.5929       1.0423845
       6571.6104       1.0408682
       6571.6278       1.0409112
       6571.6452       1.0424039
       6571.6626       1.0451163
       6571.6800       1.0487486
       6571.6974       1.0529747
       6571.7148       1.0574700
       6571.7322       1.0619320
       6571.7496       1.0660990
       6571.7670       1.0697719
       6571.7845       1.0728325
       6571.8019       1.0752473
       6571.8193       1.0770609
       6571.8367       1.0783706
       6571.8541       1.0792939
       6571.8715       1.0799495
       6571.8889       1.0804462
       6571.9063       1.0808758
       6571.9237       1.0813045
       6571.9412       1.0817652
       6571.9586       1.0822537
       6571.9760       1.0827406
       6571.9934       1.0831954
       6572.0108       1.0836157
       6572.0282       1.0840422
       6572.0456       1.0845506
       6572.0630       1.0852207
       6572.0804       1.0861001
       6572.0978       1.0871820
       6572.1153       1.0884091
       6572.1327       1.0897012
       6572.1501       1.0909907
       6572.1675       1.0922471
       6572.1849       1.0934801
       6572.2023       1.0947189
       6572.2197       1.0959823
       6572.2371       1.0972509
       6572.2545       1.0984581
       6572.2719       1.0995026
       6572.2894       1.1002790
       6572.3068       1.1007121
       6572.3242       1.1007801
       6572.3416       1.1005178
       6572.3590       1.0999980
       6572.3764       1.0992998
       6572.3938       1.0984779
       6572.4112       1.0975427
       6572.4286       1.0964604
       6572.4460       1.0951716
       6572.4635       1.0936197
       6572.4809       1.0917810
       6572.4983       1.0896743
       6572.5157       1.0873524
       6572.5331       1.0848818
       6572.5505       1.0823224
       6572.5679       1.0797195
       6572.5853       1.0771094
       6572.6027       1.0745314
       6572.6201       1.0720347
       6572.6376       1.0696747
       6572.6550       1.0675001
       6572.6724       1.0655399
       6572.6898       1.0637971
       6572.7072       1.0622545
       6572.7246       1.0608883
       6572.7420       1.0596827
       6572.7594       1.0586390
       6572.7768       1.0577736
       6572.7942       1.0571081
       6572.8117       1.0566560
       6572.8291       1.0564139
       6572.8465       1.0563608
       6572.8639       1.0564647
       6572.8813       1.0566903
       6572.8987       1.0570031
       6572.9161       1.0573681
       6572.9335       1.0577469
       6572.9509       1.0581003
       6572.9684       1.0583994
       6572.9858       1.0586438
       6573.0032       1.0588768
       6573.0206       1.0591850
       6573.0380       1.0596782
       6573.0554       1.0604494
       6573.0728       1.0615317
       6573.0902       1.0628699
       6573.1076       1.0643217
       6573.1250       1.0656912
       6573.1425       1.0667913
       6573.1599       1.0675007
       6573.1773       1.0677990
       6573.1947       1.0677669
       6573.2121       1.0675513
       6573.2295       1.0673113
       6573.2469       1.0671667
       6573.2643       1.0671686
       6573.2817       1.0673009
       6573.2991       1.0675068
       6573.3166       1.0677261
       6573.3340       1.0679240
       6573.3514       1.0680987
       6573.3688       1.0682687
       6573.3862       1.0684490
       6573.4036       1.0686334
       6573.4210       1.0687924
       6573.4384       1.0688892
       6573.4558       1.0689017
       6573.4732       1.0688396
       6573.4907       1.0687442
       6573.5081       1.0686737
       6573.5255       1.0686821
       6573.5429       1.0688029
       6573.5603       1.0690448
       6573.5777       1.0693953
       6573.5951       1.0698289
       6573.6125       1.0703108
       6573.6299       1.0707991
       6573.6473       1.0712470
       6573.6648       1.0716071
       6573.6822       1.0718403
       6573.6996       1.0719209
       6573.7170       1.0718410
       6573.7344       1.0716124
       6573.7518       1.0712710
       6573.7692       1.0708835
       6573.7866       1.0705454
       6573.8040       1.0703657
       6573.8214       1.0704351
       6573.8389       1.0707891
       6573.8563       1.0713819
       6573.8737       1.0720886
       6573.8911       1.0727362
       6573.9085       1.0731526
       6573.9259       1.0732123
       6573.9433       1.0728643
       6573.9607       1.0721374
       6573.9781       1.0711268
       6573.9955       1.0699714
       6574.0130       1.0688242
       6574.0304       1.0678215
       6574.0478       1.0670500
       6574.0652       1.0665224
       6574.0826       1.0661685
       6574.1000       1.0658490
       6574.1174       1.0653906
       6574.1348       1.0646297
       6574.1522       1.0634513
       6574.1697       1.0618092
       6574.1871       1.0597214
       6574.2045       1.0572462
       6574.2219       1.0544488
       6574.2393       1.0513769
       6574.2567       1.0480576
       6574.2741       1.0445251
       6574.2915       1.0408695
       6574.3089       1.0372870
       6574.3263       1.0341003
       6574.3438       1.0317327
       6574.3612       1.0306331
       6574.3786       1.0311788
       6574.3960       1.0335882
       6574.4134       1.0378835
       6574.4308       1.0438672
       6574.4482       1.0511832
       6574.4656       1.0593797
       6574.4830       1.0679651
       6574.5004       1.0764580
       6574.5179       1.0844261
       6574.5353       1.0915138
       6574.5527       1.0974588
       6574.5701       1.1020983
       6574.5875       1.1053676
       6574.6049       1.1072928
       6574.6223       1.1079783
       6574.6397       1.1075880
       6574.6571       1.1063166
       6574.6745       1.1043562
       6574.6920       1.1018643
       6574.7094       1.0989443
       6574.7268       1.0956448
       6574.7442       1.0919742
       6574.7616       1.0879241
       6574.7790       1.0834912
       6574.7964       1.0786939
       6574.8138       1.0735859
       6574.8312       1.0682703
       6574.8486       1.0629109
       6574.8661       1.0577339
       6574.8835       1.0530069
       6574.9009       1.0489920
       6574.9183       1.0458841
       6574.9357       1.0437573
       6574.9531       1.0425426
       6574.9705       1.0420478
       6574.9879       1.0420104
       6575.0053       1.0421615
       6575.0227       1.0422760
       6575.0402       1.0421972
       6575.0576       1.0418394
       6575.0750       1.0411787
       6575.0924       1.0402470
       6575.1098       1.0391209
       6575.1272       1.0379175
       6575.1446       1.0367843
       6575.1620       1.0358858
       6575.1794       1.0353854
       6575.1969       1.0354269
       6575.2143       1.0361133
       6575.2317       1.0374830
       6575.2491       1.0394873
       6575.2665       1.0419753
       6575.2839       1.0446981
       6575.3013       1.0473399
       6575.3187       1.0495744
       6575.3361       1.0511364
       6575.3535       1.0518858
       6575.3710       1.0518433
       6575.3884       1.0511844
       6575.4058       1.0501911
       6575.4232       1.0491777
       6575.4406       1.0484132
       6575.4580       1.0480652
       6575.4754       1.0481803
       6575.4928       1.0487017
       6575.5102       1.0495139
       6575.5276       1.0504919
       6575.5451       1.0515364
       6575.5625       1.0525821
       6575.5799       1.0535827
       6575.5973       1.0544861
       6575.6147       1.0552182
       6575.6321       1.0556906
       6575.6495       1.0558299
       6575.6669       1.0556167
       6575.6843       1.0551125
       6575.7017       1.0544564
       6575.7192       1.0538306
       6575.7366       1.0534034
       6575.7540       1.0532743
       6575.7714       1.0534481
       6575.7888       1.0538429
       6575.8062       1.0543282
       6575.8236       1.0547767
       6575.8410       1.0551097
       6575.8584       1.0553182
       6575.8758       1.0554533
       6575.8933       1.0555926
       6575.9107       1.0557970
       6575.9281       1.0560816
       6575.9455       1.0564110
       6575.9629       1.0567214
       6575.9803       1.0569540
       6575.9977       1.0570800
       6576.0151       1.0571050
       6576.0325       1.0570518
       6576.0499       1.0569339
       6576.0674       1.0567367
       6576.0848       1.0564148
       6576.1022       1.0559063
       6576.1196       1.0551558
       6576.1370       1.0541340
       6576.1544       1.0528495
       6576.1718       1.0513491
       6576.1892       1.0497082
       6576.2066       1.0480144
       6576.2241       1.0463481
       6576.2415       1.0447660
       6576.2589       1.0432940
       6576.2763       1.0419361
       6576.2937       1.0406949
       6576.3111       1.0395965
       6576.3285       1.0387027
       6576.3459       1.0381025
       6576.3633       1.0378818
       6576.3807       1.0380834
       6576.3982       1.0386746
       6576.4156       1.0395460
       6576.4330       1.0405292
       6576.4504       1.0414329
       6576.4678       1.0420870
       6576.4852       1.0423816
       6576.5026       1.0422957
       6576.5200       1.0419066
       6576.5374       1.0413768
       6576.5548       1.0409166
       6576.5723       1.0407315
       6576.5897       1.0409669
       6576.6071       1.0416692
       6576.6245       1.0427748
       6576.6419       1.0441311
       6576.6593       1.0455402
       6576.6767       1.0468097
       6576.6941       1.0477957
       6576.7115       1.0484240
       6576.7289       1.0486882
       6576.7464       1.0486297
       6576.7638       1.0483086
       6576.7812       1.0477801
       6576.7986       1.0470823
       6576.8160       1.0462381
       6576.8334       1.0452675
       6576.8508       1.0442037
       6576.8682       1.0431063
       6576.8856       1.0420679
       6576.9030       1.0412106
       6576.9205       1.0406693
       6576.9379       1.0405628
       6576.9553       1.0409580
       6576.9727       1.0418385
       6576.9901       1.0430926
       6577.0075       1.0445295
       6577.0249       1.0459207
       6577.0423       1.0470597
       6577.0597       1.0478141
       6577.0771       1.0481481
       6577.0946       1.0481156
       6577.1120       1.0478260
       6577.1294       1.0473987
       6577.1468       1.0469242
       6577.1642       1.0464440
       6577.1816       1.0459529
       6577.1990       1.0454181
       6577.2164       1.0448049
       6577.2338       1.0440978
       6577.2512       1.0433081
       6577.2687       1.0424681
       6577.2861       1.0416165
       6577.3035       1.0407841
       6577.3209       1.0399907
       6577.3383       1.0392519
       6577.3557       1.0385922
       6577.3731       1.0380533
       6577.3905       1.0376892
       6577.4079       1.0375501
       6577.4254       1.0376640
       6577.4428       1.0380240
       6577.4602       1.0385906
       6577.4776       1.0393044
       6577.4950       1.0401035
       6577.5124       1.0409366
       6577.5298       1.0417660
       6577.5472       1.0425634
       6577.5646       1.0433028
       6577.5820       1.0439572
       6577.5995       1.0445009
       6577.6169       1.0449153
       6577.6343       1.0451938
       6577.6517       1.0453420
       6577.6691       1.0453748
       6577.6865       1.0453128
       6577.7039       1.0451772
       6577.7213       1.0449854
       6577.7387       1.0447499
       6577.7561       1.0444807
       6577.7736       1.0441923
       6577.7910       1.0439108
       6577.8084       1.0436732
       6577.8258       1.0435127
       6577.8432       1.0434343
       6577.8606       1.0433922
       6577.8780       1.0432888
       6577.8954       1.0430017
       6577.9128       1.0424326
       6577.9302       1.0415565
       6577.9477       1.0404474
       6577.9651       1.0392676
       6577.9825       1.0382254
       6577.9999       1.0375184
       6578.0173       1.0372837
       6578.0347       1.0375686
       6578.0521       1.0383265
       6578.0695       1.0394352
       6578.0869       1.0407303
       6578.1043       1.0420463
       6578.1218       1.0432526
       6578.1392       1.0442768
       6578.1566       1.0451051
       6578.1740       1.0457631
       6578.1914       1.0462878
       6578.2088       1.0467030
       6578.2262       1.0470098
       6578.2436       1.0471914
       6578.2610       1.0472259
       6578.2784       1.0470988
       6578.2959       1.0468100
       6578.3133       1.0463771
       6578.3307       1.0458375
       6578.3481       1.0452506
       6578.3655       1.0446931
       6578.3829       1.0442502
       6578.4003       1.0439989
       6578.4177       1.0439882
       6578.4351       1.0442215
       6578.4526       1.0446474
       6578.4700       1.0451652
       6578.4874       1.0456443
       6578.5048       1.0459553
       6578.5222       1.0460037
       6578.5396       1.0457542
       6578.5570       1.0452347
       6578.5744       1.0445194
       6578.5918       1.0436951
       6578.6092       1.0428305
       6578.6267       1.0419602
       6578.6441       1.0410921
       6578.6615       1.0402321
       6578.6789       1.0394095
       6578.6963       1.0386881
       6578.7137       1.0381549
       6578.7311       1.0378906
       6578.7485       1.0379367
       6578.7659       1.0382746
       6578.7833       1.0388228
       6578.8008       1.0394542
       6578.8182       1.0400241
       6578.8356       1.0404020
       6578.8530       1.0404980
       6578.8704       1.0402823
       6578.8878       1.0397935
       6578.9052       1.0391337
       6578.9226       1.0384518
       6578.9400       1.0379151
       6578.9574       1.0376731
       6578.9749       1.0378244
       6578.9923       1.0383847
       6579.0097       1.0392795
       6579.0271       1.0403600
       6579.0445       1.0414355
       6579.0619       1.0423207
       6579.0793       1.0428824
       6579.0967       1.0430712
       6579.1141       1.0429297
       6579.1315       1.0425718
       6579.1490       1.0421412
       6579.1664       1.0417629
       6579.1838       1.0415052
       6579.2012       1.0413664
       6579.2186       1.0412911
       6579.2360       1.0412088
       6579.2534       1.0410762
       6579.2708       1.0409022
       6579.2882       1.0407428
       6579.3056       1.0406695
       6579.3231       1.0407278
       6579.3405       1.0409106
       6579.3579       1.0411617
       6579.3753       1.0414088
       6579.3927       1.0416080
       6579.4101       1.0417755
       6579.4275       1.0419893
       6579.4449       1.0423573
       6579.4623       1.0429669
       6579.4798       1.0438385
       6579.4972       1.0449046
       6579.5146       1.0460227
       6579.5320       1.0470162
       6579.5494       1.0477286
       6579.5668       1.0480688
       6579.5842       1.0480347
       6579.6016       1.0477073
       6579.6190       1.0472190
       6579.6364       1.0467096
       6579.6539       1.0462821
       6579.6713       1.0459792
       6579.6887       1.0457852
       6579.7061       1.0456471
       6579.7235       1.0455041
       6579.7409       1.0453116
       6579.7583       1.0450521
       6579.7757       1.0447334
       6579.7931       1.0443771
       6579.8105       1.0440073
       6579.8280       1.0436442
       6579.8454       1.0433037
       6579.8628       1.0429999
       6579.8802       1.0427459
       6579.8976       1.0425495
       6579.9150       1.0424040
       6579.9324       1.0422800
       6579.9498       1.0421235
       6579.9672       1.0418618
       6579.9846       1.0414169
       6580.0021       1.0407178
       6580.0195       1.0397115
       6580.0369       1.0383682
       6580.0543       1.0366840
       6580.0717       1.0346839
       6580.0891       1.0324237
       6580.1065       1.0299894
       6580.1239       1.0274918
       6580.1413       1.0250549
       6580.1587       1.0228017
       6580.1762       1.0208420
       6580.1936       1.0192665
       6580.2110       1.0181470
       6580.2284       1.0175417
       6580.2458       1.0174974
       6580.2632       1.0180483
       6580.2806       1.0192098
       6580.2980       1.0209586
       6580.3154       1.0232267
       6580.3328       1.0258945
       6580.3503       1.0287908
       6580.3677       1.0317041
       6580.3851       1.0344054
       6580.4025       1.0366824
       6580.4199       1.0383769
       6580.4373       1.0394169
       6580.4547       1.0398293
       6580.4721       1.0397278
       6580.4895       1.0392806
       6580.5069       1.0386702
       6580.5244       1.0380610
       6580.5418       1.0375823
       6580.5592       1.0373243
       6580.5766       1.0373377
       6580.5940       1.0376328
       6580.6114       1.0381769
       6580.6288       1.0389006
       6580.6462       1.0397155
       6580.6636       1.0405416
       6580.6811       1.0413309
       6580.6985       1.0420740
       6580.7159       1.0427842
       6580.7333       1.0434683
       6580.7507       1.0441004
       6580.7681       1.0446146
       6580.7855       1.0449208
       6580.8029       1.0449342
       6580.8203       1.0446041
       6580.8377       1.0439295
       6580.8552       1.0429569
       6580.8726       1.0417666
       6580.8900       1.0404548
       6580.9074       1.0391212
       6580.9248       1.0378623
       6580.9422       1.0367686
       6580.9596       1.0359177
       6580.9770       1.0353672
       6580.9944       1.0351427
       6581.0118       1.0352267
       6581.0293       1.0355558
       6581.0467       1.0360273
       6581.0641       1.0365131
       6581.0815       1.0368776
       6581.0989       1.0369961
       6581.1163       1.0367714
       6581.1337       1.0361503
       6581.1511       1.0351374
       6581.1685       1.0338045
       6581.1859       1.0322890
       6581.2034       1.0307774
       6581.2208       1.0294716
       6581.2382       1.0285452
       6581.2556       1.0281018
       6581.2730       1.0281499
       6581.2904       1.0286052
       6581.3078       1.0293209
       6581.3252       1.0301354
       6581.3426       1.0309211
       6581.3600       1.0316156
       6581.3775       1.0322244
       6581.3949       1.0327959
       6581.4123       1.0333803
       6581.4297       1.0339935
       6581.4471       1.0346031
       6581.4645       1.0351460
       6581.4819       1.0355658
       6581.4993       1.0358520
       6581.5167       1.0360555
       6581.5341       1.0362700
       6581.5516       1.0365908
       6581.5690       1.0370694
       6581.5864       1.0376905
       6581.6038       1.0383756
       6581.6212       1.0390162
       6581.6386       1.0395077
       6581.6560       1.0397736
       6581.6734       1.0397747
       6581.6908       1.0395083
       6581.7083       1.0390032
       6581.7257       1.0383173
       6581.7431       1.0375343
       6581.7605       1.0367564
       6581.7779       1.0360884
       6581.7953       1.0356176
       6581.8127       1.0353912
       6581.8301       1.0354010
       6581.8475       1.0355775
       6581.8649       1.0357986
       6581.8824       1.0359107
       6581.8998       1.0357620
       6581.9172       1.0352429
       6581.9346       1.0343231
       6581.9520       1.0330737
       6581.9694       1.0316633
       6581.9868       1.0303234
       6582.0042       1.0292916
       6582.0216       1.0287490
       6582.0390       1.0287733
       6582.0565       1.0293215
       6582.0739       1.0302463
       6582.0913       1.0313402
       6582.1087       1.0323932
       6582.1261       1.0332471
       6582.1435       1.0338310
       6582.1609       1.0341673
       6582.1783       1.0343461
       6582.1957       1.0344776
       6582.2131       1.0346409
       6582.2306       1.0348509
       6582.2480       1.0350540
       6582.2654       1.0351559
       6582.2828       1.0350656
       6582.3002       1.0347346
       6582.3176       1.0341823
       6582.3350       1.0334976
       6582.3524       1.0328206
       6582.3698       1.0323084
       6582.3872       1.0320949
       6582.4047       1.0322535
       6582.4221       1.0327758
       6582.4395       1.0335738
       6582.4569       1.0345058
       6582.4743       1.0354178
       6582.4917       1.0361833
       6582.5091       1.0367260
       6582.5265       1.0370197
       6582.5439       1.0370724
       6582.5613       1.0369090
       6582.5788       1.0365663
       6582.5962       1.0360997
       6582.6136       1.0355938
       6582.6310       1.0351583
       6582.6484       1.0349025
       6582.6658       1.0348948
       6582.6832       1.0351251
       6582.7006       1.0354928
       6582.7180       1.0358305
       6582.7355       1.0359586
       6582.7529       1.0357510
       6582.7703       1.0351853
       6582.7877       1.0343582
       6582.8051       1.0334614
       6582.8225       1.0327278
       6582.8399       1.0323704
       6582.8573       1.0325345
       6582.8747       1.0332747
       6582.8921       1.0345593
       6582.9096       1.0362794
       6582.9270       1.0382827
       6582.9444       1.0403949
       6582.9618       1.0424447
       6582.9792       1.0442901
       6582.9966       1.0458447
       6583.0140       1.0470926
       6583.0314       1.0480878
       6583.0488       1.0489326
       6583.0662       1.0497412
       6583.0837       1.0506003
       6583.1011       1.0515406
       6583.1185       1.0525275
       6583.1359       1.0534756
       6583.1533       1.0542808
       6583.1707       1.0548590
       6583.1881       1.0551755
       6583.2055       1.0552549
       6583.2229       1.0551652
       6583.2403       1.0549851
       6583.2578       1.0547671
       6583.2752       1.0545164
       6583.2926       1.0541929
       6583.3100       1.0537348
       6583.3274       1.0530903
       6583.3448       1.0522417
       6583.3622       1.0512131
       6583.3796       1.0500595
       6583.3970       1.0488461
       6583.4144       1.0476240
       6583.4319       1.0464101
       6583.4493       1.0451756
       6583.4667       1.0438475
       6583.4841       1.0423276
       6583.5015       1.0405288
       6583.5189       1.0384199
       6583.5363       1.0360604
       6583.5537       1.0336108
       6583.5711       1.0312972
       6583.5885       1.0293472
       6583.6060       1.0279219
       6583.6234       1.0270683
       6583.6408       1.0267086
       6583.6582       1.0266670
       6583.6756       1.0267204
       6583.6930       1.0266559
       6583.7104       1.0263206
       6583.7278       1.0256582
       6583.7452       1.0247261
       6583.7626       1.0236869
       6583.7801       1.0227739
       6583.7975       1.0222314
       6583.8149       1.0222461
       6583.8323       1.0228910
       6583.8497       1.0241008
       6583.8671       1.0256877
       6583.8845       1.0273922
       6583.9019       1.0289510
       6583.9193       1.0301603
       6583.9368       1.0309195
       6583.9542       1.0312448
       6583.9716       1.0312533
       6583.9890       1.0311239
       6584.0064       1.0310463
       6584.0238       1.0311713
       6584.0412       1.0315746
       6584.0586       1.0322415
       6584.0760       1.0330765
       6584.0934       1.0339333
       6584.1109       1.0346571
       6584.1283       1.0351289
       6584.1457       1.0352996
       6584.1631       1.0352058
       6584.1805       1.0349601
       6584.1979       1.0347186
       6584.2153       1.0346279
       6584.2327       1.0347738
       6584.2501       1.0351469
       6584.2675       1.0356377
       6584.2850       1.0360600
       6584.3024       1.0361967
       6584.3198       1.0358503
       6584.3372       1.0348849
       6584.3546       1.0332534
       6584.3720       1.0310086
       6584.3894       1.0282998
       6584.4068       1.0253543
       6584.4242       1.0224430
       6584.4416       1.0198333
       6584.4591       1.0177410
       6584.4765       1.0162954
       6584.4939       1.0155301
       6584.5113       1.0154000
       6584.5287       1.0158136
       6584.5461       1.0166634
       6584.5635       1.0178416
       6584.5809       1.0192399
       6584.5983       1.0207430
       6584.6157       1.0222286
       6584.6332       1.0235819
       6584.6506       1.0247235
       6584.6680       1.0256339
       6584.6854       1.0263612
       6584.7028       1.0270026
       6584.7202       1.0276664
       6584.7376       1.0284317
       6584.7550       1.0293254
       6584.7724       1.0303236
       6584.7898       1.0313723
       6584.8073       1.0324100
       6584.8247       1.0333785
       6584.8421       1.0342188
       6584.8595       1.0348657
       6584.8769       1.0352499
       6584.8943       1.0353144
       6584.9117       1.0350392
       6584.9291       1.0344605
       6584.9465       1.0336723
       6584.9640       1.0328061
       6584.9814       1.0319986
       6584.9988       1.0313560
