# Angstrom [air],  flux [abs.cor.cont.sub+1]
       6544.9926       1.0209026
       6545.0100       1.0204152
       6545.0274       1.0200080
       6545.0448       1.0196772
       6545.0622       1.0194262
       6545.0797       1.0192731
       6545.0971       1.0192494
       6545.1145       1.0193894
       6545.1319       1.0197125
       6545.1493       1.0202115
       6545.1667       1.0208539
       6545.1841       1.0215970
       6545.2015       1.0224078
       6545.2189       1.0232762
       6545.2363       1.0242111
       6545.2538       1.0252210
       6545.2712       1.0262916
       6545.2886       1.0273773
       6545.3060       1.0284162
       6545.3234       1.0293627
       6545.3408       1.0302218
       6545.3582       1.0310682
       6545.3756       1.0320405
       6545.3930       1.0333149
       6545.4104       1.0350692
       6545.4279       1.0374512
       6545.4453       1.0405561
       6545.4627       1.0444216
       6545.4801       1.0490377
       6545.4975       1.0543729
       6545.5149       1.0604063
       6545.5323       1.0671542
       6545.5497       1.0746735
       6545.5671       1.0830370
       6545.5846       1.0922850
       6545.6020       1.1023749
       6545.6194       1.1131506
       6545.6368       1.1243470
       6545.6542       1.1356276
       6545.6716       1.1466389
       6545.6890       1.1570631
       6545.7064       1.1666525
       6545.7238       1.1752393
       6545.7412       1.1827207
       6545.7587       1.1890280
       6545.7761       1.1940902
       6545.7935       1.1978061
       6545.8109       1.2000337
       6545.8283       1.2006041
       6545.8457       1.1993537
       6545.8631       1.1961620
       6545.8805       1.1909857
       6545.8979       1.1838748
       6545.9153       1.1749702
       6545.9328       1.1644816
       6545.9502       1.1526561
       6545.9676       1.1397445
       6545.9850       1.1259759
       6546.0024       1.1115433
       6546.0198       1.0966010
       6546.0372       1.0812707
       6546.0546       1.0656547
       6546.0720       1.0498520
       6546.0894       1.0339750
       6546.1069       1.0181603
       6546.1243       1.0025720
       6546.1417      0.98739472
       6546.1591      0.97282174
       6546.1765      0.95904446
       6546.1939      0.94624616
       6546.2113      0.93459954
       6546.2287      0.92426404
       6546.2461      0.91538028
       6546.2636      0.90806341
       6546.2810      0.90240056
       6546.2984      0.89845519
       6546.3158      0.89627580
       6546.3332      0.89590075
       6546.3506      0.89735124
       6546.3680      0.90061003
       6546.3854      0.90559207
       6546.4028      0.91211854
       6546.4202      0.91991004
       6546.4377      0.92858460
       6546.4551      0.93770904
       6546.4725      0.94685299
       6546.4899      0.95564456
       6546.5073      0.96381526
       6546.5247      0.97121646
       6546.5421      0.97780192
       6546.5595      0.98358556
       6546.5769      0.98859645
       6546.5943      0.99285540
       6546.6118      0.99638609
       6546.6292      0.99925320
       6546.6466       1.0016018
       6546.6640       1.0036681
       6546.6814       1.0057446
       6546.6988       1.0081071
       6546.7162       1.0109319
       6546.7336       1.0142379
       6546.7510       1.0178766
       6546.7684       1.0215722
       6546.7859       1.0249950
       6546.8033       1.0278398
       6546.8207       1.0298882
       6546.8381       1.0310409
       6546.8555       1.0313205
       6546.8729       1.0308553
       6546.8903       1.0298527
       6546.9077       1.0285708
       6546.9251       1.0272875
       6546.9426       1.0262630
       6546.9600       1.0256947
       6546.9774       1.0256744
       6546.9948       1.0261622
       6547.0122       1.0269936
       6547.0296       1.0279230
       6547.0470       1.0286922
       6547.0644       1.0290993
       6547.0818       1.0290467
       6547.0992       1.0285597
       6547.1167       1.0277554
       6547.1341       1.0268000
       6547.1515       1.0258595
       6547.1689       1.0250615
       6547.1863       1.0244774
       6547.2037       1.0241254
       6547.2211       1.0239868
       6547.2385       1.0240268
       6547.2559       1.0242086
       6547.2733       1.0245002
       6547.2908       1.0248750
       6547.3082       1.0253129
       6547.3256       1.0258053
       6547.3430       1.0263628
       6547.3604       1.0270185
       6547.3778       1.0278194
       6547.3952       1.0288045
       6547.4126       1.0299763
       6547.4300       1.0312793
       6547.4474       1.0325997
       6547.4649       1.0337917
       6547.4823       1.0347227
       6547.4997       1.0353198
       6547.5171       1.0355969
       6547.5345       1.0356495
       6547.5519       1.0356205
       6547.5693       1.0356507
       6547.5867       1.0358390
       6547.6041       1.0362268
       6547.6216       1.0368072
       6547.6390       1.0375502
       6547.6564       1.0384244
       6547.6738       1.0394037
       6547.6912       1.0404612
       6547.7086       1.0415559
       6547.7260       1.0426242
       6547.7434       1.0435844
       6547.7608       1.0443514
       6547.7782       1.0448573
       6547.7957       1.0450709
       6547.8131       1.0450101
       6547.8305       1.0447433
       6547.8479       1.0443769
       6547.8653       1.0440306
       6547.8827       1.0438071
       6547.9001       1.0437635
       6547.9175       1.0438952
       6547.9349       1.0441346
       6547.9523       1.0443670
       6547.9698       1.0444583
       6547.9872       1.0442868
       6548.0046       1.0437704
       6548.0220       1.0428825
       6548.0394       1.0416534
       6548.0568       1.0401571
       6548.0742       1.0384927
       6548.0916       1.0367680
       6548.1090       1.0350901
       6548.1264       1.0335630
       6548.1439       1.0322824
       6548.1613       1.0313223
       6548.1787       1.0307134
       6548.1961       1.0304260
       6548.2135       1.0303713
       6548.2309       1.0304316
       6548.2483       1.0305105
       6548.2657       1.0305827
       6548.2831       1.0307152
       6548.3006       1.0310443
       6548.3180       1.0317157
       6548.3354       1.0328135
       6548.3528       1.0343100
       6548.3702       1.0360598
       6548.3876       1.0378368
       6548.4050       1.0394022
       6548.4224       1.0405685
       6548.4398       1.0412398
       6548.4572       1.0414228
       6548.4747       1.0412136
       6548.4921       1.0407678
       6548.5095       1.0402651
       6548.5269       1.0398746
       6548.5443       1.0397273
       6548.5617       1.0398984
       6548.5791       1.0404038
       6548.5965       1.0412084
       6548.6139       1.0422445
       6548.6313       1.0434318
       6548.6488       1.0446948
       6548.6662       1.0459717
       6548.6836       1.0472156
       6548.7010       1.0483910
       6548.7184       1.0494723
       6548.7358       1.0504442
       6548.7532       1.0513054
       6548.7706       1.0520719
       6548.7880       1.0527744
       6548.8054       1.0534505
       6548.8229       1.0541317
       6548.8403       1.0548327
       6548.8577       1.0555446
       6548.8751       1.0562353
       6548.8925       1.0568524
       6548.9099       1.0573291
       6548.9273       1.0575891
       6548.9447       1.0575548
       6548.9621       1.0571608
       6548.9796       1.0563706
       6548.9970       1.0551934
       6549.0144       1.0536935
       6549.0318       1.0519860
       6549.0492       1.0502217
       6549.0666       1.0485577
       6549.0840       1.0471307
       6549.1014       1.0460345
       6549.1188       1.0453063
       6549.1362       1.0449234
       6549.1537       1.0448127
       6549.1711       1.0448675
       6549.1885       1.0449687
       6549.2059       1.0450051
       6549.2233       1.0448881
       6549.2407       1.0445640
       6549.2581       1.0440218
       6549.2755       1.0432961
       6549.2929       1.0424610
       6549.3103       1.0416099
       6549.3278       1.0408275
       6549.3452       1.0401643
       6549.3626       1.0396275
       6549.3800       1.0391953
       6549.3974       1.0388437
       6549.4148       1.0385697
       6549.4322       1.0383930
       6549.4496       1.0383342
       6549.4670       1.0383842
       6549.4844       1.0384878
       6549.5019       1.0385567
       6549.5193       1.0385085
       6549.5367       1.0383128
       6549.5541       1.0380172
       6549.5715       1.0377398
       6549.5889       1.0376296
       6549.6063       1.0378169
       6549.6237       1.0383733
       6549.6411       1.0392995
       6549.6586       1.0405380
       6549.6760       1.0420030
       6549.6934       1.0436061
       6549.7108       1.0452737
       6549.7282       1.0469471
       6549.7456       1.0485705
       6549.7630       1.0500762
       6549.7804       1.0513760
       6549.7978       1.0523614
       6549.8152       1.0529136
       6549.8327       1.0529213
       6549.8501       1.0523028
       6549.8675       1.0510295
       6549.8849       1.0491451
       6549.9023       1.0467755
       6549.9197       1.0441214
       6549.9371       1.0414307
       6549.9545       1.0389562
       6549.9719       1.0369094
       6549.9893       1.0354263
       6550.0068       1.0345592
       6550.0242       1.0342924
       6550.0416       1.0345735
       6550.0590       1.0353395
       6550.0764       1.0365275
       6550.0938       1.0380660
       6550.1112       1.0398598
       6550.1286       1.0417820
       6550.1460       1.0436815
       6550.1635       1.0454052
       6550.1809       1.0468251
       6550.1983       1.0478591
       6550.2157       1.0484830
       6550.2331       1.0487293
       6550.2505       1.0486771
       6550.2679       1.0484324
       6550.2853       1.0481011
       6550.3027       1.0477611
       6550.3201       1.0474414
       6550.3376       1.0471172
       6550.3550       1.0467245
       6550.3724       1.0461929
       6550.3898       1.0454799
       6550.4072       1.0445969
       6550.4246       1.0436152
       6550.4420       1.0426502
       6550.4594       1.0418318
       6550.4768       1.0412707
       6550.4942       1.0410351
       6550.5117       1.0411429
       6550.5291       1.0415690
       6550.5465       1.0422630
       6550.5639       1.0431655
       6550.5813       1.0442195
       6550.5987       1.0453701
       6550.6161       1.0465588
       6550.6335       1.0477159
       6550.6509       1.0487621
       6550.6683       1.0496204
       6550.6858       1.0502376
       6550.7032       1.0506030
       6550.7206       1.0507543
       6550.7380       1.0507649
       6550.7554       1.0507192
       6550.7728       1.0506879
       6550.7902       1.0507167
       6550.8076       1.0508330
       6550.8250       1.0510613
       6550.8425       1.0514372
       6550.8599       1.0520064
       6550.8773       1.0528078
       6550.8947       1.0538483
       6550.9121       1.0550813
       6550.9295       1.0564022
       6550.9469       1.0576662
       6550.9643       1.0587269
       6550.9817       1.0594817
       6550.9991       1.0599133
       6551.0166       1.0600999
       6551.0340       1.0601866
       6551.0514       1.0603314
       6551.0688       1.0606415
       6551.0862       1.0611288
       6551.1036       1.0617062
       6551.1210       1.0622276
       6551.1384       1.0625531
       6551.1558       1.0626106
       6551.1732       1.0624265
       6551.1907       1.0621142
       6551.2081       1.0618275
       6551.2255       1.0616979
       6551.2429       1.0617825
       6551.2603       1.0620405
       6551.2777       1.0623476
       6551.2951       1.0625445
       6551.3125       1.0624993
       6551.3299       1.0621581
       6551.3473       1.0615608
       6551.3648       1.0608155
       6551.3822       1.0600442
       6551.3996       1.0593284
       6551.4170       1.0586823
       6551.4344       1.0580641
       6551.4518       1.0574153
       6551.4692       1.0567039
       6551.4866       1.0559497
       6551.5040       1.0552221
       6551.5215       1.0546194
       6551.5389       1.0542441
       6551.5563       1.0541864
       6551.5737       1.0545159
       6551.5911       1.0552737
       6551.6085       1.0564576
       6551.6259       1.0580014
       6551.6433       1.0597615
       6551.6607       1.0615268
       6551.6781       1.0630651
       6551.6956       1.0641810
       6551.7130       1.0647691
       6551.7304       1.0648373
       6551.7478       1.0644894
       6551.7652       1.0638793
       6551.7826       1.0631589
       6551.8000       1.0624450
       6551.8174       1.0618121
       6551.8348       1.0613051
       6551.8522       1.0609530
       6551.8697       1.0607727
       6551.8871       1.0607600
       6551.9045       1.0608795
       6551.9219       1.0610641
       6551.9393       1.0612269
       6551.9567       1.0612781
       6551.9741       1.0611373
       6551.9915       1.0607349
       6552.0089       1.0600118
       6552.0263       1.0589224
       6552.0438       1.0574512
       6552.0612       1.0556334
       6552.0786       1.0535718
       6552.0960       1.0514369
       6552.1134       1.0494487
       6552.1308       1.0478432
       6552.1482       1.0468323
       6552.1656       1.0465641
       6552.1830       1.0470936
       6552.2005       1.0483711
       6552.2179       1.0502562
       6552.2353       1.0525552
       6552.2527       1.0550680
       6552.2701       1.0576272
       6552.2875       1.0601123
       6552.3049       1.0624418
       6552.3223       1.0645521
       6552.3397       1.0663827
       6552.3571       1.0678777
       6552.3746       1.0690010
       6552.3920       1.0697517
       6552.4094       1.0701661
       6552.4268       1.0703061
       6552.4442       1.0702393
       6552.4616       1.0700239
       6552.4790       1.0697067
       6552.4964       1.0693338
       6552.5138       1.0689662
       6552.5312       1.0686878
       6552.5487       1.0686014
       6552.5661       1.0688109
       6552.5835       1.0694005
       6552.6009       1.0704156
       6552.6183       1.0718529
       6552.6357       1.0736594
       6552.6531       1.0757409
       6552.6705       1.0779771
       6552.6879       1.0802433
       6552.7053       1.0824319
       6552.7228       1.0844675
       6552.7402       1.0863109
       6552.7576       1.0879485
       6552.7750       1.0893757
       6552.7924       1.0905828
       6552.8098       1.0915521
       6552.8272       1.0922633
       6552.8446       1.0926998
       6552.8620       1.0928464
       6552.8795       1.0926804
       6552.8969       1.0921643
       6552.9143       1.0912535
       6552.9317       1.0899200
       6552.9491       1.0881836
       6552.9665       1.0861327
       6552.9839       1.0839122
       6553.0013       1.0816946
       6553.0187       1.0796423
       6553.0361       1.0778775
       6553.0536       1.0764706
       6553.0710       1.0754418
       6553.0884       1.0747736
       6553.1058       1.0744255
       6553.1232       1.0743506
       6553.1406       1.0745104
       6553.1580       1.0748797
       6553.1754       1.0754387
       6553.1928       1.0761493
       6553.2102       1.0769277
       6553.2277       1.0776319
       6553.2451       1.0780789
       6553.2625       1.0780933
       6553.2799       1.0775718
       6553.2973       1.0765319
       6553.3147       1.0751224
       6553.3321       1.0735868
       6553.3495       1.0721975
       6553.3669       1.0711880
       6553.3843       1.0707106
       6553.4018       1.0708271
       6553.4192       1.0715230
       6553.4366       1.0727283
       6553.4540       1.0743307
       6553.4714       1.0761845
       6553.4888       1.0781190
       6553.5062       1.0799553
       6553.5236       1.0815304
       6553.5410       1.0827219
       6553.5585       1.0834679
       6553.5759       1.0837771
       6553.5933       1.0837252
       6553.6107       1.0834483
       6553.6281       1.0831094
       6553.6455       1.0828676
       6553.6629       1.0828486
       6553.6803       1.0831286
       6553.6977       1.0837366
       6553.7151       1.0846693
       6553.7326       1.0859079
       6553.7500       1.0874234
       6553.7674       1.0891684
       6553.7848       1.0910645
       6553.8022       1.0929979
       6553.8196       1.0948335
       6553.8370       1.0964445
       6553.8544       1.0977441
       6553.8718       1.0987034
       6553.8892       1.0993447
       6553.9067       1.0997141
       6553.9241       1.0998467
       6553.9415       1.0997425
       6553.9589       1.0993655
       6553.9763       1.0986643
       6553.9937       1.0976058
       6554.0111       1.0962056
       6554.0285       1.0945435
       6554.0459       1.0927595
       6554.0633       1.0910321
       6554.0808       1.0895444
       6554.0982       1.0884482
       6554.1156       1.0878312
       6554.1330       1.0876970
       6554.1504       1.0879604
       6554.1678       1.0884621
       6554.1852       1.0890003
       6554.2026       1.0893740
       6554.2200       1.0894278
       6554.2375       1.0890859
       6554.2549       1.0883708
       6554.2723       1.0873965
       6554.2897       1.0863310
       6554.3071       1.0853537
       6554.3245       1.0846089
       6554.3419       1.0841725
       6554.3593       1.0840393
       6554.3767       1.0841358
       6554.3941       1.0843511
       6554.4116       1.0845759
       6554.4290       1.0847337
       6554.4464       1.0847963
       6554.4638       1.0847784
       6554.4812       1.0847204
       6554.4986       1.0846702
       6554.5160       1.0846745
       6554.5334       1.0847808
       6554.5508       1.0850398
       6554.5682       1.0855009
       6554.5857       1.0861949
       6554.6031       1.0871159
       6554.6205       1.0882184
       6554.6379       1.0894390
       6554.6553       1.0907376
       6554.6727       1.0921334
       6554.6901       1.0937118
       6554.7075       1.0955921
       6554.7249       1.0978707
       6554.7423       1.1005705
       6554.7598       1.1036261
       6554.7772       1.1069118
       6554.7946       1.1102950
       6554.8120       1.1136877
       6554.8294       1.1170697
       6554.8468       1.1204768
       6554.8642       1.1239641
       6554.8816       1.1275632
       6554.8990       1.1312517
       6554.9165       1.1349389
       6554.9339       1.1384815
       6554.9513       1.1417092
       6554.9687       1.1444572
       6554.9861       1.1465953
       6555.0035       1.1480467
       6555.0209       1.1487931
       6555.0383       1.1488656
       6555.0557       1.1483254
       6555.0731       1.1472428
       6555.0906       1.1456799
       6555.1080       1.1436831
       6555.1254       1.1412829
       6555.1428       1.1384989
       6555.1602       1.1353459
       6555.1776       1.1318416
       6555.1950       1.1280154
       6555.2124       1.1239173
       6555.2298       1.1196246
       6555.2472       1.1152377
       6555.2647       1.1108629
       6555.2821       1.1065862
       6555.2995       1.1024465
       6555.3169       1.0984267
       6555.3343       1.0944683
       6555.3517       1.0905100
       6555.3691       1.0865321
       6555.3865       1.0825879
       6555.4039       1.0788030
       6555.4213       1.0753418
       6555.4388       1.0723538
       6555.4562       1.0699232
       6555.4736       1.0680427
       6555.4910       1.0666215
       6555.5084       1.0655225
       6555.5258       1.0646141
       6555.5432       1.0638153
       6555.5606       1.0631206
       6555.5780       1.0625953
       6555.5955       1.0623478
       6555.6129       1.0624893
       6555.6303       1.0630964
       6555.6477       1.0641855
       6555.6651       1.0657054
       6555.6825       1.0675469
       6555.6999       1.0695633
       6555.7173       1.0715951
       6555.7347       1.0734914
       6555.7521       1.0751256
       6555.7696       1.0764055
       6555.7870       1.0772815
       6555.8044       1.0777542
       6555.8218       1.0778829
       6555.8392       1.0777876
       6555.8566       1.0776378
       6555.8740       1.0776230
       6555.8914       1.0779083
       6555.9088       1.0785862
       6555.9262       1.0796453
       6555.9437       1.0809687
       6555.9611       1.0823689
       6555.9785       1.0836462
       6555.9959       1.0846488
       6556.0133       1.0853122
       6556.0307       1.0856673
       6556.0481       1.0858187
       6556.0655       1.0859087
       6556.0829       1.0860780
       6556.1003       1.0864318
       6556.1178       1.0870154
       6556.1352       1.0878003
       6556.1526       1.0886915
       6556.1700       1.0895574
       6556.1874       1.0902794
       6556.2048       1.0908008
       6556.2222       1.0911588
       6556.2396       1.0914664
       6556.2570       1.0918677
       6556.2745       1.0924820
       6556.2919       1.0933636
       6556.3093       1.0944937
       6556.3267       1.0957988
       6556.3441       1.0971803
       6556.3615       1.0985369
       6556.3789       1.0997737
       6556.3963       1.1008024
       6556.4137       1.1015439
       6556.4311       1.1019383
       6556.4486       1.1019604
       6556.4660       1.1016314
       6556.4834       1.1010168
       6556.5008       1.1002085
       6556.5182       1.0992939
       6556.5356       1.0983242
       6556.5530       1.0972920
       6556.5704       1.0961279
       6556.5878       1.0947203
       6556.6052       1.0929545
       6556.6227       1.0907631
       6556.6401       1.0881712
       6556.6575       1.0853233
       6556.6749       1.0824796
       6556.6923       1.0799802
       6556.7097       1.0781851
       6556.7271       1.0774039
       6556.7445       1.0778332
       6556.7619       1.0795146
       6556.7793       1.0823191
       6556.7968       1.0859601
       6556.8142       1.0900324
       6556.8316       1.0940713
       6556.8490       1.0976222
       6556.8664       1.1003216
       6556.8838       1.1019602
       6556.9012       1.1025066
       6556.9186       1.1020995
       6556.9360       1.1010026
       6556.9535       1.0995365
       6556.9709       1.0980087
       6556.9883       1.0966627
       6557.0057       1.0956570
       6557.0231       1.0950719
       6557.0405       1.0949337
       6557.0579       1.0952370
       6557.0753       1.0959554
       6557.0927       1.0970365
       6557.1101       1.0983923
       6557.1276       1.0998955
       6557.1450       1.1013919
       6557.1624       1.1027305
       6557.1798       1.1037995
       6557.1972       1.1045583
       6557.2146       1.1050498
       6557.2320       1.1053910
       6557.2494       1.1057420
       6557.2668       1.1062633
       6557.2842       1.1070718
       6557.3017       1.1082075
       6557.3191       1.1096214
       6557.3365       1.1111879
       6557.3539       1.1127382
       6557.3713       1.1141049
       6557.3887       1.1151628
       6557.4061       1.1158547
       6557.4235       1.1161954
       6557.4409       1.1162562
       6557.4583       1.1161347
       6557.4758       1.1159216
       6557.4932       1.1156744
       6557.5106       1.1154061
       6557.5280       1.1150927
       6557.5454       1.1146962
       6557.5628       1.1141924
       6557.5802       1.1135929
       6557.5976       1.1129541
       6557.6150       1.1123695
       6557.6325       1.1119487
       6557.6499       1.1117870
       6557.6673       1.1119354
       6557.6847       1.1123803
       6557.7021       1.1130409
       6557.7195       1.1137901
       6557.7369       1.1144919
       6557.7543       1.1150452
       6557.7717       1.1154163
       6557.7891       1.1156477
       6557.8066       1.1158405
       6557.8240       1.1161178
       6557.8414       1.1165826
       6557.8588       1.1172840
       6557.8762       1.1182005
       6557.8936       1.1192422
       6557.9110       1.1202728
       6557.9284       1.1211443
       6557.9458       1.1217365
       6557.9632       1.1219903
       6557.9807       1.1219212
       6557.9981       1.1216078
       6558.0155       1.1211590
       6558.0329       1.1206740
       6558.0503       1.1202135
       6558.0677       1.1197962
       6558.0851       1.1194193
       6558.1025       1.1190897
       6558.1199       1.1188450
       6558.1373       1.1187487
       6558.1548       1.1188611
       6558.1722       1.1191965
       6558.1896       1.1196991
       6558.2070       1.1202500
       6558.2244       1.1207055
       6558.2418       1.1209512
       6558.2592       1.1209480
       6558.2766       1.1207488
       6558.2940       1.1204798
       6558.3115       1.1202959
       6558.3289       1.1203282
       6558.3463       1.1206444
       6558.3637       1.1212345
       6558.3811       1.1220218
       6558.3985       1.1228945
       6558.4159       1.1237447
       6558.4333       1.1245061
       6558.4507       1.1251802
       6558.4681       1.1258443
       6558.4856       1.1266355
       6558.5030       1.1277110
       6558.5204       1.1291960
       6558.5378       1.1311335
       6558.5552       1.1334578
       6558.5726       1.1360017
       6558.5900       1.1385362
       6558.6074       1.1408281
       6558.6248       1.1426949
       6558.6422       1.1440410
       6558.6597       1.1448673
       6558.6771       1.1452570
       6558.6945       1.1453451
       6558.7119       1.1452830
       6558.7293       1.1452061
       6558.7467       1.1452113
       6558.7641       1.1453486
       6558.7815       1.1456300
       6558.7989       1.1460518
       6558.8163       1.1466244
       6558.8338       1.1473970
       6558.8512       1.1484617
       6558.8686       1.1499326
       6558.8860       1.1519031
       6558.9034       1.1543983
       6558.9208       1.1573451
       6558.9382       1.1605795
       6558.9556       1.1638915
       6558.9730       1.1670922
       6558.9905       1.1700720
       6559.0079       1.1728232
       6559.0253       1.1754162
       6559.0427       1.1779435
       6559.0601       1.1804577
       6559.0775       1.1829351
       6559.0949       1.1852778
       6559.1123       1.1873494
       6559.1297       1.1890235
       6559.1471       1.1902230
       6559.1646       1.1909362
       6559.1820       1.1912082
       6559.1994       1.1911171
       6559.2168       1.1907454
       6559.2342       1.1901568
       6559.2516       1.1893799
       6559.2690       1.1883989
       6559.2864       1.1871508
       6559.3038       1.1855303
       6559.3212       1.1834052
       6559.3387       1.1806432
       6559.3561       1.1771478
       6559.3735       1.1728929
       6559.3909       1.1679465
       6559.4083       1.1624718
       6559.4257       1.1567028
       6559.4431       1.1509002
       6559.4605       1.1453032
       6559.4779       1.1400914
       6559.4953       1.1353740
       6559.5128       1.1312074
       6559.5302       1.1276262
       6559.5476       1.1246704
       6559.5650       1.1223964
       6559.5824       1.1208690
       6559.5998       1.1201419
       6559.6172       1.1202369
       6559.6346       1.1211328
       6559.6520       1.1227651
       6559.6695       1.1250351
       6559.6869       1.1278236
       6559.7043       1.1310045
       6559.7217       1.1344561
       6559.7391       1.1380694
       6559.7565       1.1417537
       6559.7739       1.1454416
       6559.7913       1.1490944
       6559.8087       1.1527090
       6559.8261       1.1563228
       6559.8436       1.1600132
       6559.8610       1.1638844
       6559.8784       1.1680409
       6559.8958       1.1725545
       6559.9132       1.1774322
       6559.9306       1.1826003
       6559.9480       1.1879081
       6559.9654       1.1931541
       6559.9828       1.1981271
       6560.0002       1.2026515
       6560.0177       1.2066237
       6560.0351       1.2100267
       6560.0525       1.2129190
       6560.0699       1.2154016
       6560.0873       1.2175759
       6560.1047       1.2195087
       6560.1221       1.2212169
       6560.1395       1.2226765
       6560.1569       1.2238497
       6560.1743       1.2247224
       6560.1918       1.2253367
       6560.2092       1.2258058
       6560.2266       1.2263040
       6560.2440       1.2270295
       6560.2614       1.2281516
       6560.2788       1.2297576
       6560.2962       1.2318176
       6560.3136       1.2341830
       6560.3310       1.2366180
       6560.3485       1.2388597
       6560.3659       1.2406873
       6560.3833       1.2419825
       6560.4007       1.2427619
       6560.4181       1.2431710
       6560.4355       1.2434419
       6560.4529       1.2438254
       6560.4703       1.2445200
       6560.4877       1.2456180
       6560.5051       1.2470867
       6560.5226       1.2487873
       6560.5400       1.2505241
       6560.5574       1.2521043
       6560.5748       1.2533914
       6560.5922       1.2543334
       6560.6096       1.2549655
       6560.6270       1.2553897
       6560.6444       1.2557452
       6560.6618       1.2561802
       6560.6792       1.2568343
       6560.6967       1.2578344
       6560.7141       1.2592998
       6560.7315       1.2613514
       6560.7489       1.2641135
       6560.7663       1.2677119
       6560.7837       1.2722354
       6560.8011       1.2777232
       6560.8185       1.2841364
       6560.8359       1.2913446
       6560.8533       1.2991319
       6560.8708       1.3072233
       6560.8882       1.3153271
       6560.9056       1.3231848
       6560.9230       1.3306165
       6560.9404       1.3375497
       6560.9578       1.3440254
       6560.9752       1.3501805
       6560.9926       1.3562104
       6561.0100       1.3623210
       6561.0275       1.3686800
       6561.0449       1.3753785
       6561.0623       1.3824126
       6561.0797       1.3896935
       6561.0971       1.3970821
       6561.1145       1.4044422
       6561.1319       1.4116935
       6561.1493       1.4188492
       6561.1667       1.4260279
       6561.1841       1.4334382
       6561.2016       1.4413429
       6561.2190       1.4500109
       6561.2364       1.4596679
       6561.2538       1.4704511
       6561.2712       1.4823771
       6561.2886       1.4953313
       6561.3060       1.5090862
       6561.3234       1.5233477
       6561.3408       1.5378186
       6561.3582       1.5522599
       6561.3757       1.5665284
       6561.3931       1.5805834
       6561.4105       1.5944633
       6561.4279       1.6082573
       6561.4453       1.6220770
       6561.4627       1.6360431
       6561.4801       1.6502873
       6561.4975       1.6649523
       6561.5149       1.6801804
       6561.5323       1.6960904
       6561.5498       1.7127515
       6561.5672       1.7301663
       6561.5846       1.7482687
       6561.6020       1.7669374
       6561.6194       1.7860145
       6561.6368       1.8053256
       6561.6542       1.8246963
       6561.6716       1.8439688
       6561.6890       1.8630192
       6561.7065       1.8817718
       6561.7239       1.9002024
       6561.7413       1.9183260
       6561.7587       1.9361700
       6561.7761       1.9537439
       6561.7935       1.9710177
       6561.8109       1.9879175
       6561.8283       2.0043414
       6561.8457       2.0201847
       6561.8631       2.0353672
       6561.8806       2.0498507
       6561.8980       2.0636417
       6561.9154       2.0767829
       6561.9328       2.0893379
       6561.9502       2.1013832
       6561.9676       2.1130097
       6561.9850       2.1243329
       6562.0024       2.1354970
       6562.0198       2.1466615
       6562.0372       2.1579626
       6562.0547       2.1694634
       6562.0721       2.1811141
       6562.0895       2.1927356
       6562.1069       2.2040661
       6562.1243       2.2148256
       6562.1417       2.2247919
       6562.1591       2.2338610
       6562.1765       2.2420742
       6562.1939       2.2496076
       6562.2113       2.2567312
       6562.2288       2.2637545
       6562.2462       2.2709707
       6562.2636       2.2786149
       6562.2810       2.2868395
       6562.2984       2.2957077
       6562.3158       2.3052025
       6562.3332       2.3152479
       6562.3506       2.3257346
       6562.3680       2.3365459
       6562.3855       2.3475742
       6562.4029       2.3587262
       6562.4203       2.3699208
       6562.4377       2.3810918
       6562.4551       2.3922042
       6562.4725       2.4032833
       6562.4899       2.4144455
       6562.5073       2.4259072
       6562.5247       2.4379585
       6562.5421       2.4508993
       6562.5596       2.4649534
       6562.5770       2.4801893
       6562.5944       2.4964745
       6562.6118       2.5134814
       6562.6292       2.5307439
       6562.6466       2.5477493
       6562.6640       2.5640344
       6562.6814       2.5792537
       6562.6988       2.5931973
       6562.7162       2.6057494
       6562.7337       2.6168279
       6562.7511       2.6263070
       6562.7685       2.6339777
       6562.7859       2.6395672
       6562.8033       2.6427990
       6562.8207       2.6434688
       6562.8381       2.6414979
       6562.8555       2.6369376
       6562.8729       2.6299180
       6562.8903       2.6205624
       6562.9078       2.6089056
       6562.9252       2.5948529
       6562.9426       2.5782057
       6562.9600       2.5587446
       6562.9774       2.5363392
       6562.9948       2.5110430
       6563.0122       2.4831383
       6563.0296       2.4531162
       6563.0470       2.4216057
       6563.0645       2.3892741
       6563.0819       2.3567314
       6563.0993       2.3244612
       6563.1167       2.2927888
       6563.1341       2.2618871
       6563.1515       2.2318112
       6563.1689       2.2025487
       6563.1863       2.1740696
       6563.2037       2.1463641
       6563.2211       2.1194580
       6563.2386       2.0934080
       6563.2560       2.0682832
       6563.2734       2.0441461
       6563.2908       2.0210429
       6563.3082       1.9990048
       6563.3256       1.9780550
       6563.3430       1.9582142
       6563.3604       1.9394989
       6563.3778       1.9219100
       6563.3952       1.9054084
       6563.4127       1.8899177
       6563.4301       1.8753216
       6563.4475       1.8614783
       6563.4649       1.8482412
       6563.4823       1.8354803
       6563.4997       1.8230966
       6563.5171       1.8110283
       6563.5345       1.7992500
       6563.5519       1.7877676
       6563.5693       1.7766122
       6563.5868       1.7658349
       6563.6042       1.7554991
       6563.6216       1.7456740
       6563.6390       1.7364274
       6563.6564       1.7278219
       6563.6738       1.7199165
       6563.6912       1.7127684
       6563.7086       1.7064296
       6563.7260       1.7009315
       6563.7435       1.6962560
       6563.7609       1.6923055
       6563.7783       1.6888849
       6563.7957       1.6857102
       6563.8131       1.6824448
       6563.8305       1.6787496
       6563.8479       1.6743285
       6563.8653       1.6689560
       6563.8827       1.6624828
       6563.9001       1.6548287
       6563.9176       1.6459722
       6563.9350       1.6359456
       6563.9524       1.6248328
       6563.9698       1.6127656
       6563.9872       1.5999127
       6564.0046       1.5864622
       6564.0220       1.5726000
       6564.0394       1.5585009
       6564.0568       1.5443148
       6564.0742       1.5301699
       6564.0917       1.5161808
       6564.1091       1.5024559
       6564.1265       1.4891019
       6564.1439       1.4762207
       6564.1613       1.4638970
       6564.1787       1.4521744
       6564.1961       1.4410275
       6564.2135       1.4303405
       6564.2309       1.4199072
       6564.2483       1.4094608
       6564.2658       1.3987332
       6564.2832       1.3875267
       6564.3006       1.3757775
       6564.3180       1.3635860
       6564.3354       1.3512057
       6564.3528       1.3389926
       6564.3702       1.3273312
       6564.3876       1.3165612
       6564.4050       1.3069210
       6564.4225       1.2985184
       6564.4399       1.2913272
       6564.4573       1.2852031
       6564.4747       1.2799125
       6564.4921       1.2751677
       6564.5095       1.2706688
       6564.5269       1.2661445
       6564.5443       1.2613889
       6564.5617       1.2562843
       6564.5791       1.2508083
       6564.5966       1.2450254
       6564.6140       1.2390666
       6564.6314       1.2331033
       6564.6488       1.2273167
       6564.6662       1.2218669
       6564.6836       1.2168628
       6564.7010       1.2123387
       6564.7184       1.2082579
       6564.7358       1.2045279
       6564.7532       1.2010322
       6564.7707       1.1976662
       6564.7881       1.1943677
       6564.8055       1.1911320
       6564.8229       1.1880098
       6564.8403       1.1850876
       6564.8577       1.1824568
       6564.8751       1.1801835
       6564.8925       1.1782903
       6564.9099       1.1767556
       6564.9273       1.1755329
       6564.9448       1.1745781
       6564.9622       1.1738728
       6564.9796       1.1734327
       6564.9970       1.1732973
       6565.0144       1.1735057
       6565.0318       1.1740661
       6565.0492       1.1749307
       6565.0666       1.1759826
       6565.0840       1.1770417
       6565.1015       1.1778911
       6565.1189       1.1783202
       6565.1363       1.1781729
       6565.1537       1.1773836
       6565.1711       1.1759897
       6565.1885       1.1741172
       6565.2059       1.1719474
       6565.2233       1.1696817
       6565.2407       1.1675142
       6565.2581       1.1656148
       6565.2756       1.1641180
       6565.2930       1.1631085
       6565.3104       1.1626057
       6565.3278       1.1625547
       6565.3452       1.1628224
       6565.3626       1.1632295
       6565.3800       1.1635845
       6565.3974       1.1637191
       6565.4148       1.1635134
       6565.4322       1.1629067
       6565.4497       1.1618971
       6565.4671       1.1605369
       6565.4845       1.1589280
       6565.5019       1.1572145
       6565.5193       1.1555703
       6565.5367       1.1541772
       6565.5541       1.1531970
       6565.5715       1.1527421
       6565.5889       1.1528536
       6565.6063       1.1534932
       6565.6238       1.1545507
       6565.6412       1.1558686
       6565.6586       1.1572731
       6565.6760       1.1586062
       6565.6934       1.1597466
       6565.7108       1.1606185
       6565.7282       1.1611883
       6565.7456       1.1614546
       6565.7630       1.1614395
       6565.7805       1.1611829
       6565.7979       1.1607394
       6565.8153       1.1601757
       6565.8327       1.1595651
       6565.8501       1.1589768
       6565.8675       1.1584619
       6565.8849       1.1580372
       6565.9023       1.1576751
       6565.9197       1.1573037
       6565.9371       1.1568229
       6565.9546       1.1561340
       6565.9720       1.1551741
       6565.9894       1.1539433
       6566.0068       1.1525107
       6566.0242       1.1509920
       6566.0416       1.1495169
       6566.0590       1.1481955
       6566.0764       1.1470999
       6566.0938       1.1462636
       6566.1112       1.1456938
       6566.1287       1.1453855
       6566.1461       1.1453265
       6566.1635       1.1454939
       6566.1809       1.1458444
       6566.1983       1.1463070
       6566.2157       1.1467843
       6566.2331       1.1471635
       6566.2505       1.1473365
       6566.2679       1.1472250
       6566.2853       1.1468041
       6566.3028       1.1461180
       6566.3202       1.1452821
       6566.3376       1.1444658
       6566.3550       1.1438580
       6566.3724       1.1436214
       6566.3898       1.1438483
       6566.4072       1.1445329
       6566.4246       1.1455720
       6566.4420       1.1467958
       6566.4595       1.1480170
       6566.4769       1.1490797
       6566.4943       1.1498886
       6566.5117       1.1504084
       6566.5291       1.1506389
       6566.5465       1.1505788
       6566.5639       1.1501990
       6566.5813       1.1494372
       6566.5987       1.1482197
       6566.6161       1.1465014
       6566.6336       1.1443053
       6566.6510       1.1417573
       6566.6684       1.1390694
       6566.6858       1.1365073
       6566.7032       1.1343363
       6566.7206       1.1327676
       6566.7380       1.1319168
       6566.7554       1.1317817
       6566.7728       1.1322389
       6566.7902       1.1330588
       6566.8077       1.1339412
       6566.8251       1.1345728
       6566.8425       1.1346985
       6566.8599       1.1341867
       6566.8773       1.1330658
       6566.8947       1.1315122
       6566.9121       1.1297932
       6566.9295       1.1281866
       6566.9469       1.1269074
       6566.9643       1.1260686
       6566.9818       1.1256834
       6566.9992       1.1256968
       6567.0166       1.1260255
       6567.0340       1.1265847
       6567.0514       1.1272949
       6567.0688       1.1280722
       6567.0862       1.1288168
       6567.1036       1.1294116
       6567.1210       1.1297376
       6567.1385       1.1297000
       6567.1559       1.1292552
       6567.1733       1.1284267
       6567.1907       1.1273012
       6567.2081       1.1260084
       6567.2255       1.1246877
       6567.2429       1.1234538
       6567.2603       1.1223700
       6567.2777       1.1214362
       6567.2951       1.1205933
       6567.3126       1.1197479
       6567.3300       1.1188041
       6567.3474       1.1176960
       6567.3648       1.1164110
       6567.3822       1.1150004
       6567.3996       1.1135759
       6567.4170       1.1122929
       6567.4344       1.1113265
       6567.4518       1.1108439
       6567.4692       1.1109791
       6567.4867       1.1118111
       6567.5041       1.1133473
       6567.5215       1.1155115
       6567.5389       1.1181377
       6567.5563       1.1209770
       6567.5737       1.1237202
       6567.5911       1.1260407
       6567.6085       1.1276514
       6567.6259       1.1283624
       6567.6433       1.1281243
       6567.6608       1.1270442
       6567.6782       1.1253688
       6567.6956       1.1234368
       6567.7130       1.1216107
       6567.7304       1.1202043
       6567.7478       1.1194246
       6567.7652       1.1193419
       6567.7826       1.1198953
       6567.8000       1.1209261
       6567.8175       1.1222249
       6567.8349       1.1235755
       6567.8523       1.1247843
       6567.8697       1.1256934
       6567.8871       1.1261846
       6567.9045       1.1261829
       6567.9219       1.1256648
       6567.9393       1.1246703
       6567.9567       1.1233164
       6567.9741       1.1217803
       6567.9916       1.1202754
       6568.0090       1.1190124
       6568.0264       1.1181585
       6568.0438       1.1178068
       6568.0612       1.1179601
       6568.0786       1.1185341
       6568.0960       1.1193750
       6568.1134       1.1202894
       6568.1308       1.1210813
       6568.1482       1.1215892
       6568.1657       1.1217149
       6568.1831       1.1214385
       6568.2005       1.1208165
       6568.2179       1.1199635
       6568.2353       1.1190254
       6568.2527       1.1181494
       6568.2701       1.1174594
       6568.2875       1.1170417
       6568.3049       1.1169418
       6568.3223       1.1171670
       6568.3398       1.1176913
       6568.3572       1.1184602
       6568.3746       1.1193984
       6568.3920       1.1204280
       6568.4094       1.1214971
       6568.4268       1.1226115
       6568.4442       1.1238532
       6568.4616       1.1253705
       6568.4790       1.1273395
       6568.4965       1.1299103
       6568.5139       1.1331616
       6568.5313       1.1370813
       6568.5487       1.1415776
       6568.5661       1.1465108
       6568.5835       1.1517283
       6568.6009       1.1570922
       6568.6183       1.1624939
       6568.6357       1.1678551
       6568.6531       1.1731233
       6568.6706       1.1782620
       6568.6880       1.1832407
       6568.7054       1.1880216
       6568.7228       1.1925479
       6568.7402       1.1967332
       6568.7576       1.2004558
       6568.7750       1.2035621
       6568.7924       1.2058805
       6568.8098       1.2072425
       6568.8272       1.2075065
       6568.8447       1.2065749
       6568.8621       1.2044002
       6568.8795       1.2009814
       6568.8969       1.1963553
       6568.9143       1.1905911
       6568.9317       1.1837897
       6568.9491       1.1760885
       6568.9665       1.1676657
       6568.9839       1.1587360
       6569.0014       1.1495386
       6569.0188       1.1403165
       6569.0362       1.1312967
       6569.0536       1.1226752
       6569.0710       1.1146071
       6569.0884       1.1071990
       6569.1058       1.1004969
       6569.1232       1.0944733
       6569.1406       1.0890207
       6569.1580       1.0839627
       6569.1755       1.0790906
       6569.1929       1.0742191
       6569.2103       1.0692447
       6569.2277       1.0641845
       6569.2451       1.0591810
       6569.2625       1.0544645
       6569.2799       1.0502813
       6569.2973       1.0468284
       6569.3147       1.0442088
       6569.3321       1.0424241
       6569.3496       1.0414036
       6569.3670       1.0410503
       6569.3844       1.0412820
       6569.4018       1.0420502
       6569.4192       1.0433358
       6569.4366       1.0451324
       6569.4540       1.0474317
       6569.4714       1.0502217
       6569.4888       1.0534925
       6569.5062       1.0572403
       6569.5237       1.0614582
       6569.5411       1.0661147
       6569.5585       1.0711290
       6569.5759       1.0763586
       6569.5933       1.0816079
       6569.6107       1.0866563
       6569.6281       1.0912916
       6569.6455       1.0953358
       6569.6629       1.0986567
       6569.6804       1.1011681
       6569.6978       1.1028275
       6569.7152       1.1036392
       6569.7326       1.1036617
       6569.7500       1.1030150
       6569.7674       1.1018796
       6569.7848       1.1004816
       6569.8022       1.0990638
       6569.8196       1.0978480
       6569.8370       1.0969959
       6569.8545       1.0965822
       6569.8719       1.0965891
       6569.8893       1.0969267
       6569.9067       1.0974672
       6569.9241       1.0980908
       6569.9415       1.0987094
       6569.9589       1.0992685
       6569.9763       1.0997322
       6569.9937       1.1000659
       6570.0111       1.1002296
       6570.0286       1.1001860
       6570.0460       1.0999156
       6570.0634       1.0994288
       6570.0808       1.0987696
       6570.0982       1.0980105
       6570.1156       1.0972441
       6570.1330       1.0965740
       6570.1504       1.0961025
       6570.1678       1.0959148
       6570.1852       1.0960613
       6570.2027       1.0965426
       6570.2201       1.0973051
       6570.2375       1.0982497
       6570.2549       1.0992511
       6570.2723       1.1001818
       6570.2897       1.1009325
       6570.3071       1.1014246
       6570.3245       1.1016115
       6570.3419       1.1014732
       6570.3594       1.1010087
       6570.3768       1.1002347
       6570.3942       1.0991921
       6570.4116       1.0979583
       6570.4290       1.0966527
       6570.4464       1.0954264
       6570.4638       1.0944321
       6570.4812       1.0937811
       6570.4986       1.0935073
       6570.5160       1.0935531
       6570.5335       1.0937887
       6570.5509       1.0940541
       6570.5683       1.0942131
       6570.5857       1.0941874
       6570.6031       1.0939622
       6570.6205       1.0935666
       6570.6379       1.0930435
       6570.6553       1.0924270
       6570.6727       1.0917362
       6570.6901       1.0909837
       6570.7076       1.0901859
       6570.7250       1.0893647
       6570.7424       1.0885385
       6570.7598       1.0877081
       6570.7772       1.0868521
       6570.7946       1.0859370
       6570.8120       1.0849394
       6570.8294       1.0838710
       6570.8468       1.0827912
       6570.8642       1.0818031
       6570.8817       1.0810308
       6570.8991       1.0805860
       6570.9165       1.0805357
       6570.9339       1.0808791
       6570.9513       1.0815450
       6570.9687       1.0824106
       6570.9861       1.0833364
       6571.0035       1.0842053
       6571.0209       1.0849510
       6571.0384       1.0855651
       6571.0558       1.0860807
       6571.0732       1.0865404
       6571.0906       1.0869633
       6571.1080       1.0873232
       6571.1254       1.0875489
       6571.1428       1.0875451
       6571.1602       1.0872274
       6571.1776       1.0865598
       6571.1950       1.0855789
       6571.2125       1.0844037
       6571.2299       1.0832048
       6571.2473       1.0821637
       6571.2647       1.0814240
       6571.2821       1.0810563
       6571.2995       1.0810480
       6571.3169       1.0813230
       6571.3343       1.0817776
       6571.3517       1.0823161
       6571.3691       1.0828686
       6571.3866       1.0833874
       6571.4040       1.0838276
       6571.4214       1.0841284
       6571.4388       1.0842066
       6571.4562       1.0839687
       6571.4736       1.0833368
       6571.4910       1.0822779
       6571.5084       1.0808253
       6571.5258       1.0790845
       6571.5432       1.0772194
       6571.5607       1.0754238
       6571.5781       1.0738870
       6571.5955       1.0727603
       6571.6129       1.0721351
       6571.6303       1.0720355
       6571.6477       1.0724245
       6571.6651       1.0732204
       6571.6825       1.0743157
       6571.6999       1.0755922
       6571.7174       1.0769308
       6571.7348       1.0782183
       6571.7522       1.0793556
       6571.7696       1.0802702
       6571.7870       1.0809281
       6571.8044       1.0813390
       6571.8218       1.0815485
       6571.8392       1.0816176
       6571.8566       1.0816024
       6571.8740       1.0815396
       6571.8915       1.0814459
       6571.9089       1.0813298
       6571.9263       1.0812032
       6571.9437       1.0810857
       6571.9611       1.0810006
       6571.9785       1.0809642
       6571.9959       1.0809802
       6572.0133       1.0810435
       6572.0307       1.0811559
       6572.0481       1.0813446
       6572.0656       1.0816719
       6572.0830       1.0822264
       6572.1004       1.0830942
       6572.1178       1.0843197
       6572.1352       1.0858728
       6572.1526       1.0876393
       6572.1700       1.0894411
       6572.1874       1.0910838
       6572.2048       1.0924137
       6572.2222       1.0933637
       6572.2397       1.0939702
       6572.2571       1.0943541
       6572.2745       1.0946729
       6572.2919       1.0950659
       6572.3093       1.0956105
       6572.3267       1.0963070
       6572.3441       1.0970909
       6572.3615       1.0978629
       6572.3789       1.0985201
       6572.3964       1.0989771
       6572.4138       1.0991706
       6572.4312       1.0990549
       6572.4486       1.0985950
       6572.4660       1.0977646
       6572.4834       1.0965500
       6572.5008       1.0949548
       6572.5182       1.0930069
       6572.5356       1.0907527
       6572.5530       1.0882539
       6572.5705       1.0855844
       6572.5879       1.0828294
       6572.6053       1.0800836
       6572.6227       1.0774449
       6572.6401       1.0749999
       6572.6575       1.0728049
       6572.6749       1.0708699
       6572.6923       1.0691565
       6572.7097       1.0675936
       6572.7271       1.0661069
       6572.7446       1.0646493
       6572.7620       1.0632179
       6572.7794       1.0618491
       6572.7968       1.0605964
       6572.8142       1.0595002
       6572.8316       1.0585669
       6572.8490       1.0577663
       6572.8664       1.0570488
       6572.8838       1.0563742
       6572.9012       1.0557391
       6572.9187       1.0551889
       6572.9361       1.0548095
       6572.9535       1.0547000
       6572.9709       1.0549386
       6572.9883       1.0555541
       6573.0057       1.0565146
       6573.0231       1.0577367
       6573.0405       1.0591091
       6573.0579       1.0605203
       6573.0754       1.0618779
       6573.0928       1.0631142
       6573.1102       1.0641770
       6573.1276       1.0650159
       6573.1450       1.0655737
       6573.1624       1.0657969
       6573.1798       1.0656585
       6573.1972       1.0651833
       6573.2146       1.0644640
       6573.2320       1.0636500
       6573.2495       1.0629114
       6573.2669       1.0623893
       6573.2843       1.0621562
       6573.3017       1.0622032
       6573.3191       1.0624584
       6573.3365       1.0628277
       6573.3539       1.0632346
       6573.3713       1.0636431
       6573.3887       1.0640534
       6573.4061       1.0644781
       6573.4236       1.0649146
       6573.4410       1.0653308
       6573.4584       1.0656720
       6573.4758       1.0658868
       6573.4932       1.0659555
       6573.5106       1.0659054
       6573.5280       1.0658046
       6573.5454       1.0657360
       6573.5628       1.0657652
       6573.5802       1.0659196
       6573.5977       1.0661886
       6573.6151       1.0665429
       6573.6325       1.0669608
       6573.6499       1.0674457
       6573.6673       1.0680252
       6573.6847       1.0687337
       6573.7021       1.0695892
       6573.7195       1.0705791
       6573.7369       1.0716583
       6573.7544       1.0727612
       6573.7718       1.0738173
       6573.7892       1.0747631
       6573.8066       1.0755499
       6573.8240       1.0761501
       6573.8414       1.0765586
       6573.8588       1.0767927
       6573.8762       1.0768852
       6573.8936       1.0768709
       6573.9110       1.0767703
       6573.9285       1.0765797
       6573.9459       1.0762717
       6573.9633       1.0758074
       6573.9807       1.0751543
       6573.9981       1.0743016
       6574.0155       1.0732662
       6574.0329       1.0720868
       6574.0503       1.0708069
       6574.0677       1.0694545
       6574.0851       1.0680281
       6574.1026       1.0664978
       6574.1200       1.0648235
       6574.1374       1.0629844
       6574.1548       1.0610041
       6574.1722       1.0589584
       6574.1896       1.0569606
       6574.2070       1.0551309
       6574.2244       1.0535652
       6574.2418       1.0523176
       6574.2592       1.0514034
       6574.2767       1.0508167
       6574.2941       1.0505537
       6574.3115       1.0506311
       6574.3289       1.0510944
       6574.3463       1.0520187
       6574.3637       1.0535011
       6574.3811       1.0556432
       6574.3985       1.0585242
       6574.4159       1.0621643
       6574.4334       1.0664926
       6574.4508       1.0713378
       6574.4682       1.0764431
       6574.4856       1.0815307
       6574.5030       1.0863705
       6574.5204       1.0908305
       6574.5378       1.0948881
       6574.5552       1.0985950
       6574.5726       1.1020127
       6574.5900       1.1051481
       6574.6075       1.1079179
       6574.6249       1.1101571
       6574.6423       1.1116637
       6574.6597       1.1122610
       6574.6771       1.1118496
       6574.6945       1.1104315
       6574.7119       1.1081029
       6574.7293       1.1050218
       6574.7467       1.1013680
       6574.7641       1.0973100
       6574.7816       1.0929871
       6574.7990       1.0885094
       6574.8164       1.0839671
       6574.8338       1.0794399
       6574.8512       1.0749977
       6574.8686       1.0706927
       6574.8860       1.0665504
       6574.9034       1.0625687
       6574.9208       1.0587304
       6574.9382       1.0550215
       6574.9557       1.0514456
       6574.9731       1.0480257
       6574.9905       1.0447939
       6575.0079       1.0417768
       6575.0253       1.0389896
       6575.0427       1.0364409
       6575.0601       1.0341439
       6575.0775       1.0321262
       6575.0949       1.0304313
       6575.1124       1.0291135
       6575.1298       1.0282251
       6575.1472       1.0278199
       6575.1646       1.0279529
       6575.1820       1.0286769
       6575.1994       1.0300310
       6575.2168       1.0320170
       6575.2342       1.0345750
       6575.2516       1.0375710
       6575.2690       1.0408077
       6575.2865       1.0440586
       6575.3039       1.0471138
       6575.3213       1.0498214
       6575.3387       1.0521080
       6575.3561       1.0539731
       6575.3735       1.0554631
       6575.3909       1.0566380
       6575.4083       1.0575437
       6575.4257       1.0581975
       6575.4431       1.0585893
       6575.4606       1.0586942
       6575.4780       1.0584902
       6575.4954       1.0579784
       6575.5128       1.0571993
       6575.5302       1.0562420
       6575.5476       1.0552420
       6575.5650       1.0543632
       6575.5824       1.0537658
       6575.5998       1.0535661
       6575.6172       1.0538015
       6575.6347       1.0544143
       6575.6521       1.0552644
       6575.6695       1.0561688
       6575.6869       1.0569540
       6575.7043       1.0574999
       6575.7217       1.0577604
       6575.7391       1.0577526
       6575.7565       1.0575261
       6575.7739       1.0571351
       6575.7914       1.0566192
       6575.8088       1.0560079
       6575.8262       1.0553348
       6575.8436       1.0546443
       6575.8610       1.0539842
       6575.8784       1.0533872
       6575.8958       1.0528579
       6575.9132       1.0523786
       6575.9306       1.0519352
       6575.9480       1.0515494
       6575.9655       1.0512918
       6575.9829       1.0512623
       6576.0003       1.0515392
       6576.0177       1.0521220
       6576.0351       1.0528994
       6576.0525       1.0536630
       6576.0699       1.0541688
       6576.0873       1.0542199
       6576.1047       1.0537365
       6576.1221       1.0527823
       6576.1396       1.0515378
       6576.1570       1.0502343
       6576.1744       1.0490772
       6576.1918       1.0481884
       6576.2092       1.0475869
       6576.2266       1.0472068
       6576.2440       1.0469403
       6576.2614       1.0466856
       6576.2788       1.0463861
       6576.2962       1.0460494
       6576.3137       1.0457456
       6576.3311       1.0455854
       6576.3485       1.0456859
       6576.3659       1.0461308
       6576.3833       1.0469379
       6576.4007       1.0480407
       6576.4181       1.0492904
       6576.4355       1.0504842
       6576.4529       1.0514130
       6576.4704       1.0519094
       6576.4878       1.0518878
       6576.5052       1.0513615
       6576.5226       1.0504337
       6576.5400       1.0492672
       6576.5574       1.0480446
       6576.5748       1.0469317
       6576.5922       1.0460510
       6576.6096       1.0454686
       6576.6270       1.0451911
       6576.6445       1.0451730
       6576.6619       1.0453333
       6576.6793       1.0455801
       6576.6967       1.0458340
       6576.7141       1.0460436
       6576.7315       1.0461836
       6576.7489       1.0462388
       6576.7663       1.0461825
       6576.7837       1.0459660
       6576.8011       1.0455276
       6576.8186       1.0448211
       6576.8360       1.0438495
       6576.8534       1.0426883
       6576.8708       1.0414849
       6576.8882       1.0404313
       6576.9056       1.0397195
       6576.9230       1.0394956
       6576.9404       1.0398241
       6576.9578       1.0406755
       6576.9752       1.0419336
       6576.9927       1.0434215
       6577.0101       1.0449357
       6577.0275       1.0462815
       6577.0449       1.0473029
       6577.0623       1.0478992
       6577.0797       1.0480428
       6577.0971       1.0477693
       6577.1145       1.0471700
       6577.1319       1.0463754
       6577.1494       1.0455319
       6577.1668       1.0447737
       6577.1842       1.0441953
       6577.2016       1.0438360
       6577.2190       1.0436827
       6577.2364       1.0436911
       6577.2538       1.0438138
       6577.2712       1.0440171
       6577.2886       1.0442778
       6577.3060       1.0445637
       6577.3235       1.0448131
       6577.3409       1.0449339
       6577.3583       1.0448271
       6577.3757       1.0444277
       6577.3931       1.0437433
       6577.4105       1.0428696
       6577.4279       1.0419745
       6577.4453       1.0412548
       6577.4627       1.0408791
       6577.4801       1.0409378
       6577.4976       1.0414150
       6577.5150       1.0421927
       6577.5324       1.0430843
       6577.5498       1.0438879
       6577.5672       1.0444385
       6577.5846       1.0446449
       6577.6020       1.0445000
       6577.6194       1.0440661
       6577.6368       1.0434474
       6577.6542       1.0427612
       6577.6717       1.0421183
       6577.6891       1.0416135
       6577.7065       1.0413235
       6577.7239       1.0413004
       6577.7413       1.0415631
       6577.7587       1.0420903
       6577.7761       1.0428173
       6577.7935       1.0436456
       6577.8109       1.0444656
       6577.8284       1.0451833
       6577.8458       1.0457406
       6577.8632       1.0461182
       6577.8806       1.0463230
       6577.8980       1.0463664
       6577.9154       1.0462479
       6577.9328       1.0459516
       6577.9502       1.0454591
       6577.9676       1.0447696
       6577.9850       1.0439199
       6578.0025       1.0429929
       6578.0199       1.0421126
       6578.0373       1.0414257
       6578.0547       1.0410724
       6578.0721       1.0411526
       6578.0895       1.0416941
       6578.1069       1.0426340
       6578.1243       1.0438200
       6578.1417       1.0450390
       6578.1591       1.0460694
       6578.1766       1.0467414
       6578.1940       1.0469843
       6578.2114       1.0468402
       6578.2288       1.0464340
       6578.2462       1.0459131
       6578.2636       1.0453811
       6578.2810       1.0448583
       6578.2984       1.0442861
       6578.3158       1.0435733
       6578.3332       1.0426604
       6578.3507       1.0415712
       6578.3681       1.0404272
       6578.3855       1.0394133
       6578.4029       1.0387087
       6578.4203       1.0384151
       6578.4377       1.0385088
       6578.4551       1.0388350
       6578.4725       1.0391504
       6578.4899       1.0391988
       6578.5074       1.0387939
       6578.5248       1.0378800
       6578.5422       1.0365496
       6578.5596       1.0350126
       6578.5770       1.0335306
       6578.5944       1.0323415
       6578.6118       1.0315991
       6578.6292       1.0313499
       6578.6466       1.0315465
       6578.6640       1.0320884
       6578.6815       1.0328678
       6578.6989       1.0338013
       6578.7163       1.0348370
       6578.7337       1.0359427
       6578.7511       1.0370869
       6578.7685       1.0382291
       6578.7859       1.0393250
       6578.8033       1.0403423
       6578.8207       1.0412756
       6578.8381       1.0421470
       6578.8556       1.0429890
       6578.8730       1.0438158
       6578.8904       1.0445974
       6578.9078       1.0452521
       6578.9252       1.0456631
       6578.9426       1.0457145
       6578.9600       1.0453339
       6578.9774       1.0445221
       6578.9948       1.0433584
       6579.0122       1.0419807
       6579.0297       1.0405487
       6579.0471       1.0392001
       6579.0645       1.0380227
       6579.0819       1.0370460
       6579.0993       1.0362541
       6579.1167       1.0356119
       6579.1341       1.0350942
       6579.1515       1.0347068
       6579.1689       1.0344890
       6579.1864       1.0344998
       6579.2038       1.0347938
       6579.2212       1.0353994
       6579.2386       1.0363075
       6579.2560       1.0374709
       6579.2734       1.0388107
       6579.2908       1.0402261
       6579.3082       1.0416054
       6579.3256       1.0428409
       6579.3430       1.0438489
       6579.3605       1.0445876
       6579.3779       1.0450673
       6579.3953       1.0453436
       6579.4127       1.0454940
       6579.4301       1.0455863
       6579.4475       1.0456498
       6579.4649       1.0456631
       6579.4823       1.0455624
       6579.4997       1.0452688
       6579.5171       1.0447254
       6579.5346       1.0439320
       6579.5520       1.0429638
       6579.5694       1.0419655
       6579.5868       1.0411186
       6579.6042       1.0405916
       6579.6216       1.0404903
       6579.6390       1.0408284
       6579.6564       1.0415294
       6579.6738       1.0424572
       6579.6912       1.0434588
       6579.7087       1.0444067
       6579.7261       1.0452132
       6579.7435       1.0458243
       6579.7609       1.0462021
       6579.7783       1.0463108
       6579.7957       1.0461176
       6579.8131       1.0456079
       6579.8305       1.0448082
       6579.8479       1.0437997
       6579.8654       1.0427127
       6579.8828       1.0417010
       6579.9002       1.0409042
       6579.9176       1.0404128
       6579.9350       1.0402481
       6579.9524       1.0403604
       6579.9698       1.0406437
       6579.9872       1.0409584
       6580.0046       1.0411566
       6580.0220       1.0411057
       6580.0395       1.0407078
       6580.0569       1.0399146
       6580.0743       1.0387340
       6580.0917       1.0372292
       6580.1091       1.0355086
       6580.1265       1.0337103
       6580.1439       1.0319823
       6580.1613       1.0304621
       6580.1787       1.0292565
       6580.1961       1.0284275
       6580.2136       1.0279852
       6580.2310       1.0278930
       6580.2484       1.0280827
       6580.2658       1.0284759
       6580.2832       1.0290037
       6580.3006       1.0296155
       6580.3180       1.0302758
       6580.3354       1.0309494
       6580.3528       1.0315877
       6580.3702       1.0321235
       6580.3877       1.0324799
       6580.4051       1.0325903
       6580.4225       1.0324206
       6580.4399       1.0319839
       6580.4573       1.0313440
       6580.4747       1.0306069
       6580.4921       1.0299045
       6580.5095       1.0293762
       6580.5269       1.0291493
       6580.5444       1.0293227
       6580.5618       1.0299565
       6580.5792       1.0310680
       6580.5966       1.0326361
       6580.6140       1.0346100
       6580.6314       1.0369158
       6580.6488       1.0394557
       6580.6662       1.0421027
       6580.6836       1.0446978
       6580.7010       1.0470610
       6580.7185       1.0490198
       6580.7359       1.0504479
       6580.7533       1.0512965
       6580.7707       1.0516003
       6580.7881       1.0514512
       6580.8055       1.0509519
       6580.8229       1.0501714
       6580.8403       1.0491269
       6580.8577       1.0478011
       6580.8751       1.0461858
       6580.8926       1.0443284
       6580.9100       1.0423561
       6580.9274       1.0404626
       6580.9448       1.0388603
       6580.9622       1.0377198
       6580.9796       1.0371178
       6580.9970       1.0370120
       6581.0144       1.0372708
       6581.0318       1.0377168
       6581.0492       1.0381800
       6581.0667       1.0385348
       6581.0841       1.0387147
       6581.1015       1.0387043
       6581.1189       1.0385208
       6581.1363       1.0381957
       6581.1537       1.0377647
       6581.1711       1.0372678
       6581.1885       1.0367551
       6581.2059       1.0362914
       6581.2234       1.0359503
       6581.2408       1.0357928
       6581.2582       1.0358363
       6581.2756       1.0360262
       6581.2930       1.0362287
       6581.3104       1.0362579
       6581.3278       1.0359317
       6581.3452       1.0351398
       6581.3626       1.0338929
       6581.3800       1.0323322
       6581.3975       1.0306932
       6581.4149       1.0292377
       6581.4323       1.0281817
       6581.4497       1.0276449
       6581.4671       1.0276357
       6581.4845       1.0280674
       6581.5019       1.0287903
       6581.5193       1.0296262
       6581.5367       1.0303960
       6581.5541       1.0309432
       6581.5716       1.0311549
       6581.5890       1.0309815
       6581.6064       1.0304473
       6581.6238       1.0296448
       6581.6412       1.0287148
       6581.6586       1.0278053
       6581.6760       1.0270377
       6581.6934       1.0264841
       6581.7108       1.0261627
       6581.7282       1.0260506
       6581.7457       1.0261076
       6581.7631       1.0263014
       6581.7805       1.0266257
       6581.7979       1.0271054
       6581.8153       1.0277846
       6581.8327       1.0287033
       6581.8501       1.0298685
       6581.8675       1.0312338
       6581.8849       1.0326932
       6581.9024       1.0340949
       6581.9198       1.0352689
       6581.9372       1.0360614
       6581.9546       1.0363646
       6581.9720       1.0361369
       6581.9894       1.0354079
       6582.0068       1.0342701
       6582.0242       1.0328597
       6582.0416       1.0313328
       6582.0590       1.0298435
       6582.0765       1.0285313
       6582.0939       1.0275174
       6582.1113       1.0269054
       6582.1287       1.0267793
       6582.1461       1.0271915
       6582.1635       1.0281417
       6582.1809       1.0295555
       6582.1983       1.0312775
       6582.2157       1.0330860
       6582.2331       1.0347320
       6582.2506       1.0359912
       6582.2680       1.0367073
       6582.2854       1.0368188
       6582.3028       1.0363555
       6582.3202       1.0354009
       6582.3376       1.0340568
       6582.3550       1.0324150
       6582.3724       1.0305527
       6582.3898       1.0285478
       6582.4072       1.0265051
       6582.4247       1.0245735
       6582.4421       1.0229393
       6582.4595       1.0217929
       6582.4769       1.0212799
       6582.4943       1.0214611
       6582.5117       1.0222976
       6582.5291       1.0236709
       6582.5465       1.0254220
       6582.5639       1.0273904
       6582.5814       1.0294353
       6582.5988       1.0314361
       6582.6162       1.0332836
       6582.6336       1.0348771
       6582.6510       1.0361326
       6582.6684       1.0370007
       6582.6858       1.0374821
       6582.7032       1.0376334
       6582.7206       1.0375576
       6582.7380       1.0373835
       6582.7555       1.0372378
       6582.7729       1.0372195
       6582.7903       1.0373814
       6582.8077       1.0377259
       6582.8251       1.0382171
       6582.8425       1.0388037
       6582.8599       1.0394431
       6582.8773       1.0401134
       6582.8947       1.0408084
       6582.9121       1.0415212
       6582.9296       1.0422274
       6582.9470       1.0428851
       6582.9644       1.0434481
       6582.9818       1.0438859
       6582.9992       1.0441973
       6583.0166       1.0444096
       6583.0340       1.0445655
       6583.0514       1.0447092
       6583.0688       1.0448793
       6583.0862       1.0451109
       6583.1037       1.0454394
       6583.1211       1.0458964
       6583.1385       1.0464973
       6583.1559       1.0472239
       6583.1733       1.0480178
       6583.1907       1.0487910
       6583.2081       1.0494557
       6583.2255       1.0499596
       6583.2429       1.0503093
       6583.2604       1.0505685
       6583.2778       1.0508277
       6583.2952       1.0511577
       6583.3126       1.0515663
       6583.3300       1.0519780
       6583.3474       1.0522443
       6583.3648       1.0521814
       6583.3822       1.0516195
       6583.3996       1.0504480
       6583.4170       1.0486441
       6583.4345       1.0462790
       6583.4519       1.0435041
       6583.4693       1.0405195
       6583.4867       1.0375347
       6583.5041       1.0347271
       6583.5215       1.0322104
       6583.5389       1.0300199
       6583.5563       1.0281229
       6583.5737       1.0264489
       6583.5911       1.0249319
       6583.6086       1.0235488
       6583.6260       1.0223356
       6583.6434       1.0213734
       6583.6608       1.0207500
       6583.6782       1.0205167
       6583.6956       1.0206568
       6583.7130       1.0210846
       6583.7304       1.0216716
       6583.7478       1.0222885
       6583.7652       1.0228429
       6583.7827       1.0232982
       6583.8001       1.0236712
       6583.8175       1.0240134
       6583.8349       1.0243884
       6583.8523       1.0248523
       6583.8697       1.0254401
       6583.8871       1.0261574
       6583.9045       1.0269763
       6583.9219       1.0278387
       6583.9394       1.0286682
       6583.9568       1.0293921
       6583.9742       1.0299658
       6583.9916       1.0303927
       6584.0090       1.0307275
       6584.0264       1.0310625
       6584.0438       1.0314991
       6584.0612       1.0321170
       6584.0786       1.0329490
       6584.0960       1.0339714
       6584.1135       1.0351067
       6584.1309       1.0362374
       6584.1483       1.0372250
       6584.1657       1.0379331
       6584.1831       1.0382535
       6584.2005       1.0381308
       6584.2179       1.0375789
       6584.2353       1.0366816
       6584.2527       1.0355782
       6584.2701       1.0344262
       6584.2876       1.0333702
       6584.3050       1.0325183
       6584.3224       1.0319310
       6584.3398       1.0316236
       6584.3572       1.0315784
       6584.3746       1.0317585
       6584.3920       1.0321194
       6584.4094       1.0326130
       6584.4268       1.0331831
       6584.4442       1.0337576
       6584.4617       1.0342464
       6584.4791       1.0345502
       6584.4965       1.0345811
       6584.5139       1.0342849
       6584.5313       1.0336569
       6584.5487       1.0327409
       6584.5661       1.0316164
       6584.5835       1.0303801
       6584.6009       1.0291308
       6584.6184       1.0279612
       6584.6358       1.0269516
       6584.6532       1.0261621
       6584.6706       1.0256192
       6584.6880       1.0253050
       6584.7054       1.0251565
       6584.7228       1.0250836
       6584.7402       1.0250027
       6584.7576       1.0248747
       6584.7750       1.0247303
       6584.7925       1.0246694
       6584.8099       1.0248302
       6584.8273       1.0253394
       6584.8447       1.0262628
       6584.8621       1.0275735
       6584.8795       1.0291519
       6584.8969       1.0308104
       6584.9143       1.0323448
       6584.9317       1.0335802
       6584.9491       1.0344027
       6584.9666       1.0347707
       6584.9840       1.0347067
       6585.0014       1.0342782
