# Angstrom [air],  flux [abs.cor.cont.sub+1]
       6544.9914       1.0241753
       6545.0088       1.0231100
       6545.0262       1.0220685
       6545.0436       1.0212063
       6545.0611       1.0206509
       6545.0785       1.0204582
       6545.0959       1.0205898
       6545.1133       1.0209198
       6545.1307       1.0212815
       6545.1481       1.0215276
       6545.1655       1.0215839
       6545.1829       1.0214769
       6545.2003       1.0213256
       6545.2177       1.0213011
       6545.2352       1.0215717
       6545.2526       1.0222533
       6545.2700       1.0233827
       6545.2874       1.0249210
       6545.3048       1.0267816
       6545.3222       1.0288701
       6545.3396       1.0311206
       6545.3570       1.0335150
       6545.3744       1.0360828
       6545.3918       1.0388855
       6545.4093       1.0419966
       6545.4267       1.0454895
       6545.4441       1.0494377
       6545.4615       1.0539232
       6545.4789       1.0590428
       6545.4963       1.0649007
       6545.5137       1.0715860
       6545.5311       1.0791412
       6545.5485       1.0875362
       6545.5660       1.0966572
       6545.5834       1.1063150
       6545.6008       1.1162682
       6545.6182       1.1262522
       6545.6356       1.1360106
       6545.6530       1.1453224
       6545.6704       1.1540239
       6545.6878       1.1620204
       6545.7052       1.1692803
       6545.7226       1.1758102
       6545.7401       1.1816167
       6545.7575       1.1866685
       6545.7749       1.1908667
       6545.7923       1.1940554
       6545.8097       1.1960448
       6545.8271       1.1966434
       6545.8445       1.1956850
       6545.8619       1.1930403
       6545.8793       1.1886187
       6545.8967       1.1823667
       6545.9142       1.1742699
       6545.9316       1.1643598
       6545.9490       1.1527209
       6545.9664       1.1394931
       6545.9838       1.1248692
       6546.0012       1.1090902
       6546.0186       1.0924418
       6546.0360       1.0752544
       6546.0534       1.0578976
       6546.0708       1.0407643
       6546.0883       1.0242366
       6546.1057       1.0086407
       6546.1231      0.99420546
       6546.1405      0.98104360
       6546.1579      0.96916636
       6546.1753      0.95852563
       6546.1927      0.94906446
       6546.2101      0.94075309
       6546.2275      0.93359754
       6546.2449      0.92762374
       6546.2624      0.92285315
       6546.2798      0.91928795
       6546.2972      0.91691517
       6546.3146      0.91572613
       6546.3320      0.91573708
       6546.3494      0.91699587
       6546.3668      0.91956672
       6546.3842      0.92349689
       6546.4016      0.92878275
       6546.4191      0.93532228
       6546.4365      0.94291210
       6546.4539      0.95125597
       6546.4713      0.95998392
       6546.4887      0.96868493
       6546.5061      0.97694657
       6546.5235      0.98439901
       6546.5409      0.99076033
       6546.5583      0.99587678
       6546.5757      0.99974847
       6546.5932       1.0025300
       6546.6106       1.0045005
       6546.6280       1.0060058
       6546.6454       1.0073885
       6546.6628       1.0089240
       6546.6802       1.0107822
       6546.6976       1.0130197
       6546.7150       1.0155986
       6546.7324       1.0184154
       6546.7498       1.0213293
       6546.7673       1.0241802
       6546.7847       1.0268028
       6546.8021       1.0290407
       6546.8195       1.0307645
       6546.8369       1.0318928
       6546.8543       1.0324086
       6546.8717       1.0323677
       6546.8891       1.0318956
       6546.9065       1.0311731
       6546.9239       1.0304098
       6546.9414       1.0298066
       6546.9588       1.0295133
       6546.9762       1.0295923
       6546.9936       1.0300026
       6547.0110       1.0306138
       6547.0284       1.0312460
       6547.0458       1.0317208
       6547.0632       1.0319042
       6547.0806       1.0317298
       6547.0980       1.0311883
       6547.1155       1.0303076
       6547.1329       1.0291333
       6547.1503       1.0277218
       6547.1677       1.0261470
       6547.1851       1.0245123
       6547.2025       1.0229563
       6547.2199       1.0216424
       6547.2373       1.0207306
       6547.2547       1.0203426
       6547.2722       1.0205349
       6547.2896       1.0212926
       6547.3070       1.0225450
       6547.3244       1.0241940
       6547.3418       1.0261383
       6547.3592       1.0282846
       6547.3766       1.0305436
       6547.3940       1.0328201
       6547.4114       1.0350072
       6547.4288       1.0369907
       6547.4463       1.0386640
       6547.4637       1.0399460
       6547.4811       1.0407962
       6547.4985       1.0412209
       6547.5159       1.0412696
       6547.5333       1.0410217
       6547.5507       1.0405685
       6547.5681       1.0399942
       6547.5855       1.0393620
       6547.6029       1.0387110
       6547.6204       1.0380652
       6547.6378       1.0374544
       6547.6552       1.0369362
       6547.6726       1.0366063
       6547.6900       1.0365890
       6547.7074       1.0370073
       6547.7248       1.0379340
       6547.7422       1.0393607
       6547.7596       1.0411879
       6547.7770       1.0432410
       6547.7945       1.0453075
       6547.8119       1.0471814
       6547.8293       1.0487010
       6547.8467       1.0497717
       6547.8641       1.0503687
       6547.8815       1.0505222
       6547.8989       1.0502893
       6547.9163       1.0497214
       6547.9337       1.0488380
       6547.9511       1.0476140
       6547.9686       1.0459855
       6547.9860       1.0438697
       6548.0034       1.0411903
       6548.0208       1.0379004
       6548.0382       1.0339986
       6548.0556       1.0295417
       6548.0730       1.0246583
       6548.0904       1.0195639
       6548.1078       1.0145691
       6548.1253       1.0100672
       6548.1427       1.0064896
       6548.1601       1.0042302
       6548.1775       1.0035585
       6548.1949       1.0045477
       6548.2123       1.0070438
       6548.2297       1.0106892
       6548.2471       1.0149950
       6548.2645       1.0194417
       6548.2819       1.0235787
       6548.2994       1.0270968
       6548.3168       1.0298539
       6548.3342       1.0318562
       6548.3516       1.0332062
       6548.3690       1.0340496
       6548.3864       1.0345336
       6548.4038       1.0347821
       6548.4212       1.0348964
       6548.4386       1.0349585
       6548.4560       1.0350324
       6548.4735       1.0351620
       6548.4909       1.0353716
       6548.5083       1.0356705
       6548.5257       1.0360603
       6548.5431       1.0365412
       6548.5605       1.0371131
       6548.5779       1.0377700
       6548.5953       1.0384945
       6548.6127       1.0392546
       6548.6301       1.0400077
       6548.6476       1.0407115
       6548.6650       1.0413359
       6548.6824       1.0418716
       6548.6998       1.0423318
       6548.7172       1.0427482
       6548.7346       1.0431635
       6548.7520       1.0436244
       6548.7694       1.0441744
       6548.7868       1.0448439
       6548.8042       1.0456408
       6548.8217       1.0465418
       6548.8391       1.0474918
       6548.8565       1.0484107
       6548.8739       1.0492068
       6548.8913       1.0497895
       6548.9087       1.0500783
       6548.9261       1.0500078
       6548.9435       1.0495340
       6548.9609       1.0486455
       6548.9784       1.0473782
       6548.9958       1.0458268
       6549.0132       1.0441431
       6549.0306       1.0425124
       6549.0480       1.0411109
       6549.0654       1.0400634
       6549.0828       1.0394151
       6549.1002       1.0391298
       6549.1176       1.0391166
       6549.1350       1.0392725
       6549.1525       1.0395207
       6549.1699       1.0398298
       6549.1873       1.0402066
       6549.2047       1.0406700
       6549.2221       1.0412230
       6549.2395       1.0418376
       6549.2569       1.0424589
       6549.2743       1.0430249
       6549.2917       1.0434887
       6549.3091       1.0438313
       6549.3266       1.0440596
       6549.3440       1.0441915
       6549.3614       1.0442401
       6549.3788       1.0442049
       6549.3962       1.0440753
       6549.4136       1.0438439
       6549.4310       1.0435197
       6549.4484       1.0431330
       6549.4658       1.0427269
       6549.4832       1.0423394
       6549.5007       1.0419879
       6549.5181       1.0416658
       6549.5355       1.0413530
       6549.5529       1.0410350
       6549.5703       1.0407164
       6549.5877       1.0404223
       6549.6051       1.0401884
       6549.6225       1.0400480
       6549.6399       1.0400268
       6549.6573       1.0401477
       6549.6748       1.0404370
       6549.6922       1.0409226
       6549.7096       1.0416238
       6549.7270       1.0425341
       6549.7444       1.0436103
       6549.7618       1.0447768
       6549.7792       1.0459415
       6549.7966       1.0470143
       6549.8140       1.0479198
       6549.8315       1.0485997
       6549.8489       1.0490103
       6549.8663       1.0491241
       6549.8837       1.0489373
       6549.9011       1.0484817
       6549.9185       1.0478302
       6549.9359       1.0470915
       6549.9533       1.0463906
       6549.9707       1.0458437
       6549.9881       1.0455364
       6550.0056       1.0455119
       6550.0230       1.0457714
       6550.0404       1.0462800
       6550.0578       1.0469735
       6550.0752       1.0477631
       6550.0926       1.0485408
       6550.1100       1.0491929
       6550.1274       1.0496216
       6550.1448       1.0497730
       6550.1622       1.0496584
       6550.1797       1.0493585
       6550.1971       1.0490053
       6550.2145       1.0487444
       6550.2319       1.0486930
       6550.2493       1.0489054
       6550.2667       1.0493588
       6550.2841       1.0499605
       6550.3015       1.0505725
       6550.3189       1.0510448
       6550.3363       1.0512540
       6550.3538       1.0511298
       6550.3712       1.0506679
       6550.3886       1.0499273
       6550.4060       1.0490104
       6550.4234       1.0480337
       6550.4408       1.0470958
       6550.4582       1.0462557
       6550.4756       1.0455275
       6550.4930       1.0448931
       6550.5104       1.0443266
       6550.5279       1.0438202
       6550.5453       1.0433991
       6550.5627       1.0431217
       6550.5801       1.0430625
       6550.5975       1.0432880
       6550.6149       1.0438325
       6550.6323       1.0446820
       6550.6497       1.0457713
       6550.6671       1.0469924
       6550.6846       1.0482153
       6550.7020       1.0493151
       6550.7194       1.0502003
       6550.7368       1.0508354
       6550.7542       1.0512460
       6550.7716       1.0515066
       6550.7890       1.0517109
       6550.8064       1.0519415
       6550.8238       1.0522498
       6550.8412       1.0526556
       6550.8587       1.0531607
       6550.8761       1.0537635
       6550.8935       1.0544633
       6550.9109       1.0552530
       6550.9283       1.0561096
       6550.9457       1.0569924
       6550.9631       1.0578530
       6550.9805       1.0586544
       6550.9979       1.0593856
       6551.0153       1.0600629
       6551.0328       1.0607171
       6551.0502       1.0613735
       6551.0676       1.0620339
       6551.0850       1.0626696
       6551.1024       1.0632284
       6551.1198       1.0636528
       6551.1372       1.0639027
       6551.1546       1.0639720
       6551.1720       1.0638942
       6551.1894       1.0637333
       6551.2069       1.0635650
       6551.2243       1.0634560
       6551.2417       1.0634482
       6551.2591       1.0635549
       6551.2765       1.0637645
       6551.2939       1.0640496
       6551.3113       1.0643740
       6551.3287       1.0646977
       6551.3461       1.0649785
       6551.3635       1.0651746
       6551.3810       1.0652475
       6551.3984       1.0651622
       6551.4158       1.0648832
       6551.4332       1.0643675
       6551.4506       1.0635623
       6551.4680       1.0624154
       6551.4854       1.0609019
       6551.5028       1.0590604
       6551.5202       1.0570193
       6551.5377       1.0549992
       6551.5551       1.0532798
       6551.5725       1.0521409
       6551.5899       1.0517945
       6551.6073       1.0523312
       6551.6247       1.0536970
       6551.6421       1.0556935
       6551.6595       1.0580377
       6551.6769       1.0604186
       6551.6943       1.0625625
       6551.7118       1.0642838
       6551.7292       1.0655091
       6551.7466       1.0662689
       6551.7640       1.0666619
       6551.7814       1.0668087
       6551.7988       1.0668135
       6551.8162       1.0667479
       6551.8336       1.0666591
       6551.8510       1.0665888
       6551.8684       1.0665863
       6551.8859       1.0667044
       6551.9033       1.0669756
       6551.9207       1.0673827
       6551.9381       1.0678377
       6551.9555       1.0681808
       6551.9729       1.0682013
       6551.9903       1.0676738
       6552.0077       1.0663998
       6552.0251       1.0642458
       6552.0425       1.0611734
       6552.0600       1.0572595
       6552.0774       1.0527060
       6552.0948       1.0478357
       6552.1122       1.0430705
       6552.1296       1.0388863
       6552.1470       1.0357463
       6552.1644       1.0340235
       6552.1818       1.0339282
       6552.1992       1.0354622
       6552.2167       1.0384163
       6552.2341       1.0424123
       6552.2515       1.0469802
       6552.2689       1.0516452
       6552.2863       1.0560036
       6552.3037       1.0597742
       6552.3211       1.0628039
       6552.3385       1.0650540
       6552.3559       1.0665736
       6552.3733       1.0674731
       6552.3908       1.0678987
       6552.4082       1.0680092
       6552.4256       1.0679526
       6552.4430       1.0678475
       6552.4604       1.0677711
       6552.4778       1.0677599
       6552.4952       1.0678191
       6552.5126       1.0679405
       6552.5300       1.0681195
       6552.5474       1.0683694
       6552.5649       1.0687261
       6552.5823       1.0692448
       6552.5997       1.0699888
       6552.6171       1.0710121
       6552.6345       1.0723426
       6552.6519       1.0739674
       6552.6693       1.0758276
       6552.6867       1.0778234
       6552.7041       1.0798322
       6552.7215       1.0817355
       6552.7390       1.0834478
       6552.7564       1.0849398
       6552.7738       1.0862450
       6552.7912       1.0874448
       6552.8086       1.0886335
       6552.8260       1.0898739
       6552.8434       1.0911614
       6552.8608       1.0924149
       6552.8782       1.0935026
       6552.8956       1.0942932
       6552.9131       1.0947085
       6552.9305       1.0947519
       6552.9479       1.0944979
       6552.9653       1.0940457
       6552.9827       1.0934719
       6553.0001       1.0928031
       6553.0175       1.0920217
       6553.0349       1.0910969
       6553.0523       1.0900207
       6553.0698       1.0888264
       6553.0872       1.0875786
       6553.1046       1.0863417
       6553.1220       1.0851434
       6553.1394       1.0839542
       6553.1568       1.0826951
       6553.1742       1.0812706
       6553.1916       1.0796132
       6553.2090       1.0777215
       6553.2264       1.0756770
       6553.2439       1.0736370
       6553.2613       1.0718049
       6553.2787       1.0703846
       6553.2961       1.0695303
       6553.3135       1.0693021
       6553.3309       1.0696441
       6553.3483       1.0703931
       6553.3657       1.0713218
       6553.3831       1.0722033
       6553.4005       1.0728735
       6553.4180       1.0732683
       6553.4354       1.0734250
       6553.4528       1.0734523
       6553.4702       1.0734873
       6553.4876       1.0736589
       6553.5050       1.0740656
       6553.5224       1.0747654
       6553.5398       1.0757710
       6553.5572       1.0770433
       6553.5746       1.0784899
       6553.5921       1.0799752
       6553.6095       1.0813546
       6553.6269       1.0825153
       6553.6443       1.0834115
       6553.6617       1.0840760
       6553.6791       1.0845991
       6553.6965       1.0850874
       6553.7139       1.0856216
       6553.7313       1.0862331
       6553.7487       1.0869059
       6553.7662       1.0875967
       6553.7836       1.0882591
       6553.8010       1.0888613
       6553.8184       1.0893970
       6553.8358       1.0898912
       6553.8532       1.0904013
       6553.8706       1.0910105
       6553.8880       1.0918052
       6553.9054       1.0928389
       6553.9229       1.0940939
       6553.9403       1.0954590
       6553.9577       1.0967397
       6553.9751       1.0976998
       6553.9925       1.0981218
       6554.0099       1.0978654
       6554.0273       1.0969042
       6554.0447       1.0953356
       6554.0621       1.0933639
       6554.0795       1.0912631
       6554.0970       1.0893271
       6554.1144       1.0878125
       6554.1318       1.0868859
       6554.1492       1.0865873
       6554.1666       1.0868231
       6554.1840       1.0873907
       6554.2014       1.0880313
       6554.2188       1.0884924
       6554.2362       1.0885888
       6554.2536       1.0882502
       6554.2711       1.0875299
       6554.2885       1.0865901
       6554.3059       1.0856583
       6554.3233       1.0849660
       6554.3407       1.0846866
       6554.3581       1.0848924
       6554.3755       1.0855435
       6554.3929       1.0865138
       6554.4103       1.0876408
       6554.4277       1.0887813
       6554.4452       1.0898524
       6554.4626       1.0908462
       6554.4800       1.0918156
       6554.4974       1.0928424
       6554.5148       1.0939987
       6554.5322       1.0953155
       6554.5496       1.0967656
       6554.5670       1.0982648
       6554.5844       1.0996916
       6554.6018       1.1009229
       6554.6193       1.1018791
       6554.6367       1.1025654
       6554.6541       1.1030945
       6554.6715       1.1036750
       6554.6889       1.1045632
       6554.7063       1.1059883
       6554.7237       1.1080786
       6554.7411       1.1108170
       6554.7585       1.1140466
       6554.7760       1.1175241
       6554.7934       1.1209994
       6554.8108       1.1242885
       6554.8282       1.1273127
       6554.8456       1.1300947
       6554.8630       1.1327235
       6554.8804       1.1353089
       6554.8978       1.1379414
       6554.9152       1.1406686
       6554.9326       1.1434860
       6554.9501       1.1463329
       6554.9675       1.1490940
       6554.9849       1.1516121
       6555.0023       1.1537173
       6555.0197       1.1552662
       6555.0371       1.1561775
       6555.0545       1.1564465
       6555.0719       1.1561282
       6555.0893       1.1552969
       6555.1067       1.1540028
       6555.1242       1.1522453
       6555.1416       1.1499769
       6555.1590       1.1471302
       6555.1764       1.1436541
       6555.1938       1.1395400
       6555.2112       1.1348311
       6555.2286       1.1296173
       6555.2460       1.1240264
       6555.2634       1.1182170
       6555.2808       1.1123740
       6555.2983       1.1066988
       6555.3157       1.1013881
       6555.3331       1.0966035
       6555.3505       1.0924409
       6555.3679       1.0889135
       6555.3853       1.0859574
       6555.4027       1.0834589
       6555.4201       1.0812953
       6555.4375       1.0793758
       6555.4549       1.0776691
       6555.4724       1.0762112
       6555.4898       1.0750903
       6555.5072       1.0744145
       6555.5246       1.0742745
       6555.5420       1.0747052
       6555.5594       1.0756664
       6555.5768       1.0770500
       6555.5942       1.0787011
       6555.6116       1.0804509
       6555.6291       1.0821525
       6555.6465       1.0837092
       6555.6639       1.0850914
       6555.6813       1.0863375
       6555.6987       1.0875379
       6555.7161       1.0888035
       6555.7335       1.0902264
       6555.7509       1.0918446
       6555.7683       1.0936241
       6555.7857       1.0954660
       6555.8032       1.0972382
       6555.8206       1.0988200
       6555.8380       1.1001423
       6555.8554       1.1012073
       6555.8728       1.1020804
       6555.8902       1.1028558
       6555.9076       1.1036101
       6555.9250       1.1043597
       6555.9424       1.1050402
       6555.9598       1.1055176
       6555.9773       1.1056286
       6555.9947       1.1052414
       6556.0121       1.1043167
       6556.0295       1.1029490
       6556.0469       1.1013686
       6556.0643       1.0998997
       6556.0817       1.0988808
       6556.0991       1.0985733
       6556.1165       1.0990899
       6556.1339       1.1003689
       6556.1514       1.1022045
       6556.1688       1.1043185
       6556.1862       1.1064441
       6556.2036       1.1083978
       6556.2210       1.1101099
       6556.2384       1.1116123
       6556.2558       1.1129979
       6556.2732       1.1143680
       6556.2906       1.1157887
       6556.3080       1.1172672
       6556.3255       1.1187543
       6556.3429       1.1201665
       6556.3603       1.1214138
       6556.3777       1.1224203
       6556.3951       1.1231293
       6556.4125       1.1234964
       6556.4299       1.1234798
       6556.4473       1.1230373
       6556.4647       1.1221331
       6556.4822       1.1207501
       6556.4996       1.1188996
       6556.5170       1.1166207
       6556.5344       1.1139716
       6556.5518       1.1110185
       6556.5692       1.1078299
       6556.5866       1.1044783
       6556.6040       1.1010478
       6556.6214       1.0976378
       6556.6388       1.0943600
       6556.6563       1.0913260
       6556.6737       1.0886366
       6556.6911       1.0863795
       6556.7085       1.0846395
       6556.7259       1.0835166
       6556.7433       1.0831336
       6556.7607       1.0836216
       6556.7781       1.0850765
       6556.7955       1.0875024
       6556.8129       1.0907669
       6556.8304       1.0945946
       6556.8478       1.0986025
       6556.8652       1.1023874
       6556.8826       1.1056111
       6556.9000       1.1080628
       6556.9174       1.1096830
       6556.9348       1.1105458
       6556.9522       1.1108125
       6556.9696       1.1106767
       6556.9870       1.1103176
       6557.0045       1.1098734
       6557.0219       1.1094368
       6557.0393       1.1090663
       6557.0567       1.1088028
       6557.0741       1.1086819
       6557.0915       1.1087351
       6557.1089       1.1089824
       6557.1263       1.1094241
       6557.1437       1.1100389
       6557.1611       1.1107934
       6557.1786       1.1116574
       6557.1960       1.1126189
       6557.2134       1.1136868
       6557.2308       1.1148813
       6557.2482       1.1162140
       6557.2656       1.1176673
       6557.2830       1.1191852
       6557.3004       1.1206792
       6557.3178       1.1220483
       6557.3353       1.1232055
       6557.3527       1.1240998
       6557.3701       1.1247265
       6557.3875       1.1251215
       6557.4049       1.1253440
       6557.4223       1.1254542
       6557.4397       1.1254941
       6557.4571       1.1254759
       6557.4745       1.1253791
       6557.4919       1.1251530
       6557.5094       1.1247274
       6557.5268       1.1240273
       6557.5442       1.1229954
       6557.5616       1.1216200
       6557.5790       1.1199595
       6557.5964       1.1181516
       6557.6138       1.1163962
       6557.6312       1.1149135
       6557.6486       1.1138886
       6557.6660       1.1134247
       6557.6835       1.1135248
       6557.7009       1.1141074
       6557.7183       1.1150483
       6557.7357       1.1162259
       6557.7531       1.1175529
       6557.7705       1.1189827
       6557.7879       1.1204950
       6557.8053       1.1220729
       6557.8227       1.1236849
       6557.8401       1.1252779
       6557.8576       1.1267839
       6557.8750       1.1281318
       6557.8924       1.1292618
       6557.9098       1.1301365
       6557.9272       1.1307495
       6557.9446       1.1311298
       6557.9620       1.1313380
       6557.9794       1.1314516
       6557.9968       1.1315396
       6558.0142       1.1316354
       6558.0317       1.1317203
       6558.0491       1.1317306
       6558.0665       1.1315901
       6558.0839       1.1312558
       6558.1013       1.1307555
       6558.1187       1.1301985
       6558.1361       1.1297518
       6558.1535       1.1295868
       6558.1709       1.1298209
       6558.1884       1.1304802
       6558.2058       1.1314943
       6558.2232       1.1327251
       6558.2406       1.1340158
       6558.2580       1.1352448
       6558.2754       1.1363645
       6558.2928       1.1374139
       6558.3102       1.1385000
       6558.3276       1.1397529
       6558.3450       1.1412690
       6558.3625       1.1430611
       6558.3799       1.1450350
       6558.3973       1.1470027
       6558.4147       1.1487298
       6558.4321       1.1499989
       6558.4495       1.1506684
       6558.4669       1.1507076
       6558.4843       1.1501989
       6558.5017       1.1493110
       6558.5191       1.1482542
       6558.5366       1.1472297
       6558.5540       1.1463877
       6558.5714       1.1457997
       6558.5888       1.1454518
       6558.6062       1.1452596
       6558.6236       1.1451017
       6558.6410       1.1448654
       6558.6584       1.1444939
       6558.6758       1.1440182
       6558.6932       1.1435620
       6558.7107       1.1433136
       6558.7281       1.1434687
       6558.7455       1.1441649
       6558.7629       1.1454302
       6558.7803       1.1471695
       6558.7977       1.1491938
       6558.8151       1.1512923
       6558.8325       1.1533135
       6558.8499       1.1552219
       6558.8674       1.1571085
       6558.8848       1.1591508
       6558.9022       1.1615357
       6558.9196       1.1643769
       6558.9370       1.1676589
       6558.9544       1.1712276
       6558.9718       1.1748313
       6558.9892       1.1781947
       6559.0066       1.1811003
       6559.0240       1.1834496
       6559.0415       1.1852827
       6559.0589       1.1867538
       6559.0763       1.1880696
       6559.0937       1.1894126
       6559.1111       1.1908774
       6559.1285       1.1924378
       6559.1459       1.1939567
       6559.1633       1.1952301
       6559.1807       1.1960473
       6559.1981       1.1962451
       6559.2156       1.1957417
       6559.2330       1.1945449
       6559.2504       1.1927388
       6559.2678       1.1904568
       6559.2852       1.1878478
       6559.3026       1.1850417
       6559.3200       1.1821194
       6559.3374       1.1790960
       6559.3548       1.1759211
       6559.3722       1.1724992
       6559.3897       1.1687243
       6559.4071       1.1645187
       6559.4245       1.1598652
       6559.4419       1.1548205
       6559.4593       1.1495256
       6559.4767       1.1441812
       6559.4941       1.1390263
       6559.5115       1.1343118
       6559.5289       1.1302724
       6559.5463       1.1270999
       6559.5638       1.1249189
       6559.5812       1.1237698
       6559.5986       1.1236015
       6559.6160       1.1242812
       6559.6334       1.1256210
       6559.6508       1.1274190
       6559.6682       1.1295049
       6559.6856       1.1317766
       6559.7030       1.1342156
       6559.7205       1.1368767
       6559.7379       1.1398547
       6559.7553       1.1432407
       6559.7727       1.1470826
       6559.7901       1.1513612
       6559.8075       1.1559889
       6559.8249       1.1608263
       6559.8423       1.1657107
       6559.8597       1.1704876
       6559.8771       1.1750373
       6559.8946       1.1792930
       6559.9120       1.1832469
       6559.9294       1.1869420
       6559.9468       1.1904508
       6559.9642       1.1938478
       6559.9816       1.1971829
       6559.9990       1.2004662
       6560.0164       1.2036694
       6560.0338       1.2067372
       6560.0512       1.2096030
       6560.0687       1.2122003
       6560.0861       1.2144670
       6560.1035       1.2163500
       6560.1209       1.2178134
       6560.1383       1.2188483
       6560.1557       1.2194878
       6560.1731       1.2198171
       6560.1905       1.2199735
       6560.2079       1.2201323
       6560.2253       1.2204793
       6560.2428       1.2211724
       6560.2602       1.2222993
       6560.2776       1.2238450
       6560.2950       1.2256821
       6560.3124       1.2275930
       6560.3298       1.2293230
       6560.3472       1.2306485
       6560.3646       1.2314384
       6560.3820       1.2316873
       6560.3994       1.2315105
       6560.4169       1.2311024
       6560.4343       1.2306756
       6560.4517       1.2304000
       6560.4691       1.2303585
       6560.4865       1.2305319
       6560.5039       1.2308122
       6560.5213       1.2310436
       6560.5387       1.2310793
       6560.5561       1.2308422
       6560.5736       1.2303702
       6560.5910       1.2298275
       6560.6084       1.2294750
       6560.6258       1.2296043
       6560.6432       1.2304583
       6560.6606       1.2321691
       6560.6780       1.2347346
       6560.6954       1.2380404
       6560.7128       1.2419146
       6560.7302       1.2461871
       6560.7477       1.2507321
       6560.7651       1.2554717
       6560.7825       1.2603606
       6560.7999       1.2653531
       6560.8173       1.2703836
       6560.8347       1.2753685
       6560.8521       1.2802259
       6560.8695       1.2848998
       6560.8869       1.2893766
       6560.9043       1.2936885
       6560.9218       1.2979091
       6560.9392       1.3021475
       6560.9566       1.3065410
       6560.9740       1.3112424
       6560.9914       1.3163978
       6561.0088       1.3221144
       6561.0262       1.3284295
       6561.0436       1.3352945
       6561.0610       1.3425819
       6561.0784       1.3501171
       6561.0959       1.3577247
       6561.1133       1.3652762
       6561.1307       1.3727233
       6561.1481       1.3801110
       6561.1655       1.3875658
       6561.1829       1.3952659
       6561.2003       1.4034010
       6561.2177       1.4121321
       6561.2351       1.4215610
       6561.2525       1.4317167
       6561.2700       1.4425606
       6561.2874       1.4540103
       6561.3048       1.4659718
       6561.3222       1.4783721
       6561.3396       1.4911813
       6561.3570       1.5044214
       6561.3744       1.5181607
       6561.3918       1.5325004
       6561.4092       1.5475498
       6561.4267       1.5633986
       6561.4441       1.5800946
       6561.4615       1.5976243
       6561.4789       1.6159092
       6561.4963       1.6348176
       6561.5137       1.6541887
       6561.5311       1.6738584
       6561.5485       1.6936743
       6561.5659       1.7134985
       6561.5833       1.7332012
       6561.6008       1.7526587
       6561.6182       1.7717653
       6561.6356       1.7904627
       6561.6530       1.8087751
       6561.6704       1.8268303
       6561.6878       1.8448494
       6561.7052       1.8630969
       6561.7226       1.8818053
       6561.7400       1.9011019
       6561.7574       1.9209656
       6561.7749       1.9412290
       6561.7923       1.9616187
       6561.8097       1.9818125
       6561.8271       2.0014915
       6561.8445       2.0203732
       6561.8619       2.0382281
       6561.8793       2.0548869
       6561.8967       2.0702470
       6561.9141       2.0842796
       6561.9315       2.0970343
       6561.9490       2.1086374
       6561.9664       2.1192818
       6561.9838       2.1292088
       6562.0012       2.1386854
       6562.0186       2.1479790
       6562.0360       2.1573341
       6562.0534       2.1669534
       6562.0708       2.1769641
       6562.0882       2.1874131
       6562.1056       2.1982523
       6562.1231       2.2093380
       6562.1405       2.2204460
       6562.1579       2.2313076
       6562.1753       2.2416655
       6562.1927       2.2513417
       6562.2101       2.2603002
       6562.2275       2.2686843
       6562.2449       2.2768093
       6562.2623       2.2851069
       6562.2798       2.2940306
       6562.2972       2.3039497
       6562.3146       2.3150622
       6562.3320       2.3273538
       6562.3494       2.3406132
       6562.3668       2.3544984
       6562.3842       2.3686355
       6562.4016       2.3827196
       6562.4190       2.3965925
       6562.4364       2.4102772
       6562.4539       2.4239638
       6562.4713       2.4379521
       6562.4887       2.4525723
       6562.5061       2.4681017
       6562.5235       2.4846992
       6562.5409       2.5023699
       6562.5583       2.5209638
       6562.5757       2.5402064
       6562.5931       2.5597488
       6562.6105       2.5792238
       6562.6280       2.5982909
       6562.6454       2.6166620
       6562.6628       2.6341011
       6562.6802       2.6504051
       6562.6976       2.6653685
       6562.7150       2.6787668
       6562.7324       2.6903395
       6562.7498       2.6997941
       6562.7672       2.7068368
       6562.7846       2.7112140
       6562.8021       2.7127505
       6562.8195       2.7113703
       6562.8369       2.7070921
       6562.8543       2.7000005
       6562.8717       2.6902067
       6562.8891       2.6778144
       6562.9065       2.6629060
       6562.9239       2.6455545
       6562.9413       2.6258571
       6562.9587       2.6039759
       6562.9762       2.5801707
       6562.9936       2.5548081
       6563.0110       2.5283374
       6563.0284       2.5012373
       6563.0458       2.4739438
       6563.0632       2.4467833
       6563.0806       2.4199346
       6563.0980       2.3934364
       6563.1154       2.3672420
       6563.1329       2.3413024
       6563.1503       2.3156434
       6563.1677       2.2904037
       6563.1851       2.2658159
       6563.2025       2.2421378
       6563.2199       2.2195676
       6563.2373       2.1981801
       6563.2547       2.1779122
       6563.2721       2.1585989
       6563.2895       2.1400423
       6563.3070       2.1220846
       6563.3244       2.1046616
       6563.3418       2.0878219
       6563.3592       2.0717120
       6563.3766       2.0565181
       6563.3940       2.0423992
       6563.4114       2.0294151
       6563.4288       2.0174828
       6563.4462       2.0063804
       6563.4636       1.9958021
       6563.4811       1.9854461
       6563.4985       1.9750977
       6563.5159       1.9646760
       6563.5333       1.9542269
       6563.5507       1.9438736
       6563.5681       1.9337515
       6563.5855       1.9239524
       6563.6029       1.9144942
       6563.6203       1.9053160
       6563.6377       1.8962900
       6563.6552       1.8872487
       6563.6726       1.8780207
       6563.6900       1.8684740
       6563.7074       1.8585529
       6563.7248       1.8482927
       6563.7422       1.8377995
       6563.7596       1.8271981
       6563.7770       1.8165708
       6563.7944       1.8059175
       6563.8118       1.7951578
       6563.8293       1.7841751
       6563.8467       1.7728743
       6563.8641       1.7612205
       6563.8815       1.7492354
       6563.8989       1.7369540
       6563.9163       1.7243712
       6563.9337       1.7114101
       6563.9511       1.6979334
       6563.9685       1.6837922
       6563.9860       1.6688827
       6564.0034       1.6531783
       6564.0208       1.6367395
       6564.0382       1.6196709
       6564.0556       1.6020838
       6564.0730       1.5840798
       6564.0904       1.5657601
       6564.1078       1.5472511
       6564.1252       1.5287253
       6564.1426       1.5103984
       6564.1601       1.4924980
       6564.1775       1.4752164
       6564.1949       1.4586644
       6564.2123       1.4428486
       6564.2297       1.4276799
       6564.2471       1.4130106
       6564.2645       1.3986882
       6564.2819       1.3846057
       6564.2993       1.3707337
       6564.3167       1.3571277
       6564.3342       1.3439127
       6564.3516       1.3312562
       6564.3690       1.3193391
       6564.3864       1.3083327
       6564.4038       1.2983807
       6564.4212       1.2895825
       6564.4386       1.2819768
       6564.4560       1.2755256
       6564.4734       1.2701049
       6564.4908       1.2655081
       6564.5083       1.2614650
       6564.5257       1.2576726
       6564.5431       1.2538348
       6564.5605       1.2497026
       6564.5779       1.2451104
       6564.5953       1.2400021
       6564.6127       1.2344426
       6564.6301       1.2286081
       6564.6475       1.2227561
       6564.6649       1.2171796
       6564.6824       1.2121454
       6564.6998       1.2078491
       6564.7172       1.2043857
       6564.7346       1.2017457
       6564.7520       1.1998359
       6564.7694       1.1985156
       6564.7868       1.1976362
       6564.8042       1.1970698
       6564.8216       1.1967204
       6564.8391       1.1965190
       6564.8565       1.1964121
       6564.8739       1.1963541
       6564.8913       1.1963074
       6564.9087       1.1962494
       6564.9261       1.1961786
       6564.9435       1.1961124
       6564.9609       1.1960762
       6564.9783       1.1960883
       6564.9957       1.1961476
       6565.0132       1.1962305
       6565.0306       1.1962989
       6565.0480       1.1963102
       6565.0654       1.1962248
       6565.0828       1.1960018
       6565.1002       1.1955879
       6565.1176       1.1949072
       6565.1350       1.1938652
       6565.1524       1.1923729
       6565.1698       1.1903845
       6565.1873       1.1879342
       6565.2047       1.1851514
       6565.2221       1.1822411
       6565.2395       1.1794338
       6565.2569       1.1769197
       6565.2743       1.1747975
       6565.2917       1.1730582
       6565.3091       1.1716099
       6565.3265       1.1703257
       6565.3439       1.1691026
       6565.3614       1.1678914
       6565.3788       1.1667002
       6565.3962       1.1655788
       6565.4136       1.1645961
       6565.4310       1.1638206
       6565.4484       1.1633081
       6565.4658       1.1630917
       6565.4832       1.1631761
       6565.5006       1.1635353
       6565.5181       1.1641172
       6565.5355       1.1648552
       6565.5529       1.1656792
       6565.5703       1.1665228
       6565.5877       1.1673230
       6565.6051       1.1680178
       6565.6225       1.1685491
       6565.6399       1.1688717
       6565.6573       1.1689674
       6565.6747       1.1688525
       6565.6922       1.1685708
       6565.7096       1.1681725
       6565.7270       1.1676872
       6565.7444       1.1671061
       6565.7618       1.1663856
       6565.7792       1.1654744
       6565.7966       1.1643523
       6565.8140       1.1630633
       6565.8314       1.1617260
       6565.8488       1.1605153
       6565.8663       1.1596209
       6565.8837       1.1591984
       6565.9011       1.1593306
       6565.9185       1.1600061
       6565.9359       1.1611190
       6565.9533       1.1624833
       6565.9707       1.1638548
       6565.9881       1.1649704
       6566.0055       1.1655895
       6566.0229       1.1655400
       6566.0404       1.1647583
       6566.0578       1.1633096
       6566.0752       1.1613758
       6566.0926       1.1592113
       6566.1100       1.1570800
       6566.1274       1.1551927
       6566.1448       1.1536677
       6566.1622       1.1525234
       6566.1796       1.1516998
       6566.1970       1.1510974
       6566.2145       1.1506173
       6566.2319       1.1501917
       6566.2493       1.1497993
       6566.2667       1.1494642
       6566.2841       1.1492419
       6566.3015       1.1491965
       6566.3189       1.1493744
       6566.3363       1.1497818
       6566.3537       1.1503722
       6566.3712       1.1510490
       6566.3886       1.1516829
       6566.4060       1.1521407
       6566.4234       1.1523164
       6566.4408       1.1521534
       6566.4582       1.1516516
       6566.4756       1.1508555
       6566.4930       1.1498333
       6566.5104       1.1486537
       6566.5278       1.1473722
       6566.5453       1.1460282
       6566.5627       1.1446496
       6566.5801       1.1432577
       6566.5975       1.1418669
       6566.6149       1.1404820
       6566.6323       1.1390984
       6566.6497       1.1377123
       6566.6671       1.1363395
       6566.6845       1.1350324
       6566.7019       1.1338835
       6566.7194       1.1330066
       6566.7368       1.1324999
       6566.7542       1.1324055
       6566.7716       1.1326848
       6566.7890       1.1332228
       6566.8064       1.1338574
       6566.8238       1.1344235
       6566.8412       1.1347915
       6566.8586       1.1348897
       6566.8760       1.1347076
       6566.8935       1.1342863
       6566.9109       1.1337038
       6566.9283       1.1330613
       6566.9457       1.1324706
       6566.9631       1.1320433
       6566.9805       1.1318789
       6566.9979       1.1320502
       6567.0153       1.1325885
       6567.0327       1.1334687
       6567.0501       1.1346024
       6567.0676       1.1358436
       6567.0850       1.1370106
       6567.1024       1.1379199
       6567.1198       1.1384220
       6567.1372       1.1384291
       6567.1546       1.1379261
       6567.1720       1.1369656
       6567.1894       1.1356537
       6567.2068       1.1341315
       6567.2243       1.1325598
       6567.2417       1.1311035
       6567.2591       1.1299194
       6567.2765       1.1291352
       6567.2939       1.1288279
       6567.3113       1.1290058
       6567.3287       1.1295955
       6567.3461       1.1304462
       6567.3635       1.1313564
       6567.3809       1.1321200
       6567.3984       1.1325788
       6567.4158       1.1326623
       6567.4332       1.1323991
       6567.4506       1.1318963
       6567.4680       1.1312966
       6567.4854       1.1307316
       6567.5028       1.1302872
       6567.5202       1.1299915
       6567.5376       1.1298196
       6567.5550       1.1297114
       6567.5725       1.1295902
       6567.5899       1.1293802
       6567.6073       1.1290212
       6567.6247       1.1284804
       6567.6421       1.1277601
       6567.6595       1.1268985
       6567.6769       1.1259605
       6567.6943       1.1250196
       6567.7117       1.1241371
       6567.7291       1.1233477
       6567.7466       1.1226608
       6567.7640       1.1220781
       6567.7814       1.1216176
       6567.7988       1.1213315
       6567.8162       1.1213015
       6567.8336       1.1216119
       6567.8510       1.1223077
       6567.8684       1.1233602
       6567.8858       1.1246563
       6567.9032       1.1260176
       6567.9207       1.1272389
       6567.9381       1.1281392
       6567.9555       1.1285940
       6567.9729       1.1285497
       6567.9903       1.1280227
       6568.0077       1.1270873
       6568.0251       1.1258586
       6568.0425       1.1244735
       6568.0599       1.1230703
       6568.0774       1.1217699
       6568.0948       1.1206612
       6568.1122       1.1197951
       6568.1296       1.1191858
       6568.1470       1.1188165
       6568.1644       1.1186476
       6568.1818       1.1186241
       6568.1992       1.1186822
       6568.2166       1.1187586
       6568.2340       1.1188000
       6568.2515       1.1187760
       6568.2689       1.1186886
       6568.2863       1.1185779
       6568.3037       1.1185211
       6568.3211       1.1186229
       6568.3385       1.1190016
       6568.3559       1.1197735
       6568.3733       1.1210387
       6568.3907       1.1228703
       6568.4081       1.1253043
       6568.4256       1.1283315
       6568.4430       1.1318954
       6568.4604       1.1358998
       6568.4778       1.1402303
       6568.4952       1.1447815
       6568.5126       1.1494801
       6568.5300       1.1542911
       6568.5474       1.1592046
       6568.5648       1.1642099
       6568.5822       1.1692745
       6568.5997       1.1743314
       6568.6171       1.1792864
       6568.6345       1.1840361
       6568.6519       1.1884848
       6568.6693       1.1925550
       6568.6867       1.1961877
       6568.7041       1.1993383
       6568.7215       1.2019709
       6568.7389       1.2040548
       6568.7563       1.2055627
       6568.7738       1.2064689
       6568.7912       1.2067445
       6568.8086       1.2063523
       6568.8260       1.2052440
       6568.8434       1.2033648
       6568.8608       1.2006643
       6568.8782       1.1971094
       6568.8956       1.1926916
       6568.9130       1.1874221
       6568.9305       1.1813187
       6568.9479       1.1743944
       6568.9653       1.1666615
       6568.9827       1.1581569
       6569.0001       1.1489787
       6569.0175       1.1393138
       6569.0349       1.1294355
       6569.0523       1.1196634
       6569.0697       1.1102964
       6569.0871       1.1015461
       6569.1046       1.0934969
       6569.1220       1.0861106
       6569.1394       1.0792715
       6569.1568       1.0728570
       6569.1742       1.0668046
       6569.1916       1.0611538
       6569.2090       1.0560464
       6569.2264       1.0516885
       6569.2438       1.0482774
       6569.2612       1.0459422
       6569.2787       1.0447050
       6569.2961       1.0444809
       6569.3135       1.0451136
       6569.3309       1.0464291
       6569.3483       1.0482865
       6569.3657       1.0506077
       6569.3831       1.0533767
       6569.4005       1.0566131
       6569.4179       1.0603313
       6569.4353       1.0645002
       6569.4528       1.0690194
       6569.4702       1.0737190
       6569.4876       1.0783851
       6569.5050       1.0828011
       6569.5224       1.0867913
       6569.5398       1.0902500
       6569.5572       1.0931485
       6569.5746       1.0955192
       6569.5920       1.0974287
       6569.6094       1.0989521
       6569.6269       1.1001566
       6569.6443       1.1010964
       6569.6617       1.1018137
       6569.6791       1.1023413
       6569.6965       1.1027042
       6569.7139       1.1029214
       6569.7313       1.1030069
       6569.7487       1.1029732
       6569.7661       1.1028335
       6569.7836       1.1026039
       6569.8010       1.1023046
       6569.8184       1.1019611
       6569.8358       1.1016027
       6569.8532       1.1012599
       6569.8706       1.1009596
       6569.8880       1.1007227
       6569.9054       1.1005657
       6569.9228       1.1005085
       6569.9402       1.1005819
       6569.9577       1.1008282
       6569.9751       1.1012908
       6569.9925       1.1019929
       6570.0099       1.1029141
       6570.0273       1.1039751
       6570.0447       1.1050400
       6570.0621       1.1059384
       6570.0795       1.1065032
       6570.0969       1.1066117
       6570.1143       1.1062181
       6570.1318       1.1053633
       6570.1492       1.1041613
       6570.1666       1.1027650
       6570.1840       1.1013271
       6570.2014       1.0999685
       6570.2188       1.0987669
       6570.2362       1.0977632
       6570.2536       1.0969800
       6570.2710       1.0964367
       6570.2884       1.0961516
       6570.3059       1.0961302
       6570.3233       1.0963455
       6570.3407       1.0967278
       6570.3581       1.0971728
       6570.3755       1.0975694
       6570.3929       1.0978363
       6570.4103       1.0979497
       6570.4277       1.0979464
       6570.4451       1.0979034
       6570.4625       1.0978990
       6570.4800       1.0979748
       6570.4974       1.0981095
       6570.5148       1.0982145
       6570.5322       1.0981531
       6570.5496       1.0977822
       6570.5670       1.0969979
       6570.5844       1.0957753
       6570.6018       1.0941862
       6570.6192       1.0923891
       6570.6367       1.0905917
       6570.6541       1.0890033
       6570.6715       1.0877915
       6570.6889       1.0870562
       6570.7063       1.0868228
       6570.7237       1.0870489
       6570.7411       1.0876372
       6570.7585       1.0884515
       6570.7759       1.0893362
       6570.7933       1.0901411
       6570.8108       1.0907477
       6570.8282       1.0910883
       6570.8456       1.0911533
       6570.8630       1.0909803
       6570.8804       1.0906349
       6570.8978       1.0901886
       6570.9152       1.0897060
       6570.9326       1.0892415
       6570.9500       1.0888403
       6570.9674       1.0885383
       6570.9849       1.0883540
       6571.0023       1.0882763
       6571.0197       1.0882561
       6571.0371       1.0882093
       6571.0545       1.0880377
       6571.0719       1.0876630
       6571.0893       1.0870609
       6571.1067       1.0862818
       6571.1241       1.0854454
       6571.1415       1.0847090
       6571.1590       1.0842189
       6571.1764       1.0840662
       6571.1938       1.0842515
       6571.2112       1.0846935
       6571.2286       1.0852566
       6571.2460       1.0857920
       6571.2634       1.0861772
       6571.2808       1.0863402
       6571.2982       1.0862656
       6571.3156       1.0859865
       6571.3331       1.0855672
       6571.3505       1.0850795
       6571.3679       1.0845773
       6571.3853       1.0840727
       6571.4027       1.0835232
       6571.4201       1.0828384
       6571.4375       1.0819095
       6571.4549       1.0806510
       6571.4723       1.0790363
       6571.4898       1.0771105
       6571.5072       1.0749727
       6571.5246       1.0727395
       6571.5420       1.0705085
       6571.5594       1.0683445
       6571.5768       1.0662930
       6571.5942       1.0644149
       6571.6116       1.0628190
       6571.6290       1.0616720
       6571.6464       1.0611727
       6571.6639       1.0614951
       6571.6813       1.0627201
       6571.6987       1.0647828
       6571.7161       1.0674572
       6571.7335       1.0703890
       6571.7509       1.0731676
       6571.7683       1.0754162
       6571.7857       1.0768730
       6571.8031       1.0774404
       6571.8205       1.0771888
       6571.8380       1.0763295
       6571.8554       1.0751526
       6571.8728       1.0739587
       6571.8902       1.0730094
       6571.9076       1.0724944
       6571.9250       1.0725153
       6571.9424       1.0730847
       6571.9598       1.0741385
       6571.9772       1.0755595
       6571.9946       1.0772105
       6572.0121       1.0789675
       6572.0295       1.0807422
       6572.0469       1.0824855
       6572.0643       1.0841712
       6572.0817       1.0857731
       6572.0991       1.0872502
       6572.1165       1.0885504
       6572.1339       1.0896315
       6572.1513       1.0904845
       6572.1688       1.0911458
       6572.1862       1.0916899
       6572.2036       1.0922068
       6572.2210       1.0927757
       6572.2384       1.0934461
       6572.2558       1.0942317
       6572.2732       1.0951144
       6572.2906       1.0960536
       6572.3080       1.0969945
       6572.3254       1.0978746
       6572.3429       1.0986269
       6572.3603       1.0991834
       6572.3777       1.0994805
       6572.3951       1.0994653
       6572.4125       1.0991045
       6572.4299       1.0983912
       6572.4473       1.0973477
       6572.4647       1.0960208
       6572.4821       1.0944677
       6572.4995       1.0927389
       6572.5170       1.0908573
       6572.5344       1.0888091
       6572.5518       1.0865467
       6572.5692       1.0840069
       6572.5866       1.0811391
       6572.6040       1.0779355
       6572.6214       1.0744532
       6572.6388       1.0708183
       6572.6562       1.0672090
       6572.6736       1.0638190
       6572.6911       1.0608136
       6572.7085       1.0582925
       6572.7259       1.0562762
       6572.7433       1.0547198
       6572.7607       1.0535504
       6572.7781       1.0527088
       6572.7955       1.0521771
       6572.8129       1.0519766
       6572.8303       1.0521377
       6572.8477       1.0526563
       6572.8652       1.0534613
       6572.8826       1.0544163
       6572.9000       1.0553593
       6572.9174       1.0561665
       6572.9348       1.0568071
       6572.9522       1.0573601
       6572.9696       1.0579796
       6572.9870       1.0588236
       6573.0044       1.0599802
       6573.0219       1.0614234
       6573.0393       1.0630196
       6573.0567       1.0645760
       6573.0741       1.0659066
       6573.0915       1.0668849
       6573.1089       1.0674631
       6573.1263       1.0676556
       6573.1437       1.0675090
       6573.1611       1.0670698
       6573.1785       1.0663755
       6573.1960       1.0654679
       6573.2134       1.0644153
       6573.2308       1.0633241
       6573.2482       1.0623311
       6573.2656       1.0615753
       6573.2830       1.0611624
       6573.3004       1.0611392
       6573.3178       1.0614879
       6573.3352       1.0621423
       6573.3526       1.0630151
       6573.3701       1.0640220
       6573.3875       1.0650917
       6573.4049       1.0661622
       6573.4223       1.0671707
       6573.4397       1.0680507
       6573.4571       1.0687426
       6573.4745       1.0692130
       6573.4919       1.0694739
       6573.5093       1.0695868
       6573.5267       1.0696496
       6573.5442       1.0697682
       6573.5616       1.0700262
       6573.5790       1.0704640
       6573.5964       1.0710740
       6573.6138       1.0718110
       6573.6312       1.0726113
       6573.6486       1.0734103
       6573.6660       1.0741545
       6573.6834       1.0748038
       6573.7008       1.0753301
       6573.7183       1.0757180
       6573.7357       1.0759692
       6573.7531       1.0761099
       6573.7705       1.0761932
       6573.7879       1.0762890
       6573.8053       1.0764578
       6573.8227       1.0767212
       6573.8401       1.0770384
       6573.8575       1.0773032
       6573.8750       1.0773668
       6573.8924       1.0770812
       6573.9098       1.0763491
       6573.9272       1.0751604
       6573.9446       1.0736009
       6573.9620       1.0718277
       6573.9794       1.0700219
       6573.9968       1.0683373
       6574.0142       1.0668638
       6574.0316       1.0656184
       6574.0491       1.0645598
       6574.0665       1.0636180
       6574.0839       1.0627220
       6574.1013       1.0618188
       6574.1187       1.0608806
       6574.1361       1.0599020
       6574.1535       1.0588934
       6574.1709       1.0578733
       6574.1883       1.0568590
       6574.2057       1.0558583
       6574.2232       1.0548613
       6574.2406       1.0538365
       6574.2580       1.0527369
       6574.2754       1.0515182
       6574.2928       1.0501705
       6574.3102       1.0487541
       6574.3276       1.0474267
       6574.3450       1.0464440
       6574.3624       1.0461269
       6574.3798       1.0467951
       6574.3973       1.0486882
       6574.4147       1.0518979
       6574.4321       1.0563416
       6574.4495       1.0617616
       6574.4669       1.0677971
       6574.4843       1.0740625
       6574.5017       1.0802164
       6574.5191       1.0860039
       6574.5365       1.0912653
       6574.5539       1.0959135
       6574.5714       1.0998961
       6574.5888       1.1031601
       6574.6062       1.1056314
       6574.6236       1.1072178
       6574.6410       1.1078290
       6574.6584       1.1074052
       6574.6758       1.1059423
       6574.6932       1.1035051
       6574.7106       1.1002256
       6574.7281       1.0962875
       6574.7455       1.0919029
       6574.7629       1.0872835
       6574.7803       1.0826134
       6574.7977       1.0780245
       6574.8151       1.0735805
       6574.8325       1.0692753
       6574.8499       1.0650492
       6574.8673       1.0608224
       6574.8847       1.0565379
       6574.9022       1.0521995
       6574.9196       1.0478916
       6574.9370       1.0437736
       6574.9544       1.0400483
       6574.9718       1.0369151
       6574.9892       1.0345212
       6575.0066       1.0329230
       6575.0240       1.0320681
       6575.0414       1.0318031
       6575.0588       1.0319060
       6575.0763       1.0321383
       6575.0937       1.0323023
       6575.1111       1.0322935
       6575.1285       1.0321233
       6575.1459       1.0319096
       6575.1633       1.0318365
       6575.1807       1.0320954
       6575.1981       1.0328250
       6575.2155       1.0340693
       6575.2329       1.0357691
       6575.2504       1.0377891
       6575.2678       1.0399690
       6575.2852       1.0421776
       6575.3026       1.0443452
       6575.3200       1.0464604
       6575.3374       1.0485374
       6575.3548       1.0505734
       6575.3722       1.0525218
       6575.3896       1.0542939
       6575.4070       1.0557880
       6575.4245       1.0569244
       6575.4419       1.0576694
       6575.4593       1.0580386
       6575.4767       1.0580828
       6575.4941       1.0578709
       6575.5115       1.0574797
       6575.5289       1.0569906
       6575.5463       1.0564887
       6575.5637       1.0560553
       6575.5812       1.0557546
       6575.5986       1.0556167
       6575.6160       1.0556285
       6575.6334       1.0557381
       6575.6508       1.0558758
       6575.6682       1.0559836
       6575.6856       1.0560430
       6575.7030       1.0560864
       6575.7204       1.0561849
       6575.7378       1.0564149
       6575.7553       1.0568122
       6575.7727       1.0573406
       6575.7901       1.0578876
       6575.8075       1.0582916
       6575.8249       1.0583914
       6575.8423       1.0580814
       6575.8597       1.0573504
       6575.8771       1.0562937
       6575.8945       1.0550917
       6575.9119       1.0539642
       6575.9294       1.0531109
       6575.9468       1.0526555
       6575.9642       1.0526096
       6575.9816       1.0528678
       6575.9990       1.0532390
       6576.0164       1.0535046
       6576.0338       1.0534860
       6576.0512       1.0530962
       6576.0686       1.0523581
       6576.0860       1.0513822
       6576.1035       1.0503188
       6576.1209       1.0493053
       6576.1383       1.0484350
       6576.1557       1.0477544
       6576.1731       1.0472844
       6576.1905       1.0470441
       6576.2079       1.0470606
       6576.2253       1.0473554
       6576.2427       1.0479189
       6576.2601       1.0486895
       6576.2776       1.0495533
       6576.2950       1.0503677
       6576.3124       1.0510005
       6576.3298       1.0513676
       6576.3472       1.0514562
       6576.3646       1.0513255
       6576.3820       1.0510865
       6576.3994       1.0508678
       6576.4168       1.0507729
       6576.4343       1.0508473
       6576.4517       1.0510639
       6576.4691       1.0513315
       6576.4865       1.0515258
       6576.5039       1.0515352
       6576.5213       1.0513031
       6576.5387       1.0508522
       6576.5561       1.0502783
       6576.5735       1.0497161
       6576.5909       1.0492901
       6576.6084       1.0490690
       6576.6258       1.0490423
       6576.6432       1.0491254
       6576.6606       1.0491871
       6576.6780       1.0490895
       6576.6954       1.0487255
       6576.7128       1.0480449
       6576.7302       1.0470668
       6576.7476       1.0458732
       6576.7650       1.0445906
       6576.7825       1.0433604
       6576.7999       1.0423098
       6576.8173       1.0415316
       6576.8347       1.0410782
       6576.8521       1.0409691
       6576.8695       1.0412044
       6576.8869       1.0417721
       6576.9043       1.0426438
       6576.9217       1.0437614
       6576.9391       1.0450236
       6576.9566       1.0462866
       6576.9740       1.0473836
       6576.9914       1.0481638
       6577.0088       1.0485346
       6577.0262       1.0484909
       6577.0436       1.0481143
       6577.0610       1.0475482
       6577.0784       1.0469381
       6577.0958       1.0463862
       6577.1132       1.0459278
       6577.1307       1.0455427
       6577.1481       1.0451889
       6577.1655       1.0448389
       6577.1829       1.0444918
       6577.2003       1.0441589
       6577.2177       1.0438335
       6577.2351       1.0434698
       6577.2525       1.0429902
       6577.2699       1.0423191
       6577.2874       1.0414252
       6577.3048       1.0403481
       6577.3222       1.0391931
       6577.3396       1.0380973
       6577.3570       1.0371826
       6577.3744       1.0365169
       6577.3918       1.0360983
       6577.4092       1.0358648
       6577.4266       1.0357248
       6577.4440       1.0355956
       6577.4615       1.0354384
       6577.4789       1.0352770
       6577.4963       1.0351946
       6577.5137       1.0353070
       6577.5311       1.0357189
       6577.5485       1.0364805
       6577.5659       1.0375591
       6577.5833       1.0388395
       6577.6007       1.0401531
       6577.6181       1.0413266
       6577.6356       1.0422308
       6577.6530       1.0428134
       6577.6704       1.0431059
       6577.6878       1.0432070
       6577.7052       1.0432503
       6577.7226       1.0433647
       6577.7400       1.0436401
       6577.7574       1.0441044
       6577.7748       1.0447149
       6577.7922       1.0453664
       6577.8097       1.0459192
       6577.8271       1.0462401
       6577.8445       1.0462431
       6577.8619       1.0459138
       6577.8793       1.0453085
       6577.8967       1.0445282
       6577.9141       1.0436793
       6577.9315       1.0428391
       6577.9489       1.0420382
       6577.9663       1.0412668
       6577.9838       1.0404994
       6578.0012       1.0397294
       6578.0186       1.0389984
       6578.0360       1.0384075
       6578.0534       1.0381026
       6578.0708       1.0382333
       6578.0882       1.0388983
       6578.1056       1.0400958
       6578.1230       1.0417034
       6578.1405       1.0434979
       6578.1579       1.0452147
       6578.1753       1.0466212
       6578.1927       1.0475771
       6578.2101       1.0480559
       6578.2275       1.0481222
       6578.2449       1.0478800
       6578.2623       1.0474189
       6578.2797       1.0467837
       6578.2971       1.0459773
       6578.3146       1.0449899
       6578.3320       1.0438339
       6578.3494       1.0425665
       6578.3668       1.0412883
       6578.3842       1.0401167
       6578.4016       1.0391551
       6578.4190       1.0384666
       6578.4364       1.0380636
       6578.4538       1.0379144
       6578.4712       1.0379586
       6578.4887       1.0381253
       6578.5061       1.0383441
       6578.5235       1.0385507
       6578.5409       1.0386888
       6578.5583       1.0387140
       6578.5757       1.0386019
       6578.5931       1.0383565
       6578.6105       1.0380159
       6578.6279       1.0376472
       6578.6453       1.0373334
       6578.6628       1.0371534
       6578.6802       1.0371633
       6578.6976       1.0373861
       6578.7150       1.0378102
       6578.7324       1.0383977
       6578.7498       1.0390959
       6578.7672       1.0398488
       6578.7846       1.0406039
       6578.8020       1.0413162
       6578.8195       1.0419511
       6578.8369       1.0424863
       6578.8543       1.0429138
       6578.8717       1.0432383
       6578.8891       1.0434709
       6578.9065       1.0436184
       6578.9239       1.0436739
       6578.9413       1.0436113
       6578.9587       1.0433903
       6578.9761       1.0429703
       6578.9936       1.0423278
       6579.0110       1.0414769
       6579.0284       1.0404772
       6579.0458       1.0394292
       6579.0632       1.0384579
       6579.0806       1.0376854
       6579.0980       1.0372026
       6579.1154       1.0370484
       6579.1328       1.0372060
       6579.1502       1.0376164
       6579.1677       1.0382052
       6579.1851       1.0389083
       6579.2025       1.0396857
       6579.2199       1.0405178
       6579.2373       1.0413887
       6579.2547       1.0422706
       6579.2721       1.0431180
       6579.2895       1.0438769
       6579.3069       1.0444998
       6579.3243       1.0449571
       6579.3418       1.0452385
       6579.3592       1.0453445
       6579.3766       1.0452789
       6579.3940       1.0450497
       6579.4114       1.0446786
       6579.4288       1.0442120
       6579.4462       1.0437205
       6579.4636       1.0432838
       6579.4810       1.0429666
       6579.4984       1.0427970
       6579.5159       1.0427625
       6579.5333       1.0428248
       6579.5507       1.0429469
       6579.5681       1.0431177
       6579.5855       1.0433633
       6579.6029       1.0437399
       6579.6203       1.0443114
       6579.6377       1.0451189
       6579.6551       1.0461519
       6579.6726       1.0473256
       6579.6900       1.0484875
       6579.7074       1.0494386
       6579.7248       1.0499762
       6579.7422       1.0499469
       6579.7596       1.0492935
       6579.7770       1.0480841
       6579.7944       1.0465093
       6579.8118       1.0448468
       6579.8292       1.0433990
       6579.8467       1.0424204
       6579.8641       1.0420562
       6579.8815       1.0423094
       6579.8989       1.0430468
       6579.9163       1.0440387
       6579.9337       1.0450182
       6579.9511       1.0457401
       6579.9685       1.0460242
       6579.9859       1.0457766
       6580.0033       1.0449907
       6580.0208       1.0437340
       6580.0382       1.0421291
       6580.0556       1.0403310
       6580.0730       1.0385021
       6580.0904       1.0367865
       6580.1078       1.0352863
       6580.1252       1.0340455
       6580.1426       1.0330458
       6580.1600       1.0322162
       6580.1774       1.0314527
       6580.1949       1.0306456
       6580.2123       1.0297067
       6580.2297       1.0285932
       6580.2471       1.0273229
       6580.2645       1.0259741
       6580.2819       1.0246703
       6580.2993       1.0235530
       6580.3167       1.0227449
       6580.3341       1.0223205
       6580.3515       1.0222900
       6580.3690       1.0225979
       6580.3864       1.0231356
       6580.4038       1.0237683
       6580.4212       1.0243701
       6580.4386       1.0248627
       6580.4560       1.0252445
       6580.4734       1.0255996
       6580.4908       1.0260761
       6580.5082       1.0268412
       6580.5257       1.0280243
       6580.5431       1.0296718
       6580.5605       1.0317288
       6580.5779       1.0340537
       6580.5953       1.0364593
       6580.6127       1.0387653
       6580.6301       1.0408441
       6580.6475       1.0426469
       6580.6649       1.0442031
       6580.6823       1.0455956
       6580.6998       1.0469206
       6580.7172       1.0482457
       6580.7346       1.0495797
       6580.7520       1.0508622
       6580.7694       1.0519770
       6580.7868       1.0527828
       6580.8042       1.0531530
       6580.8216       1.0530102
       6580.8390       1.0523468
       6580.8564       1.0512257
       6580.8739       1.0497629
       6580.8913       1.0481019
       6580.9087       1.0463898
       6580.9261       1.0447635
       6580.9435       1.0433453
       6580.9609       1.0422380
       6580.9783       1.0415111
       6580.9957       1.0411889
       6581.0131       1.0412360
       6581.0305       1.0415561
       6581.0480       1.0420076
       6581.0654       1.0424327
       6581.0828       1.0426885
       6581.1002       1.0426725
       6581.1176       1.0423369
       6581.1350       1.0416915
       6581.1524       1.0407969
       6581.1698       1.0397481
       6581.1872       1.0386545
       6581.2046       1.0376186
       6581.2221       1.0367210
       6581.2395       1.0360151
       6581.2569       1.0355300
       6581.2743       1.0352734
       6581.2917       1.0352306
       6581.3091       1.0353568
       6581.3265       1.0355701
       6581.3439       1.0357537
       6581.3613       1.0357739
       6581.3788       1.0355128
       6581.3962       1.0349057
       6581.4136       1.0339686
       6581.4310       1.0328048
       6581.4484       1.0315842
       6581.4658       1.0305015
       6581.4832       1.0297275
       6581.5006       1.0293681
       6581.5180       1.0294462
       6581.5354       1.0299083
       6581.5529       1.0306519
       6581.5703       1.0315615
       6581.5877       1.0325397
       6581.6051       1.0335243
       6581.6225       1.0344891
       6581.6399       1.0354311
       6581.6573       1.0363498
       6581.6747       1.0372301
       6581.6921       1.0380332
       6581.7095       1.0387003
       6581.7270       1.0391672
       6581.7444       1.0393850
       6581.7618       1.0393387
       6581.7792       1.0390564
       6581.7966       1.0386039
       6581.8140       1.0380703
       6581.8314       1.0375482
       6581.8488       1.0371193
       6581.8662       1.0368468
       6581.8836       1.0367720
       6581.9011       1.0369094
       6581.9185       1.0372379
       6581.9359       1.0376920
       6581.9533       1.0381617
       6581.9707       1.0385090
       6581.9881       1.0385985
       6582.0055       1.0383344
       6582.0229       1.0376863
       6582.0403       1.0366980
       6582.0577       1.0354741
       6582.0752       1.0341530
       6582.0926       1.0328749
       6582.1100       1.0317548
       6582.1274       1.0308656
       6582.1448       1.0302357
       6582.1622       1.0298580
       6582.1796       1.0297049
       6582.1970       1.0297437
       6582.2144       1.0299441
       6582.2319       1.0302795
       6582.2493       1.0307227
       6582.2667       1.0312431
       6582.2841       1.0318088
       6582.3015       1.0323928
       6582.3189       1.0329767
       6582.3363       1.0335486
       6582.3537       1.0340943
       6582.3711       1.0345876
       6582.3885       1.0349864
       6582.4060       1.0352428
       6582.4234       1.0353224
       6582.4408       1.0352268
       6582.4582       1.0350037
       6582.4756       1.0347375
       6582.4930       1.0345239
       6582.5104       1.0344393
       6582.5278       1.0345214
       6582.5452       1.0347689
       6582.5626       1.0351547
       6582.5801       1.0356429
       6582.5975       1.0361965
       6582.6149       1.0367753
       6582.6323       1.0373319
       6582.6497       1.0378127
       6582.6671       1.0381678
       6582.6845       1.0383634
       6582.7019       1.0383880
       6582.7193       1.0382477
       6582.7367       1.0379546
       6582.7542       1.0375201
       6582.7716       1.0369575
       6582.7890       1.0362952
       6582.8064       1.0355878
       6582.8238       1.0349176
       6582.8412       1.0343812
       6582.8586       1.0340686
       6582.8760       1.0340474
       6582.8934       1.0343572
       6582.9108       1.0350162
       6582.9283       1.0360218
       6582.9457       1.0373547
       6582.9631       1.0389691
       6582.9805       1.0407823
       6582.9979       1.0426734
       6583.0153       1.0444958
       6583.0327       1.0461033
       6583.0501       1.0473797
       6583.0675       1.0482635
       6583.0850       1.0487559
       6583.1024       1.0489120
       6583.1198       1.0488206
       6583.1372       1.0485818
       6583.1546       1.0482920
       6583.1720       1.0480376
       6583.1894       1.0478940
       6583.2068       1.0479232
       6583.2242       1.0481672
       6583.2416       1.0486404
       6583.2591       1.0493246
       6583.2765       1.0501707
       6583.2939       1.0511023
       6583.3113       1.0520181
       6583.3287       1.0527940
       6583.3461       1.0532881
       6583.3635       1.0533592
       6583.3809       1.0528973
       6583.3983       1.0518587
       6583.4157       1.0502894
       6583.4332       1.0483237
       6583.4506       1.0461535
       6583.4680       1.0439785
       6583.4854       1.0419545
       6583.5028       1.0401569
       6583.5202       1.0385730
       6583.5376       1.0371209
       6583.5550       1.0356872
       6583.5724       1.0341691
       6583.5898       1.0325070
       6583.6073       1.0306940
       6583.6247       1.0287701
       6583.6421       1.0268064
       6583.6595       1.0248896
       6583.6769       1.0231106
       6583.6943       1.0215560
       6583.7117       1.0202987
       6583.7291       1.0193820
       6583.7465       1.0188027
       6583.7639       1.0185006
       6583.7814       1.0183653
       6583.7988       1.0182655
       6583.8162       1.0180935
       6583.8336       1.0178092
       6583.8510       1.0174639
       6583.8684       1.0171916
       6583.8858       1.0171695
       6583.9032       1.0175625
       6583.9206       1.0184697
       6583.9381       1.0198928
       6583.9555       1.0217315
       6583.9729       1.0238079
       6583.9903       1.0259093
       6584.0077       1.0278417
       6584.0251       1.0294786
       6584.0425       1.0307920
       6584.0599       1.0318543
       6584.0773       1.0328056
       6584.0947       1.0337926
       6584.1122       1.0348985
       6584.1296       1.0360928
       6584.1470       1.0372229
       6584.1644       1.0380599
       6584.1818       1.0383835
       6584.1992       1.0380723
       6584.2166       1.0371589
       6584.2340       1.0358373
       6584.2514       1.0343886
       6584.2688       1.0330945
       6584.2863       1.0321551
       6584.3037       1.0316437
       6584.3211       1.0315079
       6584.3385       1.0316076
       6584.3559       1.0317694
       6584.3733       1.0318398
       6584.3907       1.0317210
       6584.4081       1.0313838
       6584.4255       1.0308563
       6584.4429       1.0301970
       6584.4604       1.0294627
       6584.4778       1.0286863
       6584.4952       1.0278730
       6584.5126       1.0270158
       6584.5300       1.0261220
       6584.5474       1.0252379
       6584.5648       1.0244573
       6584.5822       1.0239077
       6584.5996       1.0237157
       6584.6170       1.0239650
       6584.6345       1.0246637
       6584.6519       1.0257348
       6584.6693       1.0270336
       6584.6867       1.0283863
       6584.7041       1.0296338
       6584.7215       1.0306668
       6584.7389       1.0314419
       6584.7563       1.0319752
       6584.7737       1.0323221
       6584.7912       1.0325529
       6584.8086       1.0327333
       6584.8260       1.0329147
       6584.8434       1.0331319
       6584.8608       1.0334035
       6584.8782       1.0337288
       6584.8956       1.0340834
       6584.9130       1.0344172
       6584.9304       1.0346581
       6584.9478       1.0347276
       6584.9653       1.0345644
       6584.9827       1.0341509
       6585.0001       1.0335311
